Theta(deg),Phi(deg),rEPhi_Real,rEPhi_Imag,rETheta_Real,rETheta_Imag,rETotal,RealizedGain,RealizedGain_Total,RealizedGain_dB,RealizedGain_Theta,RealizedGain_Phi,Gain,Gain_Total,Gain_dB,Gain_Theta,Gain_Phi,Directivity,Directivity_Total,Directivity_dB,Directivity_Theta,Directivity_Phi
0.0,-180.0,-0.000415554748051786,0.00020913343157747,0.07519541912636855,0.001564379450435017,0.07521312892837266,0.009428135820321265,0.009428135820321265,-20.255741697209867,0.009427775124584212,3.6069573705478407e-07,1.1223971214668174,1.1223971214668174,0.501465442171315,1.1223541814981204,4.2939968696998114e-05,1.3279064535663752,1.3279064535663752,1.2316748155993777,1.327855651349889,5.08022164865893e-05
0.0,-175.0,-0.006967686041956141,7.199296278936234e-05,0.0748730598717562,0.001576653693889542,0.07521312892837265,0.009428135820321261,0.009428135820321261,-20.25574169720987,0.009347214673806892,8.092114651436591e-05,1.122397121466817,1.122397121466817,0.5014654421713132,1.1127636516436776,0.0096334698231388,1.3279064535663747,1.3279064535663747,1.2316748155993762,1.3165091089868861,0.011397344579488156
0.0,-170.0,-0.01346678903787736,-6.56954159160957e-05,0.07398087142193019,0.001576928650724032,0.07521312892837266,0.009428135820321265,0.009428135820321265,-20.255741697209867,0.009125878403101579,0.00030225741721968296,1.1223971214668174,1.1223971214668174,0.501465442171315,1.086414095607331,0.035983025859486074,1.3279064535663752,1.3279064535663752,1.2316748155993777,1.285334986352335,0.04257146721403986
0.0,-165.0,-0.01986340163775082,-0.0002028838128384678,0.07252564386971175,0.001565202228350971,0.07521312892837266,0.009428135820321265,0.009428135820321265,-20.255741697209867,0.008770491503052076,0.0006576443172691841,1.1223971214668174,1.1223971214668174,0.501465442171315,1.0441061313157234,0.07829099015109335,1.3279064535663752,1.3279064535663752,1.2316748155993777,1.2352804933876165,0.09262596017875832
0.0,-160.0,-0.02610884175731112,-0.0003385281414405398,0.07051845237546377,0.001541563671925219,0.07521312892837269,0.009428135820321272,0.009428135820321272,-20.255741697209864,0.00829185222478196,0.0011362835955393094,1.1223971214668182,1.1223971214668182,0.5014654421713184,0.9871252648549952,0.13527185661182256,1.3279064535663763,1.3279064535663763,1.2316748155993813,1.1678665105326702,0.16003994303370556
0.0,-155.0,-0.0321555778261486,-0.0004715960664773622,0.06797457287843273,0.001506192885134499,0.07521312892837265,0.009428135820321261,0.009428135820321261,-20.25574169720987,0.007704503780558279,0.001723632039762984,1.122397121466817,1.122397121466817,0.5014654421713132,0.9172028310188428,0.2051942904479743,1.3279064535663747,1.3279064535663747,1.2316748155993762,1.0851413775434195,0.24276507602295547
0.0,-150.0,-0.03795759053166033,-0.0006010748606907986,0.06491336583762752,0.001459359061023791,0.07521312892837263,0.009428135820321258,0.009428135820321258,-20.25574169720987,0.007026292455646135,0.002401843364675124,1.1223971214668165,1.1223971214668165,0.5014654421713115,0.8364633875769211,0.28593373388989574,1.327906453566374,1.327906453566374,1.231674815599374,0.9896186557248079,0.33828779784156676
0.0,-145.0,-0.04347072305380635,-0.0007259791122754635,0.06135812888703605,0.001401418633273598,0.07521312892837263,0.009428135820321258,0.009428135820321258,-20.25574169720987,0.00627782535796149,0.0031503104623597684,1.1223971214668165,1.1223971214668165,0.5014654421713115,0.7473601616620823,0.37503695980473434,1.327906453566374,1.327906453566374,1.231674815599374,0.8842007546424635,0.443705698923911
0.0,-140.0,-0.04865301712517269,-0.0008453582244575491,0.05733591952656303,0.001332812563524491,0.07521312892837263,0.009428135820321258,0.009428135820321258,-20.25574169720987,0.005481844281524864,0.003946291538796396,1.1223971214668165,1.1223971214668165,0.5014654421713115,0.652600509705341,0.46979661176147575,1.327906453566374,1.327906453566374,1.231674815599374,0.7720907438767414,0.5558157096896332
0.0,-135.0,-0.05346503235872149,-0.0009583036501102554,0.05287734919811811,0.001254062985392721,0.07521312892837263,0.009428135820321258,0.009428135820321258,-20.25574169720987,0.004662534708557927,0.0047656011117633325,1.1223971214668165,1.1223971214668165,0.5014654421713115,0.5550636557807056,0.567333465686111,1.327906453566374,1.327906453566374,1.231674815599374,0.6566950293743559,0.6712114241920186
0.0,-130.0,-0.05787014641295122,-0.001063955806346038,0.04801635031405914,0.001165769230718185,0.07521312892837263,0.009428135820321258,0.009428135820321258,-20.25574169720987,0.003844790945844633,0.005583344874476625,1.1223971214668165,1.1223971214668165,0.5014654421713115,0.45771320783864683,0.6646839136281698,1.327906453566374,1.327906453566374,1.231674815599374,0.5415198515274131,0.7863866020389614
0.0,-125.0,-0.06183483371002863,-0.001161510616461466,0.04278991801104515,0.001068603268287171,0.07521312892837265,0.009428135820321261,0.009428135820321261,-20.25574169720987,0.0030534597238167102,0.00637467609650455,1.122397121466817,1.122397121466817,0.5014654421713132,0.36350710997817975,0.758890011488637,1.3279064535663747,1.3279064535663747,1.2316748155993762,0.4300647498333394,0.8978417037330352
0.0,-120.0,-0.06532892058567932,-0.001250225629446336,0.03723782859470818,0.0009633045897441987,0.07521312892837266,0.009428135820321265,0.009428135820321265,-20.255741697209867,0.002312585241222558,0.007115550579098706,1.1223971214668174,1.1223971214668174,0.501465442171315,0.27530776681220925,0.8470893546546079,1.3279064535663752,1.3279064535663752,1.2316748155993777,0.3257162311581067,1.0021902224082684
0.0,-115.0,-0.06832581492899222,-0.001329425670484244,0.03140233681794983,0.0008506745816140721,0.07521312892837267,0.009428135820321268,0.009428135820321268,-20.255741697209867,0.0016446785943152243,0.00778345722600604,1.1223971214668178,1.1223971214668178,0.5014654421713167,0.19579507075181243,0.9266020507150049,1.3279064535663756,1.3279064535663756,1.231674815599379,0.231644872438764,1.0962615811276113
0.0,-110.0,-0.07080270856444043,-0.00139850797944059,0.02532785429675749,0.0007315704262664927,0.07521312892837267,0.009428135820321268,0.009428135820321268,-20.255741697209867,0.0010700337885839184,0.008358102031737346,1.1223971214668178,1.1223971214668178,0.5014654421713167,0.1273849748314189,0.9950121466353986,1.3279064535663756,1.3279064535663756,1.231674815599379,0.15070898430759413,1.1771974692587812
0.0,-105.0,-0.07274075083586895,-0.001456946798231191,0.01906061151099028,0.0006068985782407352,0.07521312892837269,0.009428135820321272,0.009428135820321272,-20.255741697209864,0.0006061111156664819,0.008822024704654785,1.1223971214668182,1.1223971214668182,0.5014654421713184,0.07215608519839072,1.050241036268427,1.3279064535663763,1.3279064535663763,1.2316748155993813,0.08536776276992702,1.2425386907964486
0.0,-100.0,-0.07412519207137025,-0.001504297372158732,0.0126483059625125,0.0004776078655791702,0.07521312892837266,0.009428135820321265,0.009428135820321265,-20.255741697209867,0.0002670066312233101,0.009161129189097951,1.1223971214668174,1.1223971214668174,0.501465442171315,0.03178650371706073,1.090610617749756,1.3279064535663752,1.3279064535663752,1.2316748155993777,0.037606567777931,1.2902998857884438
0.0,-95.0,-0.07494549583719373,-0.001540199334764557,0.006139739168404079,0.0003446822686730412,0.07521312892837263,0.009428135820321258,0.009428135820321258,-20.25574169720987,6.302385341906294e-05,0.009365111966902198,1.1223971214668165,1.1223971214668165,0.5014654421713115,0.007502839692745589,1.114894281774071,1.327906453566374,1.327906453566374,1.231674815599374,0.008876599073107456,1.319029854493267
0.0,-90.0,-0.07519541912636853,-0.001564379450435027,-0.0004155547480517873,0.0002091334315774662,0.07521312892837263,0.009428135820321258,0.009428135820321258,-20.25574169720987,3.606957370547832e-07,0.009427775124584205,1.1223971214668165,1.1223971214668165,0.5014654421713115,4.293996869699801e-05,1.1223541814981195,1.327906453566374,1.327906453566374,1.231674815599374,5.080221648658918e-05,1.3278556513498878
0.0,-85.0,-0.07487305987175619,-0.001576653693889559,-0.006967686041956146,7.199296278936733e-05,0.07521312892837263,0.009428135820321258,0.009428135820321258,-20.25574169720987,8.092114651436604e-05,0.00934721467380689,1.1223971214668165,1.1223971214668165,0.5014654421713115,0.009633469823138814,1.1127636516436776,1.327906453566374,1.327906453566374,1.231674815599374,0.011397344579488173,1.316509108986886
0.0,-80.0,-0.07398087142193017,-0.001576928650724059,-0.01346678903787738,-6.569541591609359e-05,0.07521312892837265,0.009428135820321261,0.009428135820321261,-20.25574169720987,0.0003022574172196839,0.009125878403101577,1.122397121466817,1.122397121466817,0.5014654421713132,0.03598302585948618,1.0864140956073307,1.3279064535663747,1.3279064535663747,1.2316748155993762,0.042571467214039975,1.2853349863523347
0.0,-75.0,-0.07252564386971176,-0.001565202228350991,-0.01986340163775081,-0.0002028838128384633,0.07521312892837266,0.009428135820321265,0.009428135820321265,-20.255741697209867,0.0006576443172691835,0.00877049150305208,1.1223971214668174,1.1223971214668174,0.501465442171315,0.07829099015109327,1.0441061313157238,1.3279064535663752,1.3279064535663752,1.2316748155993777,0.09262596017875822,1.2352804933876165
0.0,-70.0,-0.07051845237546371,-0.001541563671925224,-0.02610884175731112,-0.0003385281414405334,0.07521312892837263,0.009428135820321258,0.009428135820321258,-20.25574169720987,0.0011362835955393094,0.008291852224781945,1.1223971214668165,1.1223971214668165,0.5014654421713115,0.13527185661182256,0.9871252648549936,1.327906453566374,1.327906453566374,1.231674815599374,0.16003994303370556,1.1678665105326684
0.0,-65.0,-0.0679745728784327,-0.00150619288513452,-0.0321555778261486,-0.0004715960664773625,0.07521312892837262,0.009428135820321253,0.009428135820321253,-20.25574169720987,0.001723632039762984,0.007704503780558273,1.122397121466816,1.122397121466816,0.5014654421713098,0.2051942904479743,0.917202831018842,1.3279064535663736,1.3279064535663736,1.2316748155993726,0.24276507602295547,1.0851413775434187
0.0,-60.0,-0.06491336583762752,-0.001459359061023815,-0.03795759053166037,-0.0006010748606908119,0.07521312892837265,0.009428135820321261,0.009428135820321261,-20.25574169720987,0.002401843364675129,0.007026292455646135,1.122397121466817,1.122397121466817,0.5014654421713132,0.2859337338898963,0.8364633875769211,1.3279064535663747,1.3279064535663747,1.2316748155993762,0.33828779784156743,0.9896186557248079
0.0,-55.0,-0.06135812888703603,-0.001401418633273619,-0.04347072305380637,-0.0007259791122754774,0.07521312892837263,0.009428135820321258,0.009428135820321258,-20.25574169720987,0.0031503104623597715,0.0062778253579614885,1.1223971214668165,1.1223971214668165,0.5014654421713115,0.3750369598047347,0.747360161662082,1.327906453566374,1.327906453566374,1.231674815599374,0.44370569892391143,0.8842007546424631
0.0,-50.0,-0.05733591952656303,-0.001332812563524504,-0.04865301712517271,-0.0008453582244575436,0.07521312892837266,0.009428135820321265,0.009428135820321265,-20.255741697209867,0.003946291538796399,0.005481844281524864,1.1223971214668174,1.1223971214668174,0.501465442171315,0.46979661176147613,0.652600509705341,1.3279064535663752,1.3279064535663752,1.2316748155993777,0.5558157096896336,0.7720907438767414
0.0,-45.0,-0.05287734919811812,-0.001254062985392737,-0.05346503235872151,-0.000958303650110248,0.07521312892837266,0.009428135820321265,0.009428135820321265,-20.255741697209867,0.004765601111763336,0.004662534708557929,1.1223971214668174,1.1223971214668174,0.501465442171315,0.5673334656861114,0.5550636557807058,1.3279064535663752,1.3279064535663752,1.2316748155993777,0.6712114241920192,0.6566950293743561
0.0,-40.0,-0.04801635031405914,-0.001165769230718209,-0.05787014641295125,-0.00106395580634605,0.07521312892837265,0.009428135820321261,0.009428135820321261,-20.25574169720987,0.0055833448744766305,0.003844790945844633,1.122397121466817,1.122397121466817,0.5014654421713132,0.6646839136281704,0.4577132078386468,1.3279064535663747,1.3279064535663747,1.2316748155993762,0.786386602038962,0.541519851527413
0.0,-35.0,-0.04278991801104513,-0.001068603268287197,-0.06183483371002863,-0.001161510616461471,0.07521312892837263,0.009428135820321258,0.009428135820321258,-20.25574169720987,0.00637467609650455,0.0030534597238167085,1.1223971214668165,1.1223971214668165,0.5014654421713115,0.758890011488637,0.3635071099781796,1.327906453566374,1.327906453566374,1.231674815599374,0.8978417037330352,0.43006474983333925
0.0,-30.0,-0.03723782859470817,-0.0009633045897442276,-0.06532892058567931,-0.001250225629446311,0.07521312892837266,0.009428135820321265,0.009428135820321265,-20.255741697209867,0.007115550579098704,0.002312585241222557,1.1223971214668174,1.1223971214668174,0.501465442171315,0.8470893546546076,0.2753077668122092,1.3279064535663752,1.3279064535663752,1.2316748155993777,1.002190222408268,0.3257162311581066
0.0,-25.0,-0.03140233681794981,-0.0008506745816140922,-0.06832581492899217,-0.00132942567048422,0.07521312892837262,0.009428135820321253,0.009428135820321253,-20.25574169720987,0.0077834572260060296,0.001644678594315223,1.122397121466816,1.122397121466816,0.5014654421713098,0.9266020507150037,0.19579507075181224,1.3279064535663736,1.3279064535663736,1.2316748155993726,1.09626158112761,0.23164487243876378
0.0,-20.0,-0.02532785429675749,-0.0007315704262665112,-0.07080270856444043,-0.001398507979440584,0.07521312892837267,0.009428135820321268,0.009428135820321268,-20.255741697209867,0.008358102031737346,0.0010700337885839184,1.1223971214668178,1.1223971214668178,0.5014654421713167,0.9950121466353986,0.1273849748314189,1.3279064535663756,1.3279064535663756,1.231674815599379,1.1771974692587812,0.15070898430759413
0.0,-15.0,-0.01906061151099026,-0.0006068985782407316,-0.07274075083586895,-0.001456946798231189,0.07521312892837269,0.009428135820321272,0.009428135820321272,-20.255741697209864,0.008822024704654785,0.0006061111156664805,1.1223971214668182,1.1223971214668182,0.5014654421713184,1.050241036268427,0.07215608519839055,1.3279064535663763,1.3279064535663763,1.2316748155993813,1.2425386907964486,0.08536776276992683
0.0,-10.0,-0.0126483059625125,-0.0004776078655791856,-0.07412519207137025,-0.00150429737215871,0.07521312892837266,0.009428135820321265,0.009428135820321265,-20.255741697209867,0.009161129189097951,0.0002670066312233102,1.1223971214668174,1.1223971214668174,0.501465442171315,1.090610617749756,0.03178650371706074,1.3279064535663752,1.3279064535663752,1.2316748155993777,1.2902998857884438,0.037606567777931005
0.0,-5.0,-0.006139739168404081,-0.0003446822686730496,-0.07494549583719377,-0.001540199334764545,0.07521312892837267,0.009428135820321268,0.009428135820321268,-20.255741697209867,0.009365111966902208,6.302385341906301e-05,1.1223971214668178,1.1223971214668178,0.5014654421713167,1.1148942817740726,0.007502839692745598,1.3279064535663756,1.3279064535663756,1.231674815599379,1.3190298544932686,0.008876599073107467
0.0,0.0,0.0004155547480517747,-0.0002091334315774669,-0.07519541912636857,-0.001564379450435021,0.07521312892837267,0.009428135820321268,0.009428135820321268,-20.255741697209867,0.009427775124584216,3.606957370547663e-07,1.1223971214668178,1.1223971214668178,0.5014654421713167,1.122354181498121,4.2939968696995993e-05,1.3279064535663756,1.3279064535663756,1.231674815599379,1.3278556513498894,5.080221648658681e-05
0.0,5.0,0.006967686041956142,-7.199296278936478e-05,-0.07487305987175623,-0.001576653693889545,0.07521312892837267,0.009428135820321268,0.009428135820321268,-20.255741697209867,0.009347214673806899,8.092114651436595e-05,1.1223971214668178,1.1223971214668178,0.5014654421713167,1.1127636516436785,0.009633469823138806,1.3279064535663756,1.3279064535663756,1.231674815599379,1.3165091089868872,0.011397344579488163
0.0,10.0,0.01346678903787736,6.56954159161002e-05,-0.07398087142193019,-0.001576928650724033,0.07521312892837266,0.009428135820321265,0.009428135820321265,-20.255741697209867,0.009125878403101579,0.00030225741721968296,1.1223971214668174,1.1223971214668174,0.501465442171315,1.086414095607331,0.035983025859486074,1.3279064535663752,1.3279064535663752,1.2316748155993777,1.285334986352335,0.04257146721403986
0.0,15.0,0.0198634016377508,0.0002028838128384638,-0.07252564386971176,-0.001565202228350971,0.07521312892837266,0.009428135820321265,0.009428135820321265,-20.255741697209867,0.00877049150305208,0.0006576443172691828,1.1223971214668174,1.1223971214668174,0.501465442171315,1.0441061313157238,0.0782909901510932,1.3279064535663752,1.3279064535663752,1.2316748155993777,1.2352804933876165,0.09262596017875813
0.0,20.0,0.02610884175731111,0.0003385281414405379,-0.07051845237546375,-0.001541563671925216,0.07521312892837267,0.009428135820321268,0.009428135820321268,-20.255741697209867,0.008291852224781958,0.0011362835955393085,1.1223971214668178,1.1223971214668178,0.5014654421713167,0.987125264854995,0.13527185661182245,1.3279064535663756,1.3279064535663756,1.231674815599379,1.16786651053267,0.16003994303370542
0.0,25.0,0.03215557782614861,0.0004715960664773609,-0.06797457287843273,-0.001506192885134504,0.07521312892837266,0.009428135820321265,0.009428135820321265,-20.255741697209867,0.007704503780558279,0.0017236320397629856,1.1223971214668174,1.1223971214668174,0.501465442171315,0.9172028310188428,0.2051942904479745,1.3279064535663752,1.3279064535663752,1.2316748155993777,1.0851413775434195,0.24276507602295572
0.0,30.0,0.03795759053166033,0.0006010748606908006,-0.06491336583762752,-0.001459359061023792,0.07521312892837263,0.009428135820321258,0.009428135820321258,-20.25574169720987,0.007026292455646135,0.002401843364675124,1.1223971214668165,1.1223971214668165,0.5014654421713115,0.8364633875769211,0.28593373388989574,1.327906453566374,1.327906453566374,1.231674815599374,0.9896186557248079,0.33828779784156676
0.0,35.0,0.04347072305380636,0.0007259791122754667,-0.06135812888703604,-0.001401418633273603,0.07521312892837263,0.009428135820321258,0.009428135820321258,-20.25574169720987,0.006277825357961489,0.0031503104623597693,1.1223971214668165,1.1223971214668165,0.5014654421713115,0.7473601616620822,0.3750369598047345,1.327906453566374,1.327906453566374,1.231674815599374,0.8842007546424632,0.44370569892391115
0.0,40.0,0.04865301712517267,0.0008453582244575485,-0.05733591952656304,-0.001332812563524495,0.07521312892837263,0.009428135820321258,0.009428135820321258,-20.25574169720987,0.0054818442815248655,0.003946291538796392,1.1223971214668165,1.1223971214668165,0.5014654421713115,0.6526005097053412,0.46979661176147536,1.327906453566374,1.327906453566374,1.231674815599374,0.7720907438767415,0.5558157096896327
0.0,45.0,0.05346503235872149,0.0009583036501102486,-0.05287734919811812,-0.001254062985392723,0.07521312892837265,0.009428135820321261,0.009428135820321261,-20.25574169720987,0.004662534708557929,0.0047656011117633325,1.122397121466817,1.122397121466817,0.5014654421713132,0.5550636557807059,0.567333465686111,1.3279064535663747,1.3279064535663747,1.2316748155993762,0.6566950293743562,0.6712114241920186
0.0,50.0,0.05787014641295123,0.001063955806346047,-0.04801635031405915,-0.001165769230718182,0.07521312892837265,0.009428135820321261,0.009428135820321261,-20.25574169720987,0.003844790945844635,0.005583344874476628,1.122397121466817,1.122397121466817,0.5014654421713132,0.45771320783864705,0.66468391362817,1.3279064535663747,1.3279064535663747,1.2316748155993762,0.5415198515274134,0.7863866020389616
0.0,55.0,0.06183483371002864,0.001161510616461466,-0.04278991801104515,-0.001068603268287172,0.07521312892837265,0.009428135820321261,0.009428135820321261,-20.25574169720987,0.0030534597238167102,0.006374676096504552,1.122397121466817,1.122397121466817,0.5014654421713132,0.36350710997817975,0.7588900114886372,1.3279064535663747,1.3279064535663747,1.2316748155993762,0.4300647498333394,0.8978417037330355
0.0,60.0,0.0653289205856793,0.001250225629446339,-0.0372378285947082,-0.0009633045897442049,0.07521312892837266,0.009428135820321265,0.009428135820321265,-20.255741697209867,0.0023125852412225604,0.0071155505790987,1.1223971214668174,1.1223971214668174,0.501465442171315,0.2753077668122096,0.8470893546546073,1.3279064535663752,1.3279064535663752,1.2316748155993777,0.32571623115810705,1.0021902224082677
0.0,65.0,0.06832581492899219,0.001329425670484242,-0.03140233681794984,-0.000850674581614071,0.07521312892837265,0.009428135820321261,0.009428135820321261,-20.25574169720987,0.0016446785943152263,0.007783457226006033,1.122397121466817,1.122397121466817,0.5014654421713132,0.19579507075181266,0.926602050715004,1.3279064535663747,1.3279064535663747,1.2316748155993762,0.23164487243876422,1.0962615811276102
0.0,70.0,0.0708027085644404,0.001398507979440592,-0.0253278542967575,-0.0007315704262664971,0.07521312892837265,0.009428135820321261,0.009428135820321261,-20.25574169720987,0.001070033788583919,0.008358102031737343,1.122397121466817,1.122397121466817,0.5014654421713132,0.12738497483141895,0.9950121466353979,1.3279064535663747,1.3279064535663747,1.2316748155993762,0.15070898430759425,1.1771974692587805
0.0,75.0,0.07274075083586892,0.001456946798231202,-0.01906061151099027,-0.0006068985782407283,0.07521312892837266,0.009428135820321265,0.009428135820321265,-20.255741697209867,0.0006061111156664814,0.008822024704654778,1.1223971214668174,1.1223971214668174,0.501465442171315,0.07215608519839065,1.050241036268426,1.3279064535663752,1.3279064535663752,1.2316748155993777,0.08536776276992696,1.2425386907964477
0.0,80.0,0.07412519207137025,0.001504297372158744,-0.01264830596251252,-0.0004776078655791673,0.07521312892837266,0.009428135820321265,0.009428135820321265,-20.255741697209867,0.0002670066312233109,0.009161129189097951,1.1223971214668174,1.1223971214668174,0.501465442171315,0.03178650371706083,1.090610617749756,1.3279064535663752,1.3279064535663752,1.2316748155993777,0.03760656777793111,1.2902998857884438
0.0,85.0,0.07494549583719373,0.001540199334764545,-0.006139739168404075,-0.000344682268673033,0.07521312892837263,0.009428135820321258,0.009428135820321258,-20.25574169720987,6.302385341906286e-05,0.009365111966902198,1.1223971214668165,1.1223971214668165,0.5014654421713115,0.0075028396927455795,1.114894281774071,1.327906453566374,1.327906453566374,1.231674815599374,0.008876599073107446,1.319029854493267
0.0,90.0,0.07519541912636853,0.001564379450435027,0.0004155547480517792,-0.000209133431577472,0.07521312892837263,0.009428135820321258,0.009428135820321258,-20.25574169720987,3.606957370547761e-07,0.009427775124584205,1.1223971214668165,1.1223971214668165,0.5014654421713115,4.293996869699715e-05,1.1223541814981195,1.327906453566374,1.327906453566374,1.231674815599374,5.0802216486588177e-05,1.3278556513498878
0.0,95.0,0.07487305987175617,0.001576653693889559,0.006967686041956155,-7.199296278936996e-05,0.07521312892837262,0.009428135820321253,0.009428135820321253,-20.25574169720987,8.092114651436624e-05,0.009347214673806885,1.122397121466816,1.122397121466816,0.5014654421713098,0.00963346982313884,1.1127636516436767,1.3279064535663736,1.3279064535663736,1.2316748155993726,0.011397344579488202,1.3165091089868852
0.0,100.0,0.07398087142193019,0.001576928650724061,0.01346678903787737,6.569541591608846e-05,0.07521312892837266,0.009428135820321265,0.009428135820321265,-20.255741697209867,0.00030225741721968334,0.00912587840310158,1.1223971214668174,1.1223971214668174,0.501465442171315,0.035983025859486116,1.0864140956073312,1.3279064535663752,1.3279064535663752,1.2316748155993777,0.0425714672140399,1.2853349863523353
0.0,105.0,0.07252564386971178,0.001565202228350996,0.01986340163775082,0.0002028838128384671,0.07521312892837269,0.009428135820321272,0.009428135820321272,-20.255741697209864,0.0006576443172691841,0.008770491503052083,1.1223971214668182,1.1223971214668182,0.5014654421713184,0.07829099015109335,1.044106131315724,1.3279064535663763,1.3279064535663763,1.2316748155993813,0.09262596017875832,1.2352804933876171
0.0,110.0,0.07051845237546374,0.001541563671925221,0.02610884175731112,0.000338528141440535,0.07521312892837266,0.009428135820321265,0.009428135820321265,-20.255741697209867,0.0011362835955393094,0.008291852224781954,1.1223971214668174,1.1223971214668174,0.501465442171315,0.13527185661182256,0.9871252648549945,1.3279064535663752,1.3279064535663752,1.2316748155993777,0.16003994303370556,1.1678665105326695
0.0,115.0,0.06797457287843271,0.00150619288513452,0.03215557782614859,0.0004715960664773631,0.07521312892837263,0.009428135820321258,0.009428135820321258,-20.25574169720987,0.0017236320397629832,0.007704503780558276,1.1223971214668165,1.1223971214668165,0.5014654421713115,0.20519429044797424,0.9172028310188424,1.327906453566374,1.327906453566374,1.231674815599374,0.24276507602295536,1.085141377543419
0.0,120.0,0.06491336583762752,0.001459359061023817,0.03795759053166034,0.0006010748606908082,0.07521312892837263,0.009428135820321258,0.009428135820321258,-20.25574169720987,0.002401843364675125,0.007026292455646135,1.1223971214668165,1.1223971214668165,0.5014654421713115,0.28593373388989585,0.8364633875769211,1.327906453566374,1.327906453566374,1.231674815599374,0.3382877978415669,0.9896186557248079
0.0,125.0,0.06135812888703602,0.001401418633273615,0.04347072305380638,0.0007259791122754681,0.07521312892837262,0.009428135820321253,0.009428135820321253,-20.25574169720987,0.0031503104623597723,0.006277825357961486,1.122397121466816,1.122397121466816,0.5014654421713098,0.3750369598047348,0.7473601616620816,1.3279064535663736,1.3279064535663736,1.2316748155993726,0.4437056989239116,0.8842007546424627
0.0,130.0,0.05733591952656302,0.001332812563524506,0.0486530171251727,0.0008453582244575496,0.07521312892837263,0.009428135820321258,0.009428135820321258,-20.25574169720987,0.003946291538796397,0.005481844281524861,1.1223971214668165,1.1223971214668165,0.5014654421713115,0.4697966117614758,0.6526005097053408,1.327906453566374,1.327906453566374,1.231674815599374,0.5558157096896333,0.772090743876741
0.0,135.0,0.05287734919811811,0.001254062985392745,0.05346503235872149,0.0009583036501102528,0.07521312892837263,0.009428135820321258,0.009428135820321258,-20.25574169720987,0.0047656011117633325,0.004662534708557925,1.1223971214668165,1.1223971214668165,0.5014654421713115,0.567333465686111,0.5550636557807055,1.327906453566374,1.327906453566374,1.231674815599374,0.6712114241920186,0.6566950293743556
0.0,140.0,0.04801635031405915,0.001165769230718209,0.05787014641295124,0.00106395580634605,0.07521312892837266,0.009428135820321265,0.009428135820321265,-20.255741697209867,0.005583344874476629,0.003844790945844635,1.1223971214668174,1.1223971214668174,0.501465442171315,0.6646839136281703,0.45771320783864705,1.3279064535663752,1.3279064535663752,1.2316748155993777,0.7863866020389618,0.5415198515274133
0.0,145.0,0.04278991801104513,0.001068603268287195,0.06183483371002865,0.001161510616461471,0.07521312892837266,0.009428135820321265,0.009428135820321265,-20.255741697209867,0.006374676096504555,0.0030534597238167085,1.1223971214668174,1.1223971214668174,0.501465442171315,0.7588900114886374,0.3635071099781796,1.3279064535663752,1.3279064535663752,1.2316748155993777,0.8978417037330358,0.43006474983333925
0.0,150.0,0.03723782859470817,0.000963304589744222,0.06532892058567934,0.001250225629446318,0.07521312892837267,0.009428135820321268,0.009428135820321268,-20.255741697209867,0.007115550579098709,0.002312585241222557,1.1223971214668178,1.1223971214668178,0.5014654421713167,0.8470893546546083,0.2753077668122092,1.3279064535663756,1.3279064535663756,1.231674815599379,1.0021902224082688,0.3257162311581066
0.0,155.0,0.03140233681794982,0.0008506745816140794,0.06832581492899217,0.001329425670484227,0.07521312892837263,0.009428135820321258,0.009428135820321258,-20.25574169720987,0.0077834572260060296,0.0016446785943152243,1.1223971214668165,1.1223971214668165,0.5014654421713115,0.9266020507150037,0.19579507075181243,1.327906453566374,1.327906453566374,1.231674815599374,1.09626158112761,0.23164487243876397
0.0,160.0,0.0253278542967575,0.0007315704262665032,0.07080270856444042,0.001398507979440578,0.07521312892837266,0.009428135820321265,0.009428135820321265,-20.255741697209867,0.008358102031737346,0.001070033788583919,1.1223971214668174,1.1223971214668174,0.501465442171315,0.9950121466353985,0.12738497483141895,1.3279064535663752,1.3279064535663752,1.2316748155993777,1.177197469258781,0.15070898430759425
0.0,165.0,0.01906061151099028,0.0006068985782407419,0.07274075083586891,0.001456946798231181,0.07521312892837266,0.009428135820321265,0.009428135820321265,-20.255741697209867,0.008822024704654777,0.0006061111156664819,1.1223971214668174,1.1223971214668174,0.501465442171315,1.050241036268426,0.07215608519839072,1.3279064535663752,1.3279064535663752,1.2316748155993777,1.2425386907964473,0.08536776276992702
0.0,170.0,0.0126483059625125,0.0004776078655791853,0.07412519207137025,0.001504297372158718,0.07521312892837266,0.009428135820321265,0.009428135820321265,-20.255741697209867,0.009161129189097951,0.0002670066312233102,1.1223971214668174,1.1223971214668174,0.501465442171315,1.090610617749756,0.03178650371706074,1.3279064535663752,1.3279064535663752,1.2316748155993777,1.2902998857884438,0.037606567777931005
0.0,175.0,0.00613973916840408,0.0003446822686730448,0.07494549583719376,0.001540199334764539,0.07521312892837266,0.009428135820321265,0.009428135820321265,-20.255741697209867,0.009365111966902205,6.302385341906298e-05,1.1223971214668174,1.1223971214668174,0.501465442171315,1.114894281774072,0.007502839692745594,1.3279064535663752,1.3279064535663752,1.2316748155993777,1.3190298544932682,0.008876599073107462
0.0,180.0,-0.0004155547480517676,0.0002091334315774704,0.07519541912636855,0.001564379450435017,0.07521312892837266,0.009428135820321265,0.009428135820321265,-20.255741697209867,0.009427775124584212,3.60695737054759e-07,1.1223971214668174,1.1223971214668174,0.501465442171315,1.1223541814981204,4.293996869699512e-05,1.3279064535663752,1.3279064535663752,1.2316748155993777,1.327855651349889,5.080221648658577e-05
5.0,-180.0,-0.0004204246704529426,0.00011751091295230493,0.07496125332808372,-0.0068883212690334416,0.07527834373935673,0.009444492556545944,0.009444492556545944,-20.24821371337941,0.009444174954498048,3.1760204789739086e-07,1.1243443519697551,1.1243443519697551,0.5089934260017739,1.1243065422021485,3.780976760683225e-05,1.330210219231823,1.330210219231823,1.2392027994298378,1.3301654865490207,4.473268280244941e-05
5.0,-175.0,-0.006490509986509996,0.00011278802272169272,0.07468733032242478,-0.006873501371996213,0.07528334326280205,0.009445747088130538,0.009445747088130538,-20.24763686929949,0.009375516340998221,7.023074713231372e-05,1.1244937009679215,1.1244937009679215,0.5095702700816938,1.1161328977378837,0.008360803230037349,1.3303869138212026,1.3303869138212026,1.2397796435097566,1.3204952592955241,0.009891654525677989
5.0,-170.0,-0.012522707229626616,0.00010553462663230834,0.07392406158160184,-0.006850418077296042,0.07528960381400986,0.009447318167193481,0.009447318167193481,-20.246914582089847,0.009185942101782857,0.000261376065410621,1.1246807341897,1.1246807341897,0.5102925572913344,1.0935645359265307,0.031116198263169168,1.330608192562462,1.330608192562462,1.240501930719398,1.2937946622229375,0.036813530339524086
5.0,-165.0,-0.01848088586369451,9.355027642109693e-05,0.07267450767561225,-0.006819588993683715,0.07529703017979207,0.009449181975660427,0.009449181975660427,-20.246057871345506,0.008879942229831279,0.0005692397458291464,1.1249026161500508,1.1249026161500508,0.5111492680356787,1.057135979741819,0.06776663640823172,1.3308707007972431,1.3308707007972431,1.241358641463742,1.2506960887086307,0.08017461208861217
5.0,-160.0,-0.02432886627525937,7.472918605236714e-05,0.0709438037593528,-0.006781932278642897,0.07530549260159156,0.009451306029072723,0.009451306029072723,-20.24508174344883,0.008464830405060252,0.0009864756240124718,1.1251554796515146,1.1251554796515146,0.5121253959323555,1.0077179053643157,0.11743757428719905,1.3311698632496791,1.3311698632496791,1.2423347693604188,1.1922296345155283,0.13894022873415093
5.0,-155.0,-0.030030426316444484,4.7123270442042935e-05,0.06873924541637519,-0.0067387542375229705,0.07531482851627831,0.009453649604640287,0.009453649604640287,-20.244004986685308,0.007950637138669007,0.0015030124659712815,1.1254344767428912,1.1254344767428912,0.5132021526958728,0.9465044212701199,0.17893005547277163,1.331499944315533,1.331499944315533,1.243411526123936,1.11980804769986,0.21169189661567345
5.0,-150.0,-0.035549332173226734,9.005340402529595e-06,0.06607040132824012,-0.006691728231786523,0.07532484488839902,0.009456164317104212,0.009456164317104212,-20.242849897843488,0.0073499554390463635,0.002106208878057847,1.125733847274311,1.125733847274311,0.5143572415376925,0.8749946951245673,0.2507391521497437,1.3318541291696073,1.3318541291696073,1.244566614965756,1.0352049914149808,0.2966491377546263
5.0,-145.0,-0.04084940021271224,-4.1068512145381504e-05,0.06294924772164212,-0.006642864107473207,0.07533532117560823,0.009458794853748941,0.009458794853748941,-20.2416419358846,0.006677735065729743,0.002781059788019197,1.1260470063986836,1.1260470063986836,0.5155652034965805,0.7949684602059218,0.33107854619276156,1.3322246272885832,1.3322246272885832,1.2457745769246433,0.9405260655957384,0.39169856169284467
5.0,-140.0,-0.045894595592841966,-0.00010419867801262983,0.059390318303244156,-0.006594467425780693,0.07534601297205679,0.009461479880747643,0.009461479880747643,-20.240409297951494,0.005951021313979585,0.003510458566768057,1.1263666524699576,1.1263666524699576,0.5167978414296854,0.7084549183309029,0.41791173413905447,1.3326028001053016,1.3326028001053016,1.2470072148577482,0.8381720160534626,0.4944307840518391
5.0,-135.0,-0.05064917233030801,-0.00018108566002451995,0.05541086226088889,-0.006549087974993108,0.07535665637195499,0.00946415313239418,0.00946415313239418,-20.239182413285874,0.005188634776797503,0.0042755183555966796,1.126684896713593,1.126684896713593,0.5180247260953078,0.617694616285417,0.5089902804281762,1.3329793144217155,1.3329793144217155,1.2482340995233712,0.7307936305348595,0.6021856838868562
5.0,-130.0,-0.055077858219380806,-0.0002719796268368594,0.051031001929602395,-0.006509457369010078,0.07536697308589267,0.009466744692287322,0.009466744692287322,-20.237993351701405,0.004410789741086279,0.005055954951201042,1.1269934157484907,1.1269934157484907,0.5192137876797787,0.5250940167959857,0.601899398952505,1.3333443228573691,1.3333443228573691,1.2494231611078421,0.6212379917022928,0.7121063311550762
5.0,-125.0,-0.0591460864869427,-0.000376638220265702,0.0462738809370286,-0.006478415984310553,0.07537667632437729,0.009469182470822582,0.009469182470822582,-20.23687514527539,0.0036386508277496217,0.005830531643072961,1.1272836274788791,1.1272836274788791,0.5203319941057923,0.4331727175892408,0.6941109098896382,1.3336876719468427,1.3336876719468427,1.2505413675338553,0.5124860320774115,0.8212016398694311
5.0,-120.0,-0.06282027438024856,-0.0004942951060188561,0.041165793103805394,-0.006458830035868218,0.07538547743537274,0.009471393876139132,0.009471393876139132,-20.23586102499415,0.002893830169478707,0.006577563706660427,1.1275468900165633,1.1275468900165633,0.5213461143870327,0.34450359160460803,0.7830432984119556,1.3339991374843847,1.3339991374843847,1.2515554878150965,0.40758171401108545,0.9264174234732995
5.0,-115.0,-0.06606814705038763,-0.0006236417783619574,0.03573628212715435,-0.006453500215162903,0.07539309324492556,0.009473307665850226,0.009473307665850226,-20.23498357827161,0.0021978307632627508,0.007275476902587477,1.127774722125027,1.127774722125027,0.522223561109576,0.2616465194360418,0.8661282026889855,1.3342686853310177,1.3342686853310177,1.2524329345376395,0.3095536286285564,1.0247150567024617
5.0,-110.0,-0.06885910316687047,-0.0007628249857402639,0.030018202162613403,-0.006465063973369572,0.07539925400267479,0.009474855954576995,0.009474855954576995,-20.234273838514873,0.001571445500259773,0.00790341045431722,1.127959042211547,1.127959042211547,0.5229333008663095,0.1870768452690206,0.9408821969425263,1.334486754165774,1.334486754165774,1.2531426742943728,0.22133035214926378,1.1131564020165097
5.0,-105.0,-0.07116461674129927,-0.0009094618224188314,0.02404772987169669,-0.006495894186815347,0.07540371177873703,0.009475976337933406,0.009475976337933406,-20.233760324066154,0.0010341255590526593,0.008441850778880745,1.1280924211825483,1.1280924211825483,0.5234468153150277,0.12311018560150708,1.0049822355810412,1.3346445546385075,1.3346445546385075,1.2536561887430906,0.1456514871905154,1.1889930674479923
5.0,-100.0,-0.07295866772569874,-0.0010606740278900322,0.01786431934066812,-0.006547997542450515,0.07540624909796047,0.009476614077930191,0.009476614077930191,-20.233468050603246,0.0006033360814840088,0.008873277996446181,1.1281683426107372,1.1281683426107372,0.5237390887779378,0.07182572398619153,1.0563426186245455,1.3347343771732663,1.3347343771732663,1.2539484622060006,0.08497691288507166,1.2497574642881943
5.0,-95.0,-0.07421819216604823,-0.0012131423607854702,0.01151059249851204,-0.006622916479692349,0.07540668753597242,0.009476724278874148,0.009476724278874148,-20.233417547983645,0.00029392101276017984,0.009182803266113966,1.128181461770732,1.128181461770732,0.52378959139754,0.03499059675716427,1.0931908650135675,1.3347498984329784,1.3347498984329784,1.2539989648256027,0.0413973257408704,1.293352572692108
5.0,-90.0,-0.07492354111855834,-0.001363181089989505,0.00503215925177041,-0.006721638874862049,0.07540489594401442,0.009476273968116167,0.009476273968116167,-20.233623919001907,0.00011750232491706531,0.009358771643199103,1.128127853347163,1.128127853347163,0.5235832203792766,0.013988372013936348,1.1141394813332266,1.3346864743825588,1.3346864743825588,1.2537925938073395,0.016549623227755675,1.3181368511548033
5.0,-85.0,-0.07505893625697198,-0.0015068317078766275,-0.0015226365292062185,-0.00684451981423524,0.07540079792224733,0.00947524398402155,0.00947524398402155,-20.234095982939277,8.19411920189685e-05,0.009393302792002583,1.1280052361930417,1.1280052361930417,0.5231111564419062,0.009754903811781965,1.1182503323812598,1.334541406200218,1.334541406200218,1.253320529869969,0.011541012960418097,1.3230003932398002
5.0,-80.0,-0.07461290918669461,-0.001639973965682079,-0.00810304685309441,-0.006991219738908449,0.07539437813027704,0.009473630565931587,0.009473630565931587,-20.234835550424744,0.00019088970571337556,0.009282740860218212,1.1278131626109031,1.1278131626109031,0.5223715889564385,0.022724964965878048,1.1050881976450253,1.3343141642157164,1.3343141642157164,1.2525809623845021,0.026885874044137406,1.3074282901715792
5.0,-75.0,-0.07357871099494451,-0.0017584513146487193,-0.014656324583612304,-0.007160662938486998,0.07538568701499229,0.00947144653917058,0.00947144653917058,-20.235836877333657,0.00044346112582231717,0.009027985413348262,1.127553159425069,1.127553159425069,0.5213702620475278,0.052792991169323476,1.0747601682557455,1.3340065548127575,1.3340065548127575,1.2515796354755913,0.06245931349610101,1.2715472413166566
5.0,-70.0,-0.07195467854601857,-0.0018582068704605418,-0.02112820037505334,-0.007351019814537322,0.07537484355430807,0.00946872199354847,0.00946872199354847,-20.23708634365756,0.0008340442563431086,0.008634677737205363,1.1272288087557705,1.1272288087557705,0.5201207957236222,0.09929098289798913,1.0279378258577814,1.3336228159927421,1.3336228159927421,1.2503301691516846,0.11747102202015615,1.216151793972586
5.0,-65.0,-0.0697445444961852,-0.0019354251664937053,-0.02746342591313072,-0.007559715538268242,0.07536203566425874,0.009465504367060486,0.009465504367060486,-20.23856239809506,0.0013522832446077467,0.008113221122452741,1.1268457579833913,1.1268457579833913,0.5186447412861231,0.1609861005485413,0.9658596574348502,1.3331696291634487,1.3331696291634487,1.2488541147141865,0.1904624288179925,1.1427072003454564
5.0,-60.0,-0.06695767894935091,-0.0019866742854786857,-0.03360637542476148,-0.007783466716038765,0.07534751799701585,0.009461857867718077,0.009461857867718077,-20.240235800381786,0.0019832379822259617,0.007478619885492114,1.1264116509188187,1.1264116509188187,0.5169713389994,0.23609975978880499,0.8903118911300136,1.332656037706771,1.332656037706771,1.2471807124274628,0.27932929327126216,1.053326744435509
5.0,-55.0,-0.0636092520750092,-0.0020090425146914847,-0.039501695234453994,-0.008018346493128934,0.07533160696711215,0.009457862195080557,0.009457862195080557,-20.24207018122675,0.002707732553073314,0.00675012964200724,1.1259359756048284,1.1259359756048284,0.5151369581544347,0.32234911346110884,0.8035868621437191,1.3320932669127545,1.3320932669127545,1.245346331582498,0.38137078212300196,0.950722484789752
5.0,-50.0,-0.0597203088151106,-0.002000263501427466,-0.04509498924393859,-0.008259877227173274,0.07531467297788812,0.009453610557776564,0.009453610557776564,-20.24402292459626,0.003502890186278752,0.005950720371497816,1.1254298283067339,1.1254298283067339,0.5131842147849284,0.4170107364617561,0.7084190918449781,1.3314944447572625,1.3314944447572625,1.2433935882129916,0.4933648149688382,0.8381296297884246
5.0,-45.0,-0.05531774894928986,-0.001958824023330493,-0.050333526670373385,-0.00850314851560119,0.0752971299727061,0.009449207022120484,0.009449207022120484,-20.24604635974058,0.0043428434228025125,0.005106363599317974,1.1249055978714861,1.1249055978714861,0.5111607796406045,0.5170051693812515,0.607900428490235,1.3308742284676738,1.3308742284676738,1.2413701530686683,0.6116680877186637,0.7192061407490103
5.0,-40.0,-0.050434208187484474,-0.0018840489446806307,-0.055166957254003064,-0.008742957041725563,0.07527942259623767,0.009444763267305225,0.009444763267305225,-20.248089231832807,0.005199598286338917,0.00424516498096631,1.1243765794410983,1.1243765794410983,0.5091179075483764,0.6189997959927283,0.5053767834483703,1.3302483475077782,1.3302483475077782,1.2393272809764402,0.7323377868082982,0.5979105606994803
5.0,-35.0,-0.045107838525921616,-0.001776158698075131,-0.05954801847579248,-0.008973963489975619,0.07526201140890473,0.009440394861706185,0.009440394861706185,-20.25009840164463,0.006044021816842652,0.0033963730448635294,1.1238565311554982,1.1238565311554982,0.5071087377365537,0.7195264067669823,0.40433012438851546,1.3296330791135471,1.3296330791135471,1.2373181111646172,0.8512706784285423,0.4783624006850042
5.0,-30.0,-0.03938198874402553,-0.0016362956841755147,-0.06343321912603155,-0.009190860748095922,0.07524535674035063,0.009436217209575423,0.009436217209575423,-20.252020707713612,0.006846914042877976,0.0025893031666974465,1.1233591916161219,1.1233591916161219,0.505186431667571,0.8151088146283305,0.30825037698779123,1.329044677404989,1.329044677404989,1.2353958050956342,0.9643540905461938,0.36469058685879524
5.0,-25.0,-0.03330478854510261,-0.001466517274270931,-0.06678348383324269,-0.009388546831337415,0.07522990188388481,0.009432341345014458,0.009432341345014458,-20.253804910370363,0.007580118960112983,0.0018522223849014733,1.1228977791683878,1.1228977791683878,0.5034022290108213,0.9023951142991649,0.22050266486922301,1.3284987809879518,1.3284987809879518,1.233611602438885,1.0676223887483076,0.2608763922396441
5.0,-20.0,-0.02692864236793787,-0.0012697545683298646,-0.06956474387837606,-0.009562295486777162,0.07521605641274072,0.009428869768177762,0.009428869768177762,-20.25540362709291,0.008217624876603283,0.0012112448915744722,1.1224844962116383,1.1224844962116383,0.5018035122882757,0.9782886757861053,0.14419582042553242,1.32800982650391,1.32800982650391,1.232012885716339,1.1574119544511667,0.17059787205274257
5.0,-15.0,-0.02030964124438584,-0.0010497376285427966,-0.07174846074716025,-0.009707917304349289,0.07520418043260171,0.009425892525410103,0.009425892525410103,-20.2567751639979,0.008736602970173523,0.0006892895552365847,1.122130062548822,1.122130062548822,0.5004319753832829,1.0400717821635146,0.08205828038530771,1.3275904965366343,1.3275904965366343,1.2306413488113461,1.23050746058782,0.09708303594881475
5.0,-10.0,-0.013506903185878124,-0.0008108894897826951,-0.07331207036750041,-0.009821904394610172,0.07519457056824994,0.009423483729499494,0.009423483729499494,-20.257885149563002,0.009118334292814905,0.00030514943668458845,1.1218433011308921,1.1218433011308921,0.4993219898181834,1.0855159872398699,0.036327313891022436,1.3272512295069707,1.3272512295069707,1.2295313632462461,1.284272435607733,0.04297879389923781
5.0,-5.0,-0.006581854398106781,-0.0005581927550358922,-0.07423933778545704,-0.009901552289655328,0.07518744841419756,0.00942169869837671,0.00942169869837671,-20.258707884149874,0.00934897976745276,7.271893092395217e-05,1.1216307974257989,1.1216307974257989,0.4984992552313086,1.1129737818396144,0.008657015586184784,1.3269998166727761,1.3269998166727761,1.2287086286593722,1.3167577137257407,0.010242102947035517
5.0,0.0,0.0004025348912756746,-0.00029703392890792084,-0.0745206140949284,-0.009945053658734946,0.075182952062645,0.009420571861284565,0.009420571861284565,-20.259227332302533,0.009420154765288274,4.17095996290843e-07,1.1214966501529247,1.1214966501529247,0.49797980707865036,1.1214469958676516,4.965428527271941e-05,1.3268411072231783,1.3268411072231783,1.2281891805067133,1.3267823613082073,5.8745914970541255e-05
5.0,5.0,0.007382545080444004,-3.303174683093721e-05,-0.07415298969344279,-0.009951559658617389,0.07518113116384949,0.009420115542404966,0.009420115542404966,-20.25943770336511,0.009329279244157383,9.083629824758185e-05,1.1214423264767819,1.1214423264767819,0.49776943601607626,1.1106284814473077,0.010813845029474032,1.326776836958446,1.326776836958446,1.2279788094441395,1.3139829921348427,0.012793844823603077
5.0,10.0,0.0142945166560753,0.00022814344426696863,-0.07314034033038885,-0.009921206196593093,0.07518194578422668,0.009420319685639637,0.009420319685639637,-20.25934358846886,0.009079685617566394,0.0003406340680732385,1.121466629242814,1.121466629242814,0.49786355091232476,1.08091495447219,0.04055167477062363,1.3268055895267095,1.3268055895267095,1.2280729243403885,1.278828960220619,0.047976629306089924
5.0,15.0,0.021075658449468807,0.0004809517545810376,-0.0714932648866031,-0.009855103992324267,0.07518526911911949,0.009421152533705197,0.009421152533705197,-20.258959646794704,0.00868047882719189,0.0007406737065133029,1.1215657778220471,1.1215657778220471,0.4982474925864794,1.033390336570463,0.08817544125158368,1.3269228920711542,1.3269228920711542,1.2284568660145425,1.2226026517171675,0.10432024035398632
5.0,20.0,0.027664838696266146,0.0007201597085148149,-0.06922891631873282,-0.009755292994699852,0.07519089390461284,0.009422562223261387,0.009422562223261387,-20.258309859420514,0.00814615574408139,0.0012764064791799998,1.1217335980073082,1.1217335980073082,0.4988972799606668,0.9697804457239751,0.1519531522833333,1.32712143989597,1.32712143989597,1.2291066533887298,1.147345879448083,0.17977556044788728
5.0,25.0,0.03400334333247455,0.0009410028540552924,-0.06637072966223559,-0.009624663348315373,0.07519854217086555,0.00942447920884678,0.00942447920884678,-20.257426393156067,0.007496003235064531,0.001928475973782247,1.1219618105769977,1.1219618105769977,0.49978074622511354,0.8923813375076824,0.22958047306931514,1.3273914378657434,1.3273914378657434,1.2299901196531762,1.0557751035302159,0.27161633433552773
5.0,30.0,0.040035586765991546,0.0011393284800177538,-0.06294805335743901,-0.00946684661973469,0.07520787780209723,0.00942681938516725,0.00942681938516725,-20.256348137816985,0.006753305242267427,0.002673514142899823,1.1222404029961013,1.1222404029961013,0.5008590015641957,0.8039649097937415,0.3182754932023599,1.3277210401644015,1.3277210401644015,1.2310683749922593,0.951169752432032,0.37655128773236946
5.0,35.0,0.04570976154024083,0.00131171291424587,-0.058995692387538524,-0.009286082302517979,0.07521852122748286,0.009429487742560003,0.009429487742560003,-20.25511899693452,0.0059443983633834145,0.003485089379176586,1.1225580645904767,1.1225580645904767,0.5020881424466646,0.7076664718313589,0.41489159275911736,1.3280968651492961,1.3280968651492961,1.2322975158747276,0.83723920611034,0.4908576590389557
5.0,40.0,0.05097841483465429,0.001455549158218964,-0.054553373739018834,-0.009087065651434736,0.07523006547164934,0.009432382366397549,0.009432382366397549,-20.25378602288429,0.0050976221520777475,0.004334760214319802,1.122902662666375,1.122902662666375,0.5034211164968925,0.6068597800092557,0.5160428826571194,1.3285045586475421,1.3285045586475421,1.233630489924956,0.7179749509968658,0.6105296076506764
5.0,45.0,0.05579894159671054,0.001569102084389979,-0.04966514645703467,-0.008874783597276451,0.07524209274841803,0.009435398579159801,0.009435398579159801,-20.252397492273477,0.004242214318102441,0.005193184261057358,1.123261735614262,1.123261735614262,0.5048096471077048,0.5050255140598144,0.6182362215544476,1.3289293773464508,1.3289293773464508,1.2350190205357683,0.5974949743806255,0.7314344029658252
5.0,50.0,0.060133986233013914,0.0016515299952761845,-0.04437873001554154,-0.00865434583216898,0.07525419078810636,0.009438433024356305,0.009438433024356305,-20.251001016090456,0.0034072020286987177,0.006031230995657588,1.1236229790900363,1.1236229790900363,0.5062061232907272,0.40561928913079975,0.7180036899592366,1.3293567639938457,1.3293567639938457,1.236415496718791,0.4798876096758757,0.84946915431797
5.0,55.0,0.06395174715202592,0.0017028729266739388,-0.03874482580287459,-0.008430818121965108,0.07526596814432009,0.0094413875039666,0.0094413875039666,-20.24964177202328,0.002620338635030174,0.006821048868936425,1.1239747028531668,1.1239747028531668,0.5075653673579009,0.3119450755988303,0.8120296272543365,1.3297728878826196,1.3297728878826196,1.2377747407859638,0.3690617795817146,0.9607111083009049
5.0,60.0,0.06722618098620196,0.0017240095817903371,-0.03281640719319425,-0.008209064510905317,0.07527706782441398,0.009444172404256233,0.009444172404256233,-20.248360934342976,0.0019071306050868879,0.007537041799169346,1.1243062386019327,1.1243062386019327,0.5088462050382057,0.22703935774843903,0.8972668808534936,1.3301651273600328,1.3301651273600328,1.2390555784662685,0.2686099443784349,1.061555182981598
5.0,65.0,0.06993710595268325,0.0017165861264825835,-0.02664800389805278,-0.007993604369597377,0.07528717871945234,0.009446709576638306,0.009446709576638306,-20.24719436099515,0.001289992646555687,0.00815671693008262,1.1246082829331316,1.1246082829331316,0.5100127783860362,0.15357055316139132,0.9710377297717405,1.33052247558286,1.33052247558286,1.2402221518141,0.1816891051486883,1.1488333704341718
5.0,70.0,0.07207020645587293,0.0016829211888216703,-0.02029499604932238,-0.007788489254528372,0.07529604446337038,0.009448934578044443,0.009448934578044443,-20.246171579417055,0.0007875604949714001,0.00866137408307304,1.12487316405291,1.12487316405291,0.5110355599641272,0.09375720178230955,1.0311159622706,1.3308358560625975,1.3308358560625975,1.2412449333921902,0.11092401337625353,1.2199118426863436
5.0,75.0,0.07361694360191728,0.0016258922364971366,-0.01381293275085066,-0.007597203364374337,0.07530346951496826,0.009450798216075326,0.009450798216075326,-20.245315093534938,0.0004141812591633901,0.009036616956911938,1.1250950257232533,1.1250950257232533,0.5118920458462483,0.049307292757546445,1.0757877329657068,1.3310983402922996,1.3310983402922996,1.2421014192743118,0.05833538861456199,1.2727629516777375
5.0,80.0,0.0745743786913783,0.0015488090207170047,-0.007256888666897401,-0.007422590073360723,0.07530932241833443,0.009452267384991195,0.009452267384991195,-20.244640015779932,0.00017959122986148233,0.009272676155129713,1.1252699267846662,1.1252699267846662,0.5125671236012493,0.021379908316843135,1.103890018467823,1.3313052654917177,1.3313052654917177,1.242776497029313,0.025294539417110184,1.3060107260746074
5.0,85.0,0.07494491889158172,0.0014552799641367568,-0.0006808706267770731,-0.0072668056767429675,0.07531353634635497,0.009453325216544782,0.009453325216544782,-20.244154011012277,8.878132431568098e-05,0.009364543892229103,1.125395859112474,1.125395859112474,0.5130531283689045,0.01056920527567631,1.1148266538367981,1.3314542558513778,1.3314542558513778,1.2432625017969687,0.012504411875448027,1.3189498439759297
5.0,90.0,0.074735996081403,0.001349077243063288,0.00586271572617997,-0.007131300178153583,0.0753161071591208,0.009453970602357469,0.009453970602357469,-20.243857524936274,0.00014204145016033176,0.009311929152197135,1.1254726907568415,1.1254726907568415,0.5133496144449065,0.016909696447658544,1.1085629943091828,1.331545155261615,1.331545155261615,1.2435589878729694,0.020005838050750954,1.311539317210864
5.0,95.0,0.0739596912390362,0.0012340059003124464,0.012323531451956833,-0.007016823755921484,0.07531708930783643,0.009454217170215953,0.009454217170215953,-20.24374425859722,0.00033516750887218304,0.00911904966134377,1.1255020440733279,1.1255020440733279,0.5134628807839644,0.03990089391335513,1.0856011501599727,1.3315798831290075,1.3315798831290075,1.2436722542120278,0.047206691390448315,1.2843731917385592
5.0,100.0,0.07263231765614721,0.001113781670723489,0.018653696643758166,-0.0069234565265018895,0.07531658998165829,0.009454091814270262,0.009454091814270262,-20.243801843223675,0.0006598088700869514,0.008794282944183312,1.12548712074646,1.12548712074646,0.5134052961575102,0.07854867501035136,1.0469384457361086,1.331562227362009,1.331562227362009,1.2436146695855734,0.09293082677281005,1.2386314005891987
5.0,105.0,0.07077397668031883,0.000991921364915339,0.024808106748701767,-0.006850658423484998,0.07531476192905835,0.009453632888357988,0.009453632888357988,-20.244012666042895,0.001103930127890011,0.008349702760467977,1.1254324867092844,1.1254324867092844,0.5131944733382896,0.13142025332023943,0.9940122333890451,1.3314975899095756,1.3314975899095756,1.243403846766352,0.15548311660422692,1.1760144733053488
5.0,110.0,0.06840809960669456,0.0008716487044662874,0.030744672580592138,-0.006797335458282955,0.07531179538879475,0.009452888172991055,0.009452888172991055,-20.24435479749433,0.00165235884095636,0.0078005293320346945,1.1253438301179828,1.1253438301179828,0.5128523418868547,0.1967093858281381,0.9286344442898447,1.3313927004212753,1.3313927004212753,1.2430617153149182,0.23272659731779718,1.098666103103478
5.0,115.0,0.06556098877880973,0.0007558175018781404,0.03642448613740366,-0.00676191833308001,0.07530790954254749,0.009451912720946535,0.009451912720946535,-20.24480297300599,0.0022873906610101536,0.007164522059936382,1.1252277048745876,1.1252277048745876,0.5124041663751961,0.2723084120250183,0.8529192928495692,1.3312553128093711,1.3312553128093711,1.2426135398032598,0.32216769873382445,1.0090876140755467
5.0,120.0,0.062261369960649536,0.0006468530975108542,0.041811916541214904,-0.006742449329644414,0.07530334385748733,0.009450766675363764,0.009450766675363764,-20.245329587527433,0.002989424551552995,0.006461342123810769,1.1250912708766387,1.1250912708766387,0.5118775518537504,0.35588387518488046,0.7692073956917583,1.3310938979385585,1.3310938979385585,1.242086925281814,0.42104571148633735,0.9100481864522211
5.0,125.0,0.05853996666989348,0.0005467120622128611,0.04687464233696667,-0.006736673574795284,0.07529834962907953,0.009449513139469477,0.009449513139469477,-20.245905667593856,0.003737603387236671,0.005711909752232809,1.124942040413033,1.124942040413033,0.5113014717873295,0.44495278419484185,0.6799892562181916,1.3309173435872503,1.3309173435872503,1.2415108452153931,0.5264230122868551,0.8044943313003955
5.0,130.0,0.05442910549422584,0.00045685939697801724,0.05158362795694398,-0.006742131147257062,0.075293181969003,0.009448216160282297,0.009448216160282297,-20.246501793081826,0.004510438747494602,0.004937777412787695,1.124787638128845,1.124787638128845,0.5107053462993569,0.5369569937493573,0.5878306443794874,1.3307346704622953,1.3307346704622953,1.2409147197274197,0.6352730630274086,0.6954616074348864
5.0,135.0,0.04996235953604548,0.0003782618446298296,0.055913053340150926,-0.006756246994491487,0.07528809241640616,0.009446938871513924,0.009446938871513924,-20.247088948322222,0.005286402802587615,0.004160536068926308,1.1246355799421337,1.1246355799421337,0.5101181910589643,0.6293336669747162,0.49530191296741766,1.3305547706357639,1.3305547706357639,1.2403275644870282,0.7445637750123402,0.5859909956234236
5.0,140.0,0.045174235136549015,0.0003113954934143457,0.05984020647203486,-0.006776416219798618,0.07528332228804233,0.009445741824755154,0.009445741824755154,-20.24763928928332,0.006044474476656687,0.003401267348098468,1.1244930743756136,1.1244930743756136,0.5095678500978621,0.7195802948400819,0.40491277953553195,1.3303861725007258,1.3303861725007258,1.239777223525925,0.8513344333319279,0.4790517391687983
5.0,145.0,0.040099905005651235,0.0002562656035182169,0.06334534898408745,-0.006800082926428934,0.07527909682803015,0.009444681523932694,0.009444681523932694,-20.248126819698427,0.006764631240953104,0.0026800502829795883,1.1243668480872255,1.1243668480872255,0.5090803196827564,0.8053132429706077,0.3190536051166177,1.3302368343567172,1.3302368343567172,1.239289693110819,0.9527649635145217,0.3774718708421955
5.0,150.0,0.03477498890885963,0.0002124365157227516,0.0664115649473262,-0.006824811416514109,0.0752756201735225,0.009443809166592123,0.009443809166592123,-20.248527974015875,0.007428281679119611,0.0020155274874725155,1.1242629960228718,1.1242629960228718,0.5086791653653102,0.8843192475142396,0.2399437485086328,1.3301139671256512,1.3301139671256512,1.2388885387933741,1.0462368562140296,0.2838771109116219
5.0,155.0,0.029235381202914267,0.00017906958509119762,0.0690246026460584,-0.006848349094588606,0.0752730711195154,0.009443169587085362,0.009443169587085362,-20.248822108778512,0.0080186371811183,0.0014245324059670634,1.1241868556054004,1.1241868556054004,0.5083850306026753,0.9545996644188454,0.1695871911865552,1.3300238855049806,1.3300238855049806,1.2385944040307384,1.1293855184673662,0.2006383670376146
5.0,160.0,0.023517122820624934,0.00015496729044022877,0.0711727184762437,-0.006868680883751678,0.07527159964424113,0.009442800391182114,0.009442800391182114,-20.24899190651061,0.008521023639704877,0.000921776751477236,1.1241429037121566,1.1241429037121566,0.5082152328705738,1.0144075761553426,0.10973532755681381,1.3299718860819878,1.3299718860819878,1.2384246062986364,1.2001441746063206,0.12982771147566705
5.0,165.0,0.0176563138179795,0.00013862196442027713,0.07284653122885001,-0.0068840753034907845,0.07527132414504176,0.009442731268718953,0.009442731268718953,-20.249023697518528,0.008923135787104464,0.0005195954816144898,1.1241346748474945,1.1241346748474945,0.5081834418626557,1.0622780698933885,0.061856604954105936,1.3299621505237962,1.3299621505237962,1.2383928152907189,1.256779688324572,0.07318246219922392
5.0,170.0,0.011689061334336608,0.00012826792809907643,0.07403889394574434,-0.006893122570084244,0.07527232933166506,0.009442983470221808,0.009442983470221808,-20.248907705381043,0.009215237823137497,0.0002277456470843116,1.1241646988359297,1.1241646988359297,0.5082994340001401,1.097052121802083,0.02711257703384662,1.3299976718622264,1.3299976718622264,1.2385088074282027,1.2979208201602108,0.03207685170201571
5.0,175.0,0.0056514567876242115,0.00012193615684094311,0.07474478932312671,-0.00689476516341447,0.07527466472768882,0.009443569434502547,0.009443569434502547,-20.24863822152649,0.009390314302064008,5.325513243853971e-05,1.1242344564883986,1.1242344564883986,0.5085689178546926,1.117894559769525,0.006339896718873775,1.3300802020426121,1.3300802020426121,1.2387782912827554,1.3225794791639447,0.0075007228786675645
5.0,180.0,-0.00042042467045292427,0.00011751091295230325,0.07496125332808372,-0.0068883212690334416,0.07527834373935673,0.009444492556545944,0.009444492556545944,-20.24821371337941,0.009444174954498048,3.1760204789736454e-07,1.1243443519697551,1.1243443519697551,0.5089934260017739,1.1243065422021485,3.7809767606829116e-05,1.330210219231823,1.330210219231823,1.2392027994298378,1.3301654865490207,4.4732682802445706e-05
10.0,-180.0,-0.00041563783640371447,1.8680810353482963e-05,0.07380270056387907,-0.015244896342530118,0.07536191729779577,0.009465474633325657,0.009465474633325657,-20.23857604049249,0.009465186133816235,2.8849950942262284e-07,1.1268422182530544,1.1268422182530544,0.5186310988886934,1.1268078730733613,3.434517969316939e-05,1.3331654413134728,1.3331654413134728,1.248840472316757,1.3331248075797513,4.063373372149617e-05
10.0,-175.0,-0.005958421203265192,0.00014503972364763638,0.07357711541085903,-0.015231343673985391,0.0753731355461273,0.009468292872355615,0.009468292872355615,-20.237283169786156,0.009409087900909515,5.920497144610128e-05,1.1271777228994782,1.1271777228994782,0.5199239695950307,1.1201295120130377,0.007048210886440629,1.3335623763881146,1.3335623763881146,1.2501333430230932,1.3252236480154245,0.00833872837269032
10.0,-170.0,-0.011478070855233908,0.00026856779006838896,0.07294393997230512,-0.015194111494873477,0.07538897560000091,0.009472272911860579,0.009472272911860579,-20.235457976980516,0.009252581022243087,0.00021969188961749197,1.1276515371262594,1.1276515371262594,0.521749162400669,1.1014977407432247,0.02615379638303476,1.3341229453324759,1.3341229453324759,1.2519585358287324,1.3031804256680404,0.03094251966443549
10.0,-165.0,-0.01695135061169486,0.00038515188222334784,0.07190290729356734,-0.015133647866528125,0.07540923023442422,0.009477363396151494,0.009477363396151494,-20.23312466645676,0.008998213635264136,0.00047914976088735324,1.1282575471608922,1.1282575471608922,0.5240824729244218,1.0712159089600162,0.057041638200875384,1.3348399149509147,1.3348399149509147,1.2542918463524855,1.2673540331357938,0.06748588181512016
10.0,-160.0,-0.02235427645970802,0.0004906702222535999,0.07045383637296662,-0.015050975059633005,0.07543360884392653,0.009483492149547131,0.009483492149547131,-20.230317109733434,0.008650254391033773,0.000833237758513364,1.1289871606603727,1.1289871606603727,0.5268900296477481,1.0297921894087825,0.09919497125159098,1.3357031196545255,1.3357031196545255,1.2570994030758118,1.218345688877996,0.11735743077653013
10.0,-155.0,-0.027661811530195365,0.0005810492732592277,0.0685968360610228,-0.014947720855118899,0.0754617367394589,0.009490565930423413,0.009490565930423413,-20.22707889455549,0.00821474026207035,0.001275825668353062,1.129829277431359,1.129829277431359,0.5301282448256982,0.9779452692940893,0.15188400813726932,1.336699426820199,1.336699426820199,1.260337618253761,1.1570056707141336,0.17969375610606508
10.0,-150.0,-0.03284760130083923,0.0006523377894896106,0.06633258054380677,-0.01482614789889675,0.07549315438456035,0.009498470156199786,0.009498470156199786,-20.223463374714463,0.007699528444619322,0.0017989417115804654,1.130770256690451,1.130770256690451,0.533743764666723,0.9166105291213479,0.21415972756910306,1.3378126980563079,1.3378126980563079,1.2639531380947857,1.0844406260027213,0.2533720720535867
10.0,-145.0,-0.03788376205288297,0.0007007995797280561,0.06366265126226522,-0.014689175255771986,0.07552731679840073,0.009507068660018363,0.009507068660018363,-20.219533696054018,0.0071143407849688,0.0023927278750495652,1.1317938880974243,1.1317938880974243,0.5376734433271656,0.8469453315439048,0.2848485565535197,1.3390237549321637,1.3390237549321637,1.2678828167552285,1.0020198288688453,0.337003926063319
10.0,-140.0,-0.04274073573844057,0.0007230246704646061,0.0605899379869065,-0.014540385769339366,0.07556359348069475,0.0095162035730576,0.0095162035730576,-20.215362759969064,0.0064707865600946565,0.0030454170129629436,1.1328813777449525,1.1328813777449525,0.541844379412118,0.770331733344602,0.3625496444003505,1.340310362402479,1.340310362402479,1.272053752840182,0.9113783887457262,0.4289319736567527
10.0,-135.0,-0.047387224157989835,0.0007160565430496212,0.05711908925056592,-0.014384012796148872,0.07560126937628964,0.00952569546875483,0.00952569546875483,-20.211033067582306,0.005782347408023252,0.0037433480607315787,1.1340113653279562,1.1340113653279562,0.5461740717988773,0.6883746914313397,0.44563667389661654,1.3416472491203986,1.3416472491203986,1.2763834452269398,0.8144151278905989,0.5272321212297998
10.0,-130.0,-0.05179021450870119,0.0006775310892248874,0.05325699953662186,-0.014224900376603686,0.0756395475766625,0.009535343951938441,0.009535343951938441,-20.206636367831802,0.005064307006794866,0.004471036945143576,1.1351599942783859,1.1351599942783859,0.5505707715493816,0.6028936912851032,0.5322663029932829,1.3430061904138648,1.3430061904138648,1.2807801449774447,0.7132826770133613,0.6297235134005037
10.0,-125.0,-0.05591510678036059,0.0006058210177689504,0.049013317691227735,-0.014068431936214383,0.07567755462229082,0.009544928919471327,0.009544928919471327,-20.20227301423936,0.004333608051195426,0.005211320868275901,1.1363010618418248,1.1363010618418248,0.5549341251418258,0.5159057203804078,0.620395341461417,1.3443561858410318,1.3443561858410318,1.2851434985698884,0.6103673311542853,0.7339888546867466
10.0,-120.0,-0.059725951041004956,0.0005001777899162179,0.04440095819853821,-0.013920424152167732,0.07571434938701276,0.009554212749900736,0.009554212749900736,-20.198050922258712,0.003608620480044947,0.005945592269855787,1.137406279750088,1.137406279750088,0.5591562171224698,0.4295976761958271,0.7078086035542607,1.3456637675916532,1.3456637675916532,1.289365590550533,0.5082564056401333,0.8374073619515194
10.0,-115.0,-0.06318579933936087,0.00036086189740166565,0.039436594488147944,-0.013786984611849476,0.07574893655341286,0.00956294368733164,0.00956294368733164,-20.19408401617185,0.0029088080203015267,0.006654135667030116,1.1384456770632907,1.1384456770632907,0.5631231232093308,0.3462866690835151,0.7921590079797759,1.3468934770889633,1.3468934770889633,1.2933324966373936,0.4096912704650037,0.93720220662396
10.0,-110.0,-0.0662571728147588,0.00018925154755910958,0.03414111160728278,-0.013674334238793677,0.0757802855907013,0.009570860659540421,0.009570860659540421,-20.19049006540541,0.002254285088844159,0.00731657557069626,1.1393881737548122,1.1393881737548122,0.5667170739757755,0.2683672724814475,0.8710209012733644,1.3480085435972422,1.3480085435972422,1.296926447403838,0.31750494209072655,1.0305036015065157
10.0,-105.0,-0.06890263979840382,-1.2080312197421757e-05,0.028539994643823615,-0.013588598042422797,0.07580735589737014,0.009577699704989187,0.009577699704989187,-20.18738783759336,0.0016652629196275777,0.007912436785361613,1.140202345832046,1.140202345832046,0.5698193017878238,0.19824558566994974,0.9419567601620968,1.3489717894350968,1.3489717894350968,1.3000286752158876,0.23454407318698278,1.1144277162481144
10.0,-100.0,-0.07108549544921225,-0.0002393301392010064,0.022663629441875065,-0.013535570407591204,0.07582912836049872,0.00958320207496242,0.00958320207496242,-20.184893540602648,0.0011613922482132406,0.008421809826749178,1.140857389876479,1.140857389876479,0.5723135987785364,0.1382609819301477,1.002596407946331,1.3497467711214677,1.3497467711214677,1.3025229722065992,0.16357637298778038,1.186170398133687
10.0,-95.0,-0.07277052809829622,-0.0004874773325085275,0.016547493549674004,-0.013520463703010493,0.07584464302358838,0.009587123928338047,0.009587123928338047,-20.18311658667569,0.0007610195402706022,0.00882610438806745,1.141324277183101,1.141324277183101,0.5740905527054921,0.09059756431792883,1.0507267128651725,1.3502991448363446,1.3502991448363446,1.3042999261335555,0.10718585074233833,1.2431132940940068
10.0,-90.0,-0.07392485232786875,-0.0007503533821093352,0.01023221802897707,-0.01354765126560128,0.0758530418803499,0.009589247356856264,0.009589247356856264,-20.182154785010265,0.00048038391693489414,0.00910886343992137,1.1415770662924125,1.1415770662924125,0.5750523543709187,0.05718856153986836,1.0843885047525441,1.35059821927553,1.35059821927553,1.305261727798981,0.06765970661054846,1.2829385126649815
10.0,-85.0,-0.07451878424483101,-0.00102077019233954,0.003763504681681099,-0.013620417620516662,0.07585361508036093,0.009589392283870984,0.009589392283870984,-20.1820891484438,0.0003327917324721276,0.009256600551398859,1.1415943195084506,1.1415943195084506,0.575117990937382,0.039618063389539,1.101976256118912,1.3506186315311246,1.3506186315311246,1.3053273643654455,0.0468720749960743,1.3037465565350506
10.0,-80.0,-0.0745267307674059,-0.001290707943882312,-0.0028081117442867605,-0.013740729946114166,0.07584584811902526,0.009587428590358308,0.009587428590358308,-20.182978577682647,0.0003278141953619319,0.009259614394996373,1.141360546471227,1.141360546471227,0.5742285616985328,0.03902549944784904,1.102335047023378,1.3503420549800431,1.3503420549800431,1.3044379351265958,0.04617101343125801,1.3041710415487848
10.0,-75.0,-0.07392806231181412,-0.0015515592903444183,-0.009427660973041825,-0.013909045139346573,0.07582946697374261,0.009583287662294278,0.009583287662294278,-20.184854754047095,0.0004705594608970533,0.009112728201397226,1.140867578844557,1.140867578844557,0.5723523853340882,0.056018983440125396,1.0848485954044318,1.3497588256752504,1.3497588256752504,1.3025617587621512,0.06627598040803566,1.2834828452672147
10.0,-70.0,-0.07270793725012152,-0.0017944229610758829,-0.016036292507812144,-0.01412416627322101,0.07580447772553116,0.009576972447272738,0.009576972447272738,-20.18771762033338,0.0007610733203182244,0.008815899126954513,1.140115767532469,1.140115767532469,0.5694895190478051,0.09060396670455054,1.0495118008279183,1.348869358770808,1.348869358770808,1.299698892475868,0.10719342539693301,1.241675933373875
10.0,-65.0,-0.07085804701291804,-0.0020104362105800295,-0.02257198062140405,-0.014383160715176186,0.0757711970446115,0.009568565075897442,0.009568565075897442,-20.191531851431233,0.001193921241183206,0.008374643834714235,1.139114889987791,1.139114889987791,0.565675287949952,0.1421334810932388,0.9969814088945518,1.3476852219573863,1.3476852219573863,1.295884661378015,0.16815792129340926,1.1795273006639766
10.0,-60.0,-0.06837725272225131,-0.002191132282335177,-0.028970364605913596,-0.014681349712935162,0.0757302700729001,0.009558231158923576,0.009558231158923576,-20.1962247058955,0.001757998674465631,0.007800232484457945,1.1378846617766165,1.1378846617766165,0.5609824334856838,0.20928555648400368,0.9285991052926126,1.3462297406934616,1.3462297406934616,1.291191806913747,0.24760544710783533,1.098624293585626
10.0,-55.0,-0.06527208764116185,-0.002328806402761945,-0.03516570425512359,-0.015012375945850285,0.07568267273025854,0.009546220019030204,0.009546220019030204,-20.201685603375118,0.0024366062412616058,0.0071096137777685985,1.1364547641702625,1.1364547641702625,0.5555215360060635,0.2900721715787626,0.8463825925914998,1.3445380308493244,1.3445380308493244,1.2857309094341265,0.34318397764247965,1.0013540532068448
10.0,-50.0,-0.06155710429767711,-0.0024168720241625665,-0.041091925878634604,-0.015368351550561595,0.07562969629512688,0.009532860350601401,0.009532860350601401,-20.207767690262493,0.0032078120965144566,0.006325048254086944,1.134864327452548,1.134864327452548,0.5494394491186914,0.3818823924421973,0.7529819350103505,1.3426563874086481,1.3426563874086481,1.2796488225467542,0.451804520635839,0.8908518667728089
10.0,-45.0,-0.05725505058822284,-0.002450188279634473,-0.04668373063409641,-0.01574008468922664,0.07557291321900005,0.009518551105569893,0.009518551105569893,-20.214291540046815,0.004045106320861138,0.005473444784708757,1.1331608459011777,1.1331608459011777,0.5429155993343697,0.4815602762929926,0.6516005696081854,1.340641000784492,1.340641000784492,1.2731249727624336,0.5697332846283293,0.7709077161561629
10.0,-40.0,-0.052396865146211856,-0.0024253400167926534,-0.05187773475102522,-0.016117378114315704,0.07551412445049549,0.009503747752854154,0.009503747752854154,-20.221050991934085,0.00491833286216266,0.004585414890691492,1.131398542006447,1.131398542006447,0.5361561474470973,0.5855158169241262,0.5458827250823205,1.338556021528754,1.338556021528754,1.2663655208751603,0.692722938332769,0.6458330831959848
10.0,-35.0,-0.04702148842072708,-0.0023408533789332333,-0.05661361034216898,-0.016489388701570223,0.07545528996411484,0.009488944421680107,0.009488944421680107,-20.227820970919126,0.005794864837778154,0.0036940795839019496,1.129636240676203,1.129636240676203,0.5293861684620552,0.6898648616402565,0.43977137903594643,1.336471045307057,1.336471045307057,1.2595955418901184,0.8161781461659371,0.5202928991411196
10.0,-30.0,-0.0411754919124874,-0.002197332654168503,-0.06083519589359473,-0.016845032882240867,0.0753984455890452,0.009474652781170809,0.009474652781170809,-20.234366967144656,0.0066409705317768564,0.002833682249393956,1.1279348549012869,1.1279348549012869,0.5228401722365282,0.7905917299734353,0.33734312492785196,1.3344581381930716,1.3344581381930716,1.2530495456645911,0.9353479622220924,0.39911017597097975
10.0,-25.0,-0.03491253357407195,-0.001997507882419007,-0.06449154704674272,-0.017173419597727845,0.07534561048570036,0.009461378797591622,0.009461378797591622,-20.24045569670934,0.007423301749005497,0.002038077048586124,1.1263546187609077,1.1263546187609077,0.5167514426718455,0.8837263986911306,0.24262822006977672,1.3325885630410736,1.3325885630410736,1.2469608160999084,1.0455354576064078,0.2870531054346654
10.0,-20.0,-0.02829265228472175,-0.0017461872878102073,-0.06753790072890327,-0.017464290073095908,0.0752986905993239,0.009449598719302642,0.009449598719302642,-20.24586633574632,0.008110424696782288,0.0013391740225203548,1.12495222848841,1.12495222848841,0.511340803634862,0.9655267496169392,0.1594254788714708,1.3309293970848792,1.3309293970848792,1.2415501770629254,1.1423133375749701,0.1886160595099091
10.0,-15.0,-0.02138141842641359,-0.0014501137182832333,-0.06993652881602211,-0.0177084425489723,0.07525938402661742,0.009439735748487244,0.009439735748487244,-20.250401629667742,0.008674307308418986,0.0007654284400682586,1.1237780652961005,1.1237780652961005,0.5068055097134411,1.0326556319546412,0.09112243334145938,1.329540246265809,1.329540246265809,1.2370148831415049,1.2217334237209838,0.10780682254482515
10.0,-10.0,-0.014248960870702102,-0.0011177296090399069,-0.07165746108518316,-0.01789812023761837,0.07522909438899626,0.009432138858334148,0.009432138858334148,-20.253898142568623,0.009091676537028463,0.00034046232130568327,1.1228736736112082,1.1228736736112082,0.5033089968125601,1.0823424448843408,0.040531228726867055,1.328470261737204,1.328470261737204,1.2335183702406236,1.2805178221166849,0.04795243962051877
10.0,-5.0,-0.0069688931620168395,-0.0007588602024859124,-0.07267906102088773,-0.01802734220814041,0.0752088579801465,0.009427065104682749,0.009427065104682749,-20.25623493607361,0.009345164799662202,8.190030502054587e-05,1.122269655319375,1.122269655319375,0.5009722033075716,1.1125196190074051,0.009750036311969749,1.327755648546866,1.327755648546866,1.231181576735635,1.31622039431862,0.0115352542282459
10.0,0.0,0.00038283656588593263,-0.0003843295147056839,-0.07298844191264271,-0.018092159599869217,0.0751992896564483,0.009424666571450965,0.009424666571450965,-20.257340054447607,0.009424176127985278,4.904434656849873e-07,1.1219841156489243,1.1219841156489243,0.4998670849335759,1.121925729522057,5.8386126867260403e-05,1.3274178269649246,1.3274178269649246,1.23007645836164,1.3273487504204617,6.907654446267427e-05
10.0,5.0,0.00772914626639524,-5.527519848406011e-06,-0.07258171451205135,-0.01809082336806118,0.07520055122274119,0.009424982796283843,0.009424982796283843,-20.2571943385276,0.009325418920983868,9.956387529997384e-05,1.1220217614623622,1.1220217614623622,0.5000128008535842,1.1101689191647461,0.011852842297615936,1.3274623656737805,1.3274623656737805,1.2302221742816475,1.313439284645615,0.01402308102816533
10.0,10.0,0.014993044936759212,0.0003660500432370494,-0.07146406125499458,-0.018023854460100925,0.07521234453044494,0.009427939169238089,0.009427939169238089,-20.25583228284907,0.009053072352244307,0.000374866816993784,1.122373710623582,1.122373710623582,0.5013748565321146,1.0777467086005128,0.04462700202306953,1.3278787562307168,1.3278787562307168,1.2315842299601785,1.275080612992156,0.05279814323856113
10.0,15.0,0.0220988553063702,0.0007192661602269574,-0.069649635698733,-0.01789401261599648,0.07523392977991246,0.00943335140900137,0.00943335140900137,-20.253339870234257,0.008618576021602816,0.0008147753873985542,1.1230180248811155,1.1230180248811155,0.5038672691469285,1.0260209549527162,0.09699706992839933,1.3286410435213196,1.3286410435213196,1.2340766425749918,1.2138839467046219,0.11475709681669778
10.0,20.0,0.028973407816538066,0.001043787947352643,-0.06716128941002103,-0.01770616555013535,0.0752641677525758,0.00944093582591783,0.00944093582591783,-20.24984954442585,0.008040055739746125,0.0014008800861717073,1.1239209316568848,1.1239209316568848,0.5073575949553342,0.9571494928269195,0.16677143882996517,1.3297092712560326,1.3297092712560326,1.2375669683833974,1.1324022168656511,0.19730705439038132
10.0,25.0,0.03554717989398828,0.001330490710000713,-0.06403013211830746,-0.017467065744195653,0.07530158304275499,0.009450324706819394,0.009450324706819394,-20.245532691672214,0.007341420717445271,0.002108903989374122,1.1250386555737377,1.1250386555737377,0.5116744477089707,0.8739786568387229,0.25105999873501456,1.331031648847802,1.331031648847802,1.2418838211370333,1.0340029179500383,0.2970287308977636
10.0,30.0,0.04175535533375786,0.001571800850086283,-0.0602949345598948,-0.017185047107930913,0.07534444395338327,0.0094610858297964,0.0094610858297964,-20.240590176333804,0.006551187289435344,0.0029098985403610586,1.1263197416424287,1.1263197416424287,0.5166169630473814,0.7799032487423028,0.346416492900126,1.332547299971324,1.332547299971324,1.2468263364754446,0.9227024351317384,0.4098448648395857
10.0,35.0,0.047538779869366006,0.0017619614632726978,-0.05600138709844919,-0.016869658017947542,0.07539085367774362,0.009472744861144243,0.009472744861144243,-20.235241598223702,0.005701100218231712,0.0037716446429125307,1.1277077215647908,1.1277077215647908,0.5219655411574816,0.6787024069323466,0.4490053146324442,1.3341894170625692,1.3341894170625692,1.2521749145855445,0.8029718617227761,0.5312175553397931
10.0,40.0,0.05284479082153079,0.0018972090513946311,-0.051201230883995,-0.01653125045070451,0.07543884678768704,0.00948480922091414,0.00948480922091414,-20.229714001614564,0.004824633478506135,0.0046601757424080065,1.1291439548707312,1.1291439548707312,0.527493137766618,0.5743611283935874,0.5547828264771436,1.3358886226639632,1.3358886226639632,1.2577025111946805,0.6795258420431175,0.656362780620846
10.0,45.0,0.057627901187512,0.0019758549883157153,-0.04595128192199,-0.016180546885298627,0.07548648492275986,0.009496791940842,0.009496791940842,-20.22423076572755,0.003955457492640738,0.005541334448201261,1.1305704691478573,1.1305704691478573,0.5329763736536326,0.47088779674294506,0.6596826724049121,1.3375763296960563,1.3375763296960563,1.2631857470816956,0.5571066891043294,0.7804696405917269
10.0,50.0,0.061850321747619084,0.0019982708658484657,-0.04031237182617667,-0.015828207254044782,0.0755319459160574,0.009508234084395745,0.009508234084395745,-20.219001348624573,0.0031259588004574073,0.006382275283938337,1.1319326290947316,1.1319326290947316,0.5382057907566111,0.37213795243540565,0.759794676659326,1.3391878992106683,1.3391878992106683,1.2684151641846748,0.44027588738836715,0.898912011822301
10.0,55.0,0.06548230876623155,0.0019667822418732986,-0.0343482320350814,-0.015484417451376731,0.07557360135316649,0.009518724449954082,0.009518724449954082,-20.21421245046353,0.00236589130798459,0.007152833141969489,1.133181482137391,1.133181482137391,0.5429946889176511,0.28165372714102266,0.8515277549963679,1.3406654154864905,1.3406654154864905,1.2732040623457144,0.3332241278851535,1.0074412876013363
10.0,60.0,0.06850232963072068,0.0018854802596001397,-0.0281243506606841,-0.015158518858104696,0.07561007865821787,0.00952791552211169,0.00952791552211169,-20.210021021175734,0.0017012262440786012,0.007826689278033087,1.134275657394249,1.134275657394249,0.5471861182054508,0.20252693381888112,0.9317487235753678,1.3419599326917875,1.3419599326917875,1.2773954916335146,0.23960933015191566,1.1023506025398715
10.0,65.0,0.0708970442040148,0.001759964788331961,-0.021706832676721858,-0.01485869517170853,0.07564030512883427,0.009535534951406936,0.009535534951406936,-20.206549376544576,0.0011532518421996135,0.008382283109207323,1.1351827323103494,1.1351827323103494,0.550657762836607,0.13729188597614447,0.9978908463342051,1.3430330917474556,1.3430330917474556,1.2808671362646704,0.16242983692952304,1.1806032548179328
10.0,70.0,0.07266110558314047,0.0015970358976594228,-0.01516129462784593,-0.01459172880186707,0.07566353277796568,0.009541392200847338,0.009541392200847338,-20.203882520220464,0.0007379549548157738,0.008803437246031564,1.1358800239103977,1.1358800239103977,0.5533246191607206,0.08785178033521118,1.0480282435751862,1.3438580564573714,1.3438580564573714,1.283533992588783,0.10393731757968645,1.239920738877685
10.0,75.0,0.07379679009660464,0.0014043524443316975,-0.008551824279619006,-0.014362834496043236,0.07567934425997912,0.009545380365520039,0.009545380365520039,-20.202067611042438,0.00046569688405364895,0.009079683481466393,1.1363548054190522,1.1363548054190522,0.5551395283387479,0.05544010524448202,1.0809147001745707,1.3444197697915545,1.3444197697915545,1.285348901766811,0.0655911104300914,1.2788286593614637
10.0,80.0,0.07431347241507383,0.0011900772410636477,-0.001940033536114837,-0.014175573035314594,0.07568764144314728,0.009547473515550638,0.009547473515550638,-20.201115376748504,0.00034117629719683203,0.009206297218353802,1.1366039899465046,1.1366039899465046,0.5560917626326775,0.04061622585676572,1.0959877640897384,1.3447145796550193,1.3447145796550193,1.2863011360607404,0.048052999605187614,1.2966615800498313
10.0,85.0,0.07422696723237057,0.0009625277014703159,0.004615770476146813,-0.014031843122851786,0.07568861924096847,0.009547720202035388,0.009547720202035388,-20.20100316570663,0.0003636546968127726,0.009184065505222619,1.1366333573851652,1.1366333573851652,0.5562039736745525,0.04329222581104436,1.0933411315741213,1.344749324230336,1.344749324230336,1.2864133471026153,0.05121897138208065,1.293530352848256
10.0,90.0,0.07355876373290224,0.0007298491189543385,0.01106127591822546,-0.01393194529219282,0.07568272805741835,0.009546233976397579,0.009546233976397579,-20.20167925363335,0.0005274057824038366,0.009018828193993744,1.1364564257616168,1.1364564257616168,0.5555278857478354,0.0627864026671234,1.0736700230944936,1.3445399966757152,1.3445399966757152,1.2857372591758978,0.07428250456392065,1.270257492111795
10.0,95.0,0.07233518266510612,0.0004997250240550411,0.017346703781821845,-0.013874708060406558,0.07567062859623751,0.009543181891529565,0.009543181891529565,-20.203067985103125,0.0008223400528396379,0.008720841838689928,1.1360930823249482,1.1360930823249482,0.5541391542780567,0.09789762533805214,1.0381954569868963,1.3441101255675443,1.3441101255675443,1.2843485277061202,0.11582254265347011,1.2282875829140745
10.0,100.0,0.07058648802460352,0.0002791356221104859,0.02342718429601128,-0.013857663848706162,0.07565314282781677,0.009538771974717086,0.009538771974717086,-20.20507532940847,0.001234750596032907,0.008304021378684176,1.1355680922282247,1.1355680922282247,0.5521318099727177,0.14699411857534608,0.988573973652878,1.343489010523533,1.343489010523533,1.28234118340078,0.1739085346525221,1.1695804758710107
10.0,105.0,0.06834598595097797,7.417142989398607e-05,0.029262970753741777,-0.013877260518546371,0.07563120463040533,0.009533240595231711,0.009533240595231711,-20.207594463292587,0.0017481251771444162,0.007785115418087293,1.134909594670442,1.134909594670442,0.5496126760885972,0.20811014013624005,0.9267994545342015,1.342709942990382,1.342709942990382,1.2798220495166608,0.24621481368231216,1.0964951293080691
10.0,110.0,0.06564914241441155,-0.00011009478857453741,0.034819495956288284,-0.01392909376891408,0.0756058130865831,0.00952684051040707,0.00952684051040707,-20.210511052799333,0.002343973031240808,0.007182867479166258,1.1341476798103656,1.1341476798103656,0.5466960865818534,0.2790444084810486,0.8551032713293164,1.341808522592545,1.341808522592545,1.2769054600099161,0.3301370466536349,1.0116714759389094
10.0,115.0,0.06253274869776257,-0.00026967854403487404,0.040067282616487454,-0.014008146071238894,0.07557799070389,0.009519830186153865,0.009519830186153865,-20.213707984510393,0.0030026214153306744,0.00651720877082319,1.1333131173992697,1.1333131173992697,0.5434991548707913,0.3574549303965089,0.7758581870027608,1.3408211529794174,1.3408211529794174,1.273708528298854,0.42290442469446116,0.9179167282849562
10.0,120.0,0.059034159774036345,-0.00040170079011320447,0.04498172433045121,-0.014109019167600309,0.07554874803306569,0.009512464777220167,0.009512464777220167,-20.21706938325154,0.003703945981075546,0.005808518796144622,1.1324362830024008,1.1324362830024008,0.5401377561296418,0.4409459501280412,0.6914903328743598,1.33978377143946,1.33978377143946,1.2703471295577051,0.5216825325458515,0.8181012388936088
10.0,125.0,0.0551906257495704,-0.0005043587178605697,0.04954275782682374,-0.014226149249860466,0.07551905536956904,0.009504988944257997,0.009504988944257997,-20.220483839485155,0.004428009306056541,0.0050769796382014575,1.131546302887857,1.131546302887857,0.5367232998960269,0.5271439650067311,0.604402337881126,1.3387308372194362,1.3387308372194362,1.26693267332409,0.6236632825431748,0.7150675546762615
10.0,130.0,0.05103873097176249,-0.0005768591610351147,0.053734449943269695,-0.014353996553231187,0.07548982152221283,0.009497631500165237,0.009497631500165237,-20.223846846749773,0.0051555924185064115,0.004342039081658823,1.1306704166863377,1.1306704166863377,0.533360292631412,0.6137610022031442,0.5169094144831933,1.3376945774880615,1.3376945774880615,1.263569666059476,0.726139777254424,0.6115548002336371
10.0,135.0,0.04661394960029395,-0.000619324735913043,0.05754452409471949,-0.014487203996647734,0.07546187907410931,0.00949060173234678,0.00949060173234678,-20.227062511392937,0.005868613962318631,0.0036219877700281477,1.129833539565093,1.129833539565093,0.5301446279882467,0.6986445193236466,0.4311890202414462,1.3367044693446168,1.3367044693446168,1.2603540014163102,0.8265653468054409,0.5101391225391757
10.0,140.0,0.041950320814719146,-0.000632683110091221,0.06096385094347074,-0.014620722442075431,0.07543597517737527,0.00948408714843461,0.00948408714843461,-20.23004463982086,0.006550440088542261,0.0029336470598923525,1.1290579938612633,1.1290579938612633,0.5271624995603252,0.7798142962550311,0.3492436976062325,1.3357869223147338,1.3357869223147338,1.2573718729883885,0.9225971955693323,0.4131897267454018
10.0,145.0,0.03708024172979542,-0.000618549259195542,0.06398592672476365,-0.014749902901640802,0.07541276671997102,0.00947825234156269,0.00947825234156269,-20.232717331667516,0.007186094792841163,0.0022921575487215282,1.1283633739955585,1.1283633739955585,0.5244898077136695,0.8554874753382339,0.2728758986573248,1.3349651185299565,1.3349651185299565,1.254699181141733,1.0121260271607273,0.3228390913692293
10.0,150.0,0.03203437177991342,-0.0005791093470371134,0.06660636047564727,-0.014870558405616933,0.07539281866382413,0.009473238662539596,0.009473238662539596,-20.235015212276583,0.007762385063751252,0.0017108535987883481,1.1277665074451901,1.1277665074451901,0.5221919271046023,0.9240934599703872,0.20367304747480333,1.3342589665548725,1.3342589665548725,1.252401300532665,1.0932936709508805,0.24096529560399266
10.0,155.0,0.026841638977473242,-0.0005170131132862383,0.06882238856428044,-0.014979000112004861,0.07537660444464556,0.00946916441107242,0.00946916441107242,-20.23688342820514,0.00826795790114906,0.0012012065099233629,1.1272814775086217,1.1272814775086217,0.5203237111760426,0.9842807025177452,0.14300077499087654,1.3336851283200593,1.3336851283200593,1.2505330846041054,1.1645011128378957,0.16918401548216377
10.0,160.0,0.021529336096792875,-0.0004352795576834872,0.0706324317396652,-0.015072053498313195,0.07536450750304473,0.009466125305290875,0.009466125305290875,-20.23827750973434,0.008693307210415065,0.000772818094875809,1.1269196792012948,1.1269196792012948,0.5189296296468451,1.0349175250494127,0.09200215415188202,1.3332570852522359,1.3332570852522359,1.249139003074908,1.2244094662556428,0.1088476189965928
10.0,165.0,0.01612329342914026,-0.00033721846374053883,0.07203570671385905,-0.015147061090529853,0.07535682323943735,0.009464195046704885,0.009464195046704885,-20.23916317953798,0.009030748079498689,0.00043344696720619766,1.1266898865124864,1.1266898865124864,0.5180439598432076,1.0750890570831773,0.05160082942930925,1.3329852178457584,1.3329852178457584,1.248253333271271,1.2719363492251674,0.06104886862059121
10.0,170.0,0.010648114152664421,-0.0002263680930301275,0.0730319012918899,-0.015201878166236407,0.07535376091218778,0.00946342585627857,0.00946342585627857,-20.23951616120385,0.009274374347624658,0.00018905150865391318,1.1265983162236393,1.1265983162236393,0.5176909781773366,1.104092184241031,0.022506131982608715,1.3328768811659957,1.3328768811659957,1.2479003516054,1.3062499081161492,0.026626973049846927
10.0,175.0,0.005127458360735486,-0.00010644736869505133,0.07362091944531682,-0.0152348672751587,0.07535544519906247,0.00946384890887475,0.00946384890887475,-20.239322018718585,0.009420013007803239,4.383590107151331e-05,1.1266486796279465,1.1266486796279465,0.517885120662598,1.1214301199765762,0.005218559651370634,1.332936466038697,1.332936466038697,1.248094494090661,1.3267623954652448,0.006174070573452579
10.0,180.0,-0.0004156378364036966,1.868081035347929e-05,0.07380270056387907,-0.015244896342530118,0.07536191729779577,0.009465474633325657,0.009465474633325657,-20.23857604049249,0.009465186133816235,2.884995094225979e-07,1.1268422182530544,1.1268422182530544,0.5186310988886934,1.1268078730733613,3.434517969316642e-05,1.3331654413134728,1.3331654413134728,1.248840472316757,1.3331248075797513,4.0633733721492656e-05
15.0,-180.0,-0.0004006331986971613,-9.030335076112942e-05,0.07173942206397951,-0.023339203869618373,0.07544157856909184,0.009485496158631073,0.009485496158631073,-20.229399475038385,0.009485215062495013,2.8109613605803076e-07,1.129225733170366,1.129225733170366,0.5278076643427971,1.1291922693446443,3.346382572119414e-05,1.3359853744550805,1.3359853744550805,1.25801703777086,1.3359457834500017,3.9591005078595884e-05
15.0,-175.0,-0.005380643494583608,0.00015898214164405163,0.07155902741806063,-0.02333051908606778,0.0754584927332987,0.009489749972723125,0.009489749972723125,-20.227452298168714,0.009441456777571773,4.829319515134992e-05,1.129732139609896,1.129732139609896,0.5297548412124724,1.1239829497109257,0.005749189898970229,1.3365845032004402,1.3365845032004402,1.2599642146405354,1.329782644728419,0.006801858472021115
15.0,-170.0,-0.01035139942633919,0.00040697868480611243,0.0710504624796237,-0.02328733880409029,0.0754836768373031,0.00949608539562816,0.00949608539562816,-20.224553885476382,0.009317227773129209,0.00017885762249894845,1.1304863566224002,1.1304863566224002,0.5326532539048011,1.1091937825153821,0.021292574107017678,1.3374768162856565,1.3374768162856565,1.2628626273328647,1.3122856018491842,0.025191214436471612
15.0,-165.0,-0.015301723578426425,0.0006490190832849413,0.07021079123234185,-0.023209554613469078,0.0755169027507626,0.0095044470856172,0.0095044470856172,-20.220731428332467,0.009113516345189553,0.0003909307404276412,1.1314817959068095,1.1314817959068095,0.5364757110487153,1.0849424220463755,0.04653937386043347,1.338654519101014,1.338654519101014,1.2666850844767785,1.2835938514351481,0.05506066766586495
15.0,-160.0,-0.020219192133333765,0.0008801413134487365,0.06903551423767453,-0.023097547094797083,0.07555785390753789,0.00951475798610956,0.00951475798610956,-20.216022537914494,0.008832123436267296,0.0006826345498422631,1.132709284060662,1.132709284060662,0.541184601466689,1.0514432662222972,0.08126601783836465,1.3401067586069804,1.3401067586069804,1.2713939748947523,1.243961047361591,0.09614571124538915
15.0,-155.0,-0.025089593792827793,0.0010950735352605006,0.06751881510993299,-0.022952300615811393,0.07560612012360259,0.009526917888019598,0.009526917888019598,-20.2104757792649,0.008475797813561763,0.0010511200744578323,1.1341568914309044,1.1341568914309044,0.546731360116282,1.0090235492335433,0.125133342197361,1.3418194208478305,1.3418194208478305,1.2769407335443455,1.1937743399382763,0.14804508090955384
15.0,-150.0,-0.029896418488728736,0.001288265292183888,0.06565390481245223,-0.02277553408165449,0.07566118975897347,0.009540801286937241,0.009540801286937241,-20.204151494173253,0.00804841066978111,0.0014923906171561312,1.1358096770163384,1.1358096770163384,0.5530556452079287,0.958144127354894,0.17766554966144418,1.3437748291460903,1.3437748291460903,1.2832650186359917,1.133578967574804,0.21019586157128609
15.0,-145.0,-0.0346203911371411,0.0014539713880719757,0.06343346670362383,-0.02256983469056491,0.07572243822860665,0.009556254282114941,0.009556254282114941,-20.1971230263814,0.00755515890063267,0.0020010953814822694,1.1376493192993977,1.1376493192993977,0.5600841129997849,0.8994236786467467,0.23822564065265117,1.3459513073401324,1.3459513073401324,1.2902934864278481,1.0641068874130521,0.2818444199270802
15.0,-140.0,-0.03923906975642123,0.0015863912056230346,0.060850202922839706,-0.02233878017578732,0.07578911219891342,0.009573090346496407,0.009573090346496407,-20.189478423926147,0.007002782179950694,0.0025703081665457168,1.139653612678144,1.139653612678144,0.5677287154550399,0.8336645452322256,0.30598906744591864,1.3483225840135786,1.3483225840135786,1.297938088883103,0.9863073492888301,0.3620152347247488
15.0,-135.0,-0.04372653087142964,0.001679862123680936,0.057897478685854875,-0.022087034304608608,0.07586030952584259,0.009591084978321117,0.009591084978321117,-20.181322610832563,0.006399774431365403,0.0031913105469557113,1.1417958307525138,1.1417958307525138,0.5758845285486204,0.7618779084958814,0.3799179222566323,1.350857039200157,1.350857039200157,1.306093901976684,0.9013766804740003,0.4494803587261565
15.0,-130.0,-0.048053167596345606,0.0017291013752519936,0.05457005551185556,-0.02182040065738656,0.07593495605466727,0.009609969516197851,0.009609969516197851,-20.172779899556023,0.005756565786218212,0.003853403729979642,1.1440439900235537,1.1440439900235537,0.5844272398251612,0.6853054507402633,0.4587385392832908,1.3535168332673029,1.3535168332673029,1.3146366132532243,0.8107839135518606,0.5427329197154426
15.0,-125.0,-0.052185626515325156,0.0017294863735830808,0.05086489768727662,-0.021545820990542947,0.07601178169735963,0.00962942473415522,0.00962942473415522,-20.163996570337712,0.005085647218248147,0.004543777515907073,1.146360087399431,1.146360087399431,0.5932105690434721,0.605434192648589,0.5409258947508421,1.3562570048105944,1.3562570048105944,1.3234199424715356,0.7162883405983306,0.6399686642122638
15.0,-120.0,-0.05608690798241827,0.0016773594601315533,0.046782028925740377,-0.021271306818489863,0.07608929954968628,0.00964907518646642,0.00964907518646642,-20.155143095226762,0.00440160750907318,0.005247467677393241,1.1486994269602882,1.1486994269602882,0.6020640441544194,0.5240008939372834,0.6246985330230048,1.3590246741502,1.3590246741502,1.3322734175824824,0.6199447195877719,0.7390799545624283
15.0,-115.0,-0.05971665045247808,0.001570339458818281,0.04232540889745557,-0.021005796194733903,0.07616579297421434,0.00966848558489,0.00966848558489,-20.14641545941011,0.0037210518555751207,0.005947433729314881,1.1510101886773811,1.1510101886773811,0.6107916799710721,0.442982363758943,0.7080278249184383,1.3617585330830986,1.3617585330830986,1.3410010533991352,0.5240918106443831,0.8376667224387156
15.0,-110.0,-0.06303161289590144,0.0014076196295892984,0.03750379284789278,-0.020758931933727704,0.07623931630259526,0.009687160696415105,0.009687160696415105,-20.138034958668214,0.0030623740749190624,0.006624786621496041,1.1532334162398936,1.1532334162398936,0.6191721807129666,0.36456834225226936,0.788665073987624,1.3643888304810008,1.3643888304810008,1.3493815541410301,0.4313202922421215,0.933068538238879
15.0,-105.0,-0.06598636048465666,0.0011902298711707507,0.03233153268138689,-0.02054076252785563,0.07630771486495079,0.00970455028277131,0.00970455028277131,-20.130245853901137,0.0024453606074416444,0.0072591896753296655,1.1553036050918228,1.1553036050918228,0.6269612854800471,0.29111435802876723,0.8641892470630556,1.366838067995959,1.366838067995959,1.3571706589081098,0.3444169869636119,1.0224210810323473
15.0,-100.0,-0.06853414808592785,0.0009212405763947517,0.02682927534034792,-0.020361372545142996,0.07636866926478285,0.009720060412971956,0.009720060412971956,-20.12331035800184,0.0018906146375157337,0.007829445775456223,1.1571500491633282,1.1571500491633282,0.6338967813793416,0.22507317113282546,0.9320768780305028,1.3690225933763318,1.3690225933763318,1.364106154807405,0.2662837517627794,1.1027388416135524
15.0,-95.0,-0.07062798442318241,0.0006058865981729676,0.021024514579686213,-0.020230455040707213,0.07641976712027235,0.009733072042167877,0.009733072042167877,-20.11750062055611,0.001418802448408833,0.008314269593759041,1.158699052639033,1.158699052639033,0.6397065188250746,0.16890505338200396,0.9897939992570289,1.3708552172067432,1.3708552172067432,1.3699158922531378,0.19983133076180745,1.1710238864449354
15.0,-90.0,-0.07222184799061175,0.0002515924739269153,0.01495195558675051,-0.02015684411096786,0.07645860295829361,0.009742967075078744,0.009742967075078744,-20.11308765081896,0.0010497408363602466,0.0086932262387185,1.1598770327474694,1.1598770327474694,0.6441194885622212,0.12496914718574366,1.0349078855617262,1.3722488838139075,1.3722488838139075,1.374328861990285,0.14785082202256997,1.224398061791338
15.0,-85.0,-0.07327201493510346,-0.0001321155861994433,0.008653658306795408,-0.020148030742516095,0.07648290378947628,0.009749161272042908,0.009749161272042908,-20.110327453877915,0.0008013626954411074,0.0089477985766018,1.1606144371479654,1.1606144371479654,0.6468796855032687,0.09540032088584613,1.0652141162621191,1.3731213059215364,1.3731213059215364,1.3770890589313316,0.11286798527339542,1.2602533206481408
15.0,-80.0,-0.0737384501132603,-0.0005338195145886627,0.0021789344801500235,-0.020209689104888524,0.07649067444835986,0.009751142401193779,0.009751142401193779,-20.109445012788242,0.0006886159254743574,0.009062526475719418,1.1608502858564023,1.1608502858564023,0.647762126592944,0.08197808636599492,1.078872199490407,1.3734003381963065,1.3734003381963065,1.3779715000210064,0.09698815851751512,1.2764121796787913
15.0,-75.0,-0.07358620621167208,-0.0009405423253062307,-0.004416015316260447,-0.020345242962204965,0.07648035347039799,0.009748511112171307,0.009748511112171307,-20.11061708931658,0.0007223664858076662,0.009026144626363638,1.1605370371632509,1.1605370371632509,0.6465900500646047,0.08599601021519837,1.0745410269480522,1.3730297341086346,1.3730297341086346,1.3767994234926677,0.10174175856446004,1.2712879755441744
15.0,-70.0,-0.07278677277946304,-0.0013381973414908818,-0.011068725715602891,-0.020555502542028224,0.07645096753800132,0.009741021239525109,0.009741021239525109,-20.113955097085917,0.0009083875554164206,0.008832633684108691,1.1596453856577513,1.1596453856577513,0.643252042295268,0.10814137564481201,1.0515040100129394,1.3719748224683253,1.3719748224683253,1.3734614157233307,0.12794190921358037,1.244032913254745
15.0,-65.0,-0.07131931756371951,-0.0017121383644880612,-0.017711339792321347,-0.02083840072079999,0.07640227076058358,0.009728615764915174,0.009728615764915174,-20.11948948881223,0.0012465214694829384,0.008482094295432238,1.1581685434422826,1.1581685434422826,0.6377176505689519,0.14839541303368314,1.0097731304086,1.370227572523264,1.370227572523264,1.3679270239970158,0.1755664041525265,1.1946611683707378
15.0,-60.0,-0.06917176663800112,-0.00204778723244335,-0.024271707183066035,-0.021188853646005743,0.07633485456057275,0.009711454574901048,0.009711454574901048,-20.127157168951,0.0017300980544777576,0.007981356520423288,1.1561255446310772,1.1561255446310772,0.6300499704301793,0.20596405410449498,0.950161490526582,1.3678105035071897,1.3678105035071897,1.3602593438582422,0.2436757823208109,1.1241347211863786
15.0,-55.0,-0.06634167712813166,-0.0023313080184723055,-0.030674671944633285,-0.0215987649975761,0.07625021488219987,0.009689930496651932,0.009689930496651932,-20.136793380192856,0.0023456816517509462,0.007344248844900981,1.1535631543633253,1.1535631543633253,0.6204137591883275,0.27924781568463647,0.8743153386786883,1.364778943190413,1.364778943190413,1.3506231326163909,0.33037769742971074,1.0344012457607015
15.0,-50.0,-0.06283686623909784,-0.0025502916000549308,-0.03684350644706838,-0.022057185289448465,0.07615076582808486,0.009664670869449471,0.009664670869449471,-20.148129312904516,0.003073199915207803,0.00659147095424167,1.1505560558868417,1.1505560558868417,0.6090778264766706,0.3658571327628337,0.7846989231240084,1.3612212492182352,1.3612212492182352,1.339287199904734,0.4328450584799722,0.9283761907382633
15.0,-45.0,-0.05867577192444202,-0.002694411053305389,-0.042701441905248765,-0.02255062841790988,0.07603979250815517,0.009636523046719128,0.009636523046719128,-20.160796355999043,0.0038864817427276327,0.0057500413039915,1.1472051246094201,1.1472051246094201,0.5964107833821425,0.46267639794376586,0.6845287266656548,1.3572567671435392,1.3572567671435392,1.3266201568102056,0.5473917947503708,0.8098649723931691
15.0,-40.0,-0.05388753293960298,-0.002756007674654808,-0.04817324357192782,-0.02306353772020412,0.07592134056397526,0.009606523600725276,0.009606523600725276,-20.174337459597574,0.004754201609336303,0.004852321991388972,1.1436337619911041,1.1436337619911041,0.582869679783607,0.5659763820638457,0.5776573799272586,1.3530314930598977,1.3530314930598977,1.3130790532116703,0.6696058604699019,0.6834256325899961
15.0,-35.0,-0.048511788188128825,-0.002730569577661976,-0.053186779100976876,-0.023578883847042462,0.07580004510576996,0.009575852464985523,0.009575852464985523,-20.188225537186323,0.005641195822884293,0.003934656642101227,1.1399824363078004,1.1399824363078004,0.5689816021948606,0.6715709312957492,0.46841150501205087,1.3487116147866933,1.3487116147866933,1.2991909756229238,0.7945346229414496,0.5541769918452433
15.0,-30.0,-0.042598206302445575,-0.0026170696933475344,-0.05767453179803552,-0.024078867523902543,0.07568090719145622,0.009545774632400425,0.009545774632400425,-20.201888231711436,0.006510085760537559,0.00303568887186287,1.1364017419524315,1.1364017419524315,0.5553189076697438,0.7750102095878046,0.36139153236462734,1.344475300338088,1.344475300338088,1.2855282810978077,0.9169134873996562,0.4275618129384323
15.0,-25.0,-0.036205765592314726,-0.002418137341692996,-0.06157501582041013,-0.024545692473798012,0.07556903097586308,0.009517573178983028,0.009517573178983028,-20.214737752851907,0.007323116794505881,0.002194456384477145,1.1330444260694081,1.1330444260694081,0.5424693865292769,0.8717996183935574,0.26124480767585057,1.3405032646454969,1.3405032646454969,1.2726787599573401,1.031424900634631,0.3090783640108654
15.0,-20.0,-0.029401811409677008,-0.0021400468803871764,-0.06483405712421249,-0.02496236798787244,0.07546933876461404,0.009492478188426804,0.009492478188426804,-20.226203920977532,0.008044101786161943,0.001448376402264862,1.1300569271936673,1.1300569271936673,0.5310032184036527,0.9576311650192789,0.17242576217438835,1.3369687589333528,1.3369687589333528,1.2612125918317156,1.13297208255802,0.20399667637533264
15.0,-15.0,-0.022260922493029467,-0.0017925176758368186,-0.0674059112881755,-0.025313497306760083,0.07538628398022804,0.009471596545011927,0.009471596545011927,-20.235768095661292,0.008640346478745686,0.0008312500662662429,1.1275710172633246,1.1275710172633246,0.5214390437198944,1.0286126760411534,0.09895834122217179,1.3340276823960457,1.3340276823960457,1.251648417147957,1.2169502082740402,0.11707747412200603
15.0,-10.0,-0.01486362014300386,-0.0013883310866246623,-0.06925419653366706,-0.025586007399165663,0.07532358315372112,0.009455847527324437,0.009455847527324437,-20.242995392732585,0.009084431832605735,0.0003714156947187044,1.1256961342052902,1.1256961342052902,0.5142117466485986,1.081479980072111,0.04421615413317909,1.3318095108907657,1.3318095108907657,1.2444211200766617,1.2794974412120752,0.05231206967869076
15.0,-5.0,-0.007294954565184179,-0.0009427815516600253,-0.07035262672898283,-0.025769778004212252,0.07528398730949512,0.009445908704975227,0.009445908704975227,-20.247562562097833,0.00935573549743722,9.017320753800713e-05,1.1245129410684793,1.1245129410684793,0.5096445772833494,1.1137780354091928,0.010734905659286566,1.3304096767570741,1.3304096767570741,1.2398539507114132,1.3177092249911577,0.012700451765916497
15.0,0.0,0.0003569980236499511,-0.0004729894683454493,-0.0706855345561805,-0.025858132869036488,0.07526911051415307,0.009442175880209805,0.009442175880209805,-20.249279141893236,0.009441590616288001,5.852639218050101e-07,1.124068557167834,1.124068557167834,0.507927997487946,1.1239988828914287,6.967427640535836e-05,1.329883926790113,1.329883926790113,1.2381373709160086,1.329801495251831,8.243153828239579e-05
15.0,5.0,0.008002695262210544,2.8874110282751107e-06,-0.07024817922383328,-0.025848163705154633,0.0752793291082567,0.009444739808801698,0.009444739808801698,-20.248100018668854,0.009338003757078132,0.00010673605172356537,1.124373786762107,1.124373786762107,0.509107120712329,1.1116671139378729,0.012706672824233975,1.330245043493197,1.330245043493197,1.239316494140392,1.3152117967715677,0.015033246721628927
15.0,10.0,0.015552714568358937,0.0004665005124196227,-0.06904683625829612,-0.025740867064003678,0.07531375961708192,0.009453381266334078,0.009453381266334078,-20.244128261298307,0.009049883183761808,0.0004034980825722668,1.125402531706438,1.125402531706438,0.5130788780828761,1.0773670456859297,0.04803548602050796,1.3314621501878983,1.3314621501878983,1.2432882515109391,1.274631434332649,0.05683071585524884
15.0,15.0,0.0229193351307194,0.0009001672869635729,-0.06709866931546138,-0.02554108548071538,0.07537031707122901,0.00946758477797554,0.00946758477797554,-20.237607972774168,0.008590761728501005,0.0008768230494745361,1.127093425949469,1.127093425949469,0.5195991666070137,1.022709729583453,0.10438369636601619,1.333462644785287,1.333462644785287,1.249808540035077,1.2099664406339443,0.12349620415134309
15.0,20.0,0.03001808624944863,0.0012876898122223986,-0.06443138605574625,-0.025257256104141645,0.07544584907141447,0.009486570075180896,0.009486570075180896,-20.228907809000155,0.007982032775496946,0.001504537299683947,1.129353580378678,1.129353580378678,0.5282993303810268,0.95024199708297,0.17911158329570798,1.3361366303071682,1.3361366303071682,1.25850870380909,1.1242299683798516,0.21190666192731647
15.0,25.0,0.03676923190879375,0.0016150888948158128,-0.06108268238258387,-0.024900981783762696,0.07553633501929859,0.009509339148830584,0.009509339148830584,-20.218496632927305,0.0072517507900657615,0.0022575883587648274,1.1320641843845933,1.1320641843845933,0.5387105064538796,0.8633036654840193,0.26876051890057473,1.3393435420888147,1.3393435420888147,1.2689198798819434,1.0213733507134874,0.3179701913753278
15.0,30.0,0.04309916059993119,0.0018712128533476492,-0.057099482180333255,-0.02448645036870319,0.07563713505205201,0.009534735701735207,0.009534735701735207,-20.206913408842397,0.006433076970736382,0.0031016587309988237,1.1350875835399057,1.1350875835399057,0.5502937305387852,0.765842496516236,0.3692450870236695,1.342920521371156,1.342920521371156,1.2805031039668484,0.9060671789769552,0.4368533423942005
15.0,35.0,0.048941648465401014,0.0020481883383646985,-0.05253698341173504,-0.024029737001920036,0.07574326977604459,0.009561512933361747,0.009561512933361747,-20.194733831816364,0.0055624737638012515,0.003999039169560495,1.138275349209732,1.138275349209732,0.5624733075648195,0.6621992575953871,0.4760760916143448,1.3466919624453164,1.3466919624453164,1.2926826809928824,0.7834470089860917,0.5632449534592248
15.0,40.0,0.0542389633119385,0.002141690866204036,-0.0474575261967859,-0.023548030811546553,0.07584971014275768,0.009588404987098802,0.009588404987098802,-20.182536308807926,0.004677767375738607,0.004910637611360195,1.141476784178429,1.141476784178429,0.5746708305732593,0.5568770685403105,0.5845997156381185,1.3504795756477186,1.3504795756477186,1.304880204001322,0.6588404754561418,0.6916391001915767
15.0,45.0,0.0589427774959742,0.0021510244330621197,-0.041929304249819464,-0.023058831154163736,0.07595165682275609,0.009614197121761732,0.009614197121761732,-20.170869776914838,0.0038162038421449386,0.005797993279616796,1.1445472764002065,1.1445472764002065,0.5863373624663475,0.4543099812077308,0.6902372951924758,1.3541122706706665,1.3541122706706665,1.3165467358944103,0.5374934988936533,0.8166187717770135
15.0,50.0,0.06301485966154743,0.0020790117631119833,-0.03602494755031435,-0.022579159225170252,0.07604479012657059,0.009637789784727393,0.009637789784727393,-20.16022550573568,0.003012621154238964,0.006625168630488426,1.1473559267532611,1.1473559267532611,0.5969816336455053,0.35864537550463854,0.7887105512486223,1.35743518094752,1.35743518094752,1.3271910070735684,0.42431283862520613,0.9331223423223135
15.0,55.0,0.06642751923825263,0.0019317085366656387,-0.029820010921308638,-0.022124828435794868,0.07612547467621712,0.00965825228479144,0.00965825228479144,-20.151014545101408,0.0022978476725577165,0.007360404612233722,1.1497919386656477,1.1497919386656477,0.6061925942797751,0.2735532943521091,0.8762386443135385,1.3603172232100618,1.3603172232100618,1.3364019677078383,0.3236405172616502,1.0366767059484117
15.0,60.0,0.06916378374662706,0.0017179654989568287,-0.023391409681566375,-0.02170981171325281,0.07619090732575354,0.009674862667536185,0.009674862667536185,-20.143551909761857,0.001697416629594881,0.007977446037941309,1.151769365182879,1.151769365182879,0.6136552296193281,0.2020734082851049,0.9496959568977749,1.3626567137374905,1.3626567137374905,1.343864603047391,0.23907276473167338,1.1235839490058182
15.0,65.0,0.07121729733464345,0.0014488709396132727,-0.016815849013377012,-0.021345736263060175,0.0762392018669102,0.009687131615460755,0.009687131615460755,-20.13804799625204,0.0012306597311929758,0.008456471884267779,1.1532299542215185,1.1532299542215185,0.619159143129142,0.14650711085630663,1.0067228433652118,1.3643847345719373,1.3643847345719373,1.3493685165572054,0.1733323565060529,1.1910523780658842
15.0,70.0,0.07259193933308794,0.0011371120959017627,-0.010168297409696141,-0.02104152695719017,0.07626940939170541,0.009694809614000861,0.009694809614000861,-20.134607151464643,0.0009102121043977268,0.008784597509603129,1.1541440016667692,1.1541440016667692,0.6225999879165435,0.10835858385687225,1.0457854178098964,1.3654661428170225,1.3654661428170225,1.3528093613446064,0.12819888794334178,1.23726725487368
15.0,75.0,0.07330117344002729,0.0007962972115609314,-0.003520555860294078,-0.020803209108904097,0.07628147835305989,0.00969787809299158,0.00969787809299158,-20.133232794774365,0.0007419288921511678,0.008955949200840412,1.154509296784712,1.154509296784712,0.623974344606819,0.08832486811323426,1.0661844286714777,1.3658983229565607,1.3658983229565607,1.3541837180348828,0.10449702706354477,1.2614012958930156
15.0,80.0,0.07336715064308803,0.00044028014601974174,0.003060027203370029,-0.020633870752300647,0.07627616291345918,0.009696526606618409,0.009696526606618409,-20.133838065298804,0.0007251835631789007,0.008971343043439509,1.1543484055498106,1.1543484055498106,0.6233690740823798,0.08633137656891675,1.0680170289808941,1.365707972763156,1.365707972763156,1.353578447510443,0.10213853002519727,1.263569442737959
15.0,85.0,0.07281960119385175,8.252667759470761e-05,0.00951165002164644,-0.020533774446234485,0.07625489169769537,0.009691119199056505,0.009691119199056505,-20.136260646513634,0.0008534921910690426,0.00883762700798746,1.153704666554346,1.153704666554346,0.6209464928675493,0.10160621322250507,1.0520984533318407,1.3649463660642964,1.3649463660642964,1.3511558662956122,0.12021016775620319,1.2447361983080931
15.0,90.0,0.07169456180427605,-0.0002644436972396592,0.01577892347770471,-0.02050059978806135,0.0762196112595813,0.009682153798163964,0.009682153798163964,-20.140280230002897,0.0011153887520939953,0.008566765046069968,1.1526373569242816,1.1526373569242816,0.6169269093782861,0.13278437524928516,1.0198529816749964,1.3636836335442204,1.3636836335442204,1.3471362828063496,0.1570970073371824,1.2065866262070377
15.0,95.0,0.07003299271691077,-0.0005895140808275271,0.021813482461005142,-0.020529790850430534,0.07617261926163083,0.009670218720369718,0.009670218720369718,-20.1456370296194,0.001495465317256904,0.008174753403112812,1.1512165143297286,1.1512165143297286,0.6115701097617826,0.17803158538772668,0.9731849289420016,1.3620026366717914,1.3620026366717914,1.3417794831898457,0.21062891792350763,1.1513737187482835
15.0,100.0,0.06787934454660194,-0.0008833070422998737,0.027574328933586977,-0.020614978071554012,0.07611640154681237,0.009655950155287868,0.009655950155287868,-20.15204984764405,0.0019754883543311895,0.0076804618009566755,1.1495178756295081,1.1495178756295081,0.6051572917371363,0.2351771850394273,0.9143406905900806,1.3599929796180097,1.3599929796180097,1.3353666651652003,0.27823779638467455,1.0817551832333347
15.0,105.0,0.065280136217549,-0.0011383939492862808,0.03302790685074376,-0.020748441959952853,0.0760534851277209,0.009639993890597814,0.009639993890597814,-20.159232413337357,0.0025355077235799093,0.007104486167017903,1.1476183203092636,1.1476183203092636,0.5979747260438295,0.3018461575690368,0.8457721627402267,1.3577456183940582,1.3577456183940582,1.3281840994718928,0.35711376388449423,1.0006318545095638
15.0,110.0,0.06228260270778992,-0.001349378038182615,0.038147922864329165,-0.020921586325087633,0.07598631596785853,0.00962297364873724,0.00962297364873724,-20.166907034632548,0.003154886995755305,0.006468086652981936,1.1455921010401477,1.1455921010401477,0.5903001047486336,0.3755817852089649,0.7700103158311831,1.3553484012305972,1.3553484012305972,1.3205094781766968,0.44435028109229646,0.910998120138301
15.0,115.0,0.0589334648535313,-0.0015128610229055571,0.042914939292173694,-0.021125391412444006,0.07591716673386167,0.00960546737871864,0.00960546737871864,-20.17481498573227,0.0038132004590848492,0.005792266919633787,1.1435080212760287,1.1435080212760287,0.5823921536489147,0.45395243560533927,0.6895555856706891,1.3528827293969914,1.3528827293969914,1.3126015270769775,0.5370704871950491,0.8158122422019419
15.0,120.0,0.05527786374633166,-0.0016273101226513184,0.04731577612616547,-0.02135082192188051,0.07584807595288463,0.009587991825189521,0.009587991825189521,-20.182723449217164,0.0044909613089554705,0.005097030516234047,1.1414275982368478,1.1414275982368478,0.5744836901640176,0.5346382510661275,0.60678934717072,1.35042138382951,1.35042138382951,1.3046930635920813,0.6325297618247142,0.7178916220047953
15.0,125.0,0.05135849019942245,-0.0016928475798754622,0.0513427660690497,-0.021589170903342406,0.07578081667815247,0.009570994810045788,0.009570994810045788,-20.19042919270232,0.005170164742127266,0.004400830067918521,1.1394041440530702,1.1394041440530702,0.5667779466788625,0.6154958026341986,0.5239083414188717,1.3480274380346182,1.3480274380346182,1.296987320106926,0.7281922172010236,0.6198352208335945
15.0,130.0,0.04721492651292504,-0.0017109877870013827,0.054992910266457806,-0.021832327359287862,0.07571689020506567,0.009554854000172346,0.009554854000172346,-20.197759446533368,0.005834647036831211,0.0037202069633411354,1.1374826190681364,1.1374826190681364,0.5594476928478153,0.6946008377180014,0.44288178135013523,1.3457540845313163,1.3457540845313163,1.2896570662758788,0.8217812727931283,0.5239728117381881
15.0,135.0,0.04288320456443971,-0.0016843479906867985,0.05826698245437991,-0.022072962426818575,0.07565753879491503,0.009539880543230265,0.009539880543230265,-20.204570634238642,0.006470275757222674,0.0030696047860075933,1.1357000646702697,1.1357000646702697,0.5526365051425404,0.7702709234788898,0.3654291411913802,1.3436451469338402,1.3436451469338402,1.282845878570604,0.9113064446792498,0.4323387022545906
15.0,140.0,0.038395572259976175,-0.0016163573298081453,0.061168625978928075,-0.022304635693215776,0.07560377079052173,0.009526325831303124,0.009526325831303124,-20.210745682876915,0.007064996184352031,0.0024613296469510907,1.134086408488467,1.134086408488467,0.5464614565042683,0.8410709743276229,0.29301543416084413,1.3417360325779046,1.3417360325779046,1.276670829932332,0.9950698851200043,0.3466661474579001
15.0,145.0,0.03378045056549997,-0.0015109859797196555,0.06370348220593267,-0.022521829032022666,0.07555639183516069,0.009514389761510431,0.009514389761510431,-20.216190614712936,0.007608764791243215,0.0019056249702672137,1.1326654477988607,1.1326654477988607,0.5410165246682482,0.9058053322908589,0.22686011550800164,1.3400548959873844,1.3400548959873844,1.2712258980963114,1.0716570128511569,0.2683978831362272
15.0,150.0,0.029062556354886318,-0.0013725118294102955,0.06587838110409484,-0.02271991996890802,0.07551603691198819,0.009504229140459501,0.009504229140459501,-20.22083101693951,0.008093402427254067,0.0014108267132054296,1.1314558500547025,1.1314558500547025,0.5363761224416764,0.9635002889588177,0.1679555610958845,1.3386238225999296,1.3386238225999296,1.2665854958697398,1.1399158348245164,0.1987079877754126
15.0,155.0,0.024263162435228566,-0.0012053368868562577,0.06770061625534973,-0.02289510977161669,0.07548319933056366,0.009495965252290624,0.009495965252290624,-20.224608832242794,0.008512398610281168,0.000983566642009456,1.130472053844122,1.130472053844122,0.5325983071383906,1.0133807869382343,0.11709126690588764,1.3374598946888203,1.3374598946888203,1.2628076805664543,1.198929381729742,0.1385305129590783
15.0,160.0,0.019400465241792012,-0.0010138599867079124,0.06917731820205428,-0.023044323122178852,0.07545825432289224,0.009489690007264177,0.009489690007264177,-20.22747974119965,0.00886069488636836,0.0006289951208958193,1.1297250008647832,1.1297250008647832,0.5297273981815365,1.0548446293295666,0.0748803715352166,1.3365760573611518,1.3365760573611518,1.2599367716095997,1.247985195263149,0.08859086209800271
15.0,165.0,0.014490032389632763,-0.0008024068311789949,0.07031493272664856,-0.023165096418707554,0.07544147633640569,0.009485470450603401,0.009485470450603401,-20.229411245503,0.00913447056088394,0.0003509998897194597,1.1292226726908812,1.1292226726908812,0.527795893878183,1.0874369715338026,0.04178570115707854,1.3359817536061127,1.3359817536061127,1.258005267306246,1.2865451494202733,0.04943660418583939
15.0,170.0,0.009545305831248478,-0.0005752133308341086,0.07111880498720408,-0.023255470623129722,0.07543305025318311,0.009483351698323934,0.009483351698323934,-20.230381429545105,0.009330949065811832,0.00015240263251210242,1.128970440276659,1.128970440276659,0.52682570983608,1.1108272697395039,0.01814317053715505,1.3356833377921036,1.3356833377921036,1.257035083264144,1.3142181782833564,0.021465159508746817
15.0,175.0,0.004578140963916868,-0.0003364539346903592,0.07159286672678096,-0.023313902351600767,0.0754330775254083,0.0094833585555874,0.0094833585555874,-20.230378289230686,0.009448238423093135,3.512013249426511e-05,1.1289712566175476,1.1289712566175476,0.5268288501504981,1.1247902884634684,0.004180968154079179,1.3356843036038588,1.3356843036038588,1.2570382235785607,1.3307378060694555,0.0049464975344035355
15.0,180.0,-0.0004006331986971443,-9.03033507611349e-05,0.07173942206397951,-0.023339203869618373,0.07544157856909184,0.009485496158631073,0.009485496158631073,-20.229399475038385,0.009485215062495013,2.8109613605800975e-07,1.129225733170366,1.129225733170366,0.5278076643427971,1.1291922693446443,3.346382572119163e-05,1.3359853744550805,1.3359853744550805,1.25801703777086,1.3359457834500017,3.9591005078592916e-05
20.0,-180.0,-0.0003765434265688665,-0.00021095897625610734,0.06882311899899805,-0.03101647428849094,0.07549059328605533,0.009497825697631912,0.009497825697631912,-20.223758047741356,0.009497515223876799,3.1047375511167565e-07,1.1306935354323704,1.1306935354323704,0.5334490916398287,1.1306565742710477,3.696116132281853e-05,1.337721929243931,1.337721929243931,1.263658465067892,1.337678200546028,4.37286979030529e-05
20.0,-175.0,-0.00476843677222981,0.00014671187679070465,0.06868240270352687,-0.031015255644339722,0.0755114430893671,0.009503072845277374,0.009503072845277374,-20.221359416623002,0.009465141216202948,3.793162907442368e-05,1.131318195866354,1.131318195866354,0.5358477227581808,1.1268025257384462,0.0045156701279075815,1.3384609641235736,1.3384609641235736,1.2660570961862438,1.3331184811553447,0.005342482968228687
20.0,-170.0,-0.009163643669025145,0.000506486856562457,0.06828770031651885,-0.03097263415152664,0.07554298759667728,0.009511014220840778,0.009511014220840778,-20.217731689691437,0.009370636037642377,0.00014037818319840106,1.1322635977191404,1.1322635977191404,0.5394754496897496,1.1155519092431403,0.016711688476000127,1.3395794677240531,1.3395794677240531,1.269684823117812,1.3198078926256869,0.019771575098366346
20.0,-165.0,-0.013561883659592015,0.0008644511855229113,0.067634213450859,-0.030887627488532826,0.07558508004384983,0.009521616221406327,0.009521616221406327,-20.212893271971964,0.009213836865328368,0.0003077793560779637,1.1335257406436106,1.1335257406436106,0.5443138674092216,1.09688534111052,0.03664039953309092,1.341072707240328,1.341072707240328,1.274523240837285,1.297723502158925,0.04334920508140333
20.0,-160.0,-0.017961384306095073,0.0012159621689617468,0.06671432721197058,-0.03075947822493792,0.07563753596068486,0.009534836778223171,0.009534836778223171,-20.206867370095573,0.00899469968638442,0.000540137091838747,1.1350996164551395,1.1350996164551395,0.55033976928561,1.0707975817124311,0.06430203474270799,1.3429347574962212,1.3429347574962212,1.280549142713673,1.266859110758369,0.0760756467378517
20.0,-155.0,-0.02235819484110387,0.0015555125455414417,0.06551781699045381,-0.030587869375966855,0.07570013601036597,0.009550625982550506,0.009550625982550506,-20.199681622531237,0.008713464878920874,0.0008371611036296372,1.136979283636965,1.136979283636965,0.5575255168499442,1.0373172474905803,0.09966203614638539,1.3451585890916204,1.3451585890916204,1.2877348902780077,1.2272485744958976,0.11791001459572353
20.0,-150.0,-0.026745487407242606,0.001876674299287136,0.06403216079889518,-0.030373179828984628,0.07577262482305852,0.009568925685739539,0.009568925685739539,-20.191368182257975,0.008370882238763517,0.001198043446976022,1.1391578197308976,1.1391578197308976,0.5658389571232112,0.9965335998527999,0.14262421987809784,1.3477360120759914,1.3477360120759914,1.2960483305512742,1.178997498417397,0.1687385136585946
20.0,-145.0,-0.031112858717066535,0.002172135515423233,0.06224297600943712,-0.03011676002020932,0.07585469957011069,0.009589666487597983,0.009589666487597983,-20.181964965951863,0.007968491097279004,0.0016211753903189762,1.1416269628092837,1.1416269628092837,0.5752421734293172,0.9486298925332148,0.1929970702760686,1.3506572517743636,1.3506572517743636,1.3054515468573802,1.1223226897576062,0.2283345620167572
20.0,-140.0,-0.035445656094018334,0.002433837850253847,0.06013459740736675,-0.02982120533435098,0.07594598208961649,0.009612760524664386,0.009612760524664386,-20.171518767987404,0.007508946584253684,0.002103813940410706,1.1443762529362367,1.1443762529362367,0.5856883713937815,0.893922212411153,0.250454040525084,1.353909933051322,1.353909933051322,1.3158977448218443,1.0575981104582655,0.2963118225930571
20.0,-135.0,-0.039724362626913666,0.002653216452691275,0.05769080801022974,-0.029490602821667294,0.07604596982955694,0.009638088814222056,0.009638088814222056,-20.16009076027253,0.006996376811131382,0.0026417120030906766,1.1473915255026257,1.1473915255026257,0.5971163791086518,0.8329020013251646,0.31448952417746157,1.3574772977777543,1.3574772977777543,1.3273257525367153,0.9854051846663917,0.3720721131113629
20.0,-130.0,-0.04392408524662076,0.0028215378205506784,0.05489572524850708,-0.02913072621868526,0.07615396379055249,0.00966548262500685,0.00966548262500685,-20.14776455536699,0.00643674812369137,0.00322873450131548,1.1506526934531964,1.1506526934531964,0.6094425840141962,0.7662795385346869,0.38437315491850954,1.3613355809868801,1.3613355809868801,1.3396519574422594,0.9065842427734323,0.4547513382134479
20.0,-125.0,-0.04801419558121854,0.0029303242949399308,0.051734833339362324,-0.028749155116234642,0.07626897585738213,0.009694699398888056,0.009694699398888056,-20.134656524365504,0.005838207291373382,0.003856492107514672,1.1541308808200068,1.1541308808200068,0.6225506150156804,0.6950246775444503,0.45910620327555623,1.365450619561698,1.365450619561698,1.3527599884437436,0.8222827170948425,0.5431679024668552
20.0,-120.0,-0.05195817526554414,0.0029718469801208436,0.04819613886332898,-0.028355296559313438,0.07638962295821441,0.009725395038000307,0.009725395038000307,-20.120927489390926,0.005211361632207548,0.0045140334057927585,1.1577851235714651,1.1577851235714651,0.6362796499902603,0.6204001943104224,0.5373849292610428,1.3697739490141279,1.3697739490141279,1.3664890234183245,0.7339945960855702,0.6357793529285575
20.0,-115.0,-0.05571371407752367,0.002939662189691871,0.044271411898829605,-0.027960291420884402,0.07651402066260914,0.009757095728260796,0.009757095728260796,-20.106794340639095,0.00456945202761083,0.005187643700649964,1.1615590152691424,1.1615590152691424,0.6504127987420893,0.5439823842393845,0.6175766310297577,1.374238834966309,1.374238834966309,1.3806221721701522,0.6435847926212436,0.7306540423450653
20.0,-110.0,-0.05923310043400339,0.002829160491399787,0.03995746109551107,-0.02757679352352194,0.0766396932036466,0.009789173666518455,0.009789173666518455,-20.092539667481955,0.003928371181530841,0.005860802484987614,1.1653778174426732,1.1653778174426732,0.6646674718992275,0.4676632358965287,0.6977145815461446,1.378756854439219,1.378756854439219,1.3948768453272913,0.553291715708569,0.82546513873065
20.0,-105.0,-0.062463929609998525,0.002638092537177735,0.035257379422873776,-0.0272186165778425,0.07676351950462959,0.00982083184132816,0.00982083184132816,-20.07851725166374,0.0033064819225814687,0.006514349918746695,1.169146647777162,1.169146647777162,0.678689887717444,0.3936288003073177,0.7755178474698445,1.3832157522997408,1.3832157522997408,1.4088992611455076,0.46570167923682654,0.9175140730629147
20.0,-100.0,-0.0653501364282606,0.0023670326554477584,0.03018168958382966,-0.02690025237463451,0.07688173475369758,0.009851103148164033,0.009851103148164033,-20.065151335293407,0.0027241990935934083,0.007126904054570622,1.1727503747814327,1.1727503747814327,0.6920558040877784,0.3243094159039772,0.8484409588774552,1.3874793166428214,1.3874793166428214,1.422265177515841,0.3836900131821701,1.003789303460651
20.0,-95.0,-0.06783333760044237,0.0020197402066099218,0.024749315491335768,-0.026636273006480384,0.07699000388026496,0.009878868425281429,0.009878868425281429,-20.052927988132687,0.0022033141868561743,0.007675554238425256,1.176055764914456,1.176055764914456,0.7042791512484965,0.26229930795906836,0.9137564569553879,1.3913899190537224,1.3913899190537224,1.4344885246765595,0.3103259418107287,1.081063977242994
20.0,-90.0,-0.06985444634375435,0.0016033804863991277,0.01898830951853754,-0.02644063974689131,0.07708357692513557,0.009902896416020532,0.009902896416020532,-20.042377636326446,0.001766063940794595,0.008136832475225939,1.1789162400024442,1.1789162400024442,0.7148295030547374,0.2102457072374518,0.9686705327649928,1.3947741431014835,1.3947741431014835,1.4450388764828017,0.24874140011191478,1.1460327429895687
20.0,-85.0,-0.07135550052293518,0.0011285719129666735,0.012936274562145382,-0.026325950935290957,0.07715752731675565,0.009921906284936248,0.009921906284936248,-20.034048793082256,0.001433971037265692,0.008487935247670558,1.1811793196352676,1.1811793196352676,0.7231583462989273,0.17071083776972523,1.0104684818655427,1.3974515894276405,1.3974515894276405,1.453367719726991,0.20196775172756223,1.1954838377000787
20.0,-80.0,-0.07228162749858881,0.0006092345317124735,0.006640434752367979,-0.02630266997515981,0.07720706355044213,0.00993465038544031,0.00993465038544031,-20.02847411729374,0.0012265141403090328,0.008708136245131278,1.1826964744571797,1.1826964744571797,0.7287330220874421,0.14601358813202775,1.0366828863251523,1.3992465331606068,1.3992465331606068,1.4589423955155052,0.17274847046606098,1.2264980626945463
20.0,-75.0,-0.07258305591225524,6.222636299890597e-05,0.00015732774614298368,-0.026378381392595816,0.07722789414838899,0.009940011879982962,0.009940011879982962,-20.0261309654756,0.001159712273084377,0.008780299606898584,1.1833347476170193,1.1833347476170193,0.7310761739055865,0.13806098489099727,1.045273762726022,1.4000016732370366,1.4000016732370366,1.4612855473336492,0.16333975677244747,1.2366619164645891
20.0,-70.0,-0.07221707810649725,-0.0004932317577342996,-0.006447886663336782,-0.02655712684794234,0.07721661658378784,0.009937109018459959,0.009937109018459959,-20.027399455773136,0.0012447310566654976,0.008692377961794458,1.1829891688642808,1.1829891688642808,0.7298076836080497,0.14818226865065448,1.034806900213626,1.3995928195014027,1.3995928195014027,1.4600170570361135,0.17531423333316865,1.2242785861682333
20.0,-65.0,-0.07114986742303449,-0.0010363264164467687,-0.013102484293518043,-0.026838873201588603,0.07717109443405377,0.009925395860247932,0.009925395860247932,-20.032521630038552,0.0014866319919517755,0.008438763868296163,1.181594745267611,1.181594745267611,0.7246855093426305,0.17697999904187808,1.0046147462257335,1.3979430789081593,1.3979430789081593,1.4548948827706938,0.20938478759884163,1.1885582913093187
20.0,-60.0,-0.06935806220527731,-0.0015455843896877467,-0.019727561928049038,-0.02721916066028772,0.07709078434321659,0.009904748370855214,0.009904748370855214,-20.04156553193298,0.0018833879735448242,0.008021360397310388,1.179136710816097,1.179136710816097,0.7156416074482024,0.22421285399343147,0.9549238568226655,1.3950349818105934,1.3950349818105934,1.4458509808762652,0.26526591176687664,1.1297690700437166
20.0,-55.0,-0.06683004223180194,-0.0019999204886367488,-0.026239693139047025,-0.027688970559889822,0.07697697586527479,0.009875525363840733,0.009875525363840733,-20.0543979124095,0.002425277173829897,0.007450248190010837,1.1756577814096112,1.1756577814096112,0.7028092269716829,0.28872347307498775,0.8869343083346235,1.3909190653296806,1.3909190653296806,1.4330186003997458,0.341588334342239,1.0493307309874418
20.0,-50.0,-0.06356684218969363,-0.002379740837181241,-0.032552783617514715,-0.028234839870008466,0.07683291284440097,0.0098385957051904,0.0098385957051904,-20.070668854110977,0.003094743596867385,0.006743852108323017,1.1712613934750478,1.1712613934750478,0.6865382852702049,0.3684218567699268,0.8028395367051211,1.3857177049563942,1.3857177049563942,1.4167476586982675,0.43587937984047664,0.9498383251159179
20.0,-45.0,-0.05958266883731295,-0.002668033804563338,-0.038580046903196885,-0.028839233924113233,0.07666377412143098,0.009795326335221682,0.009795326335221682,-20.08981090733545,0.003866777956185351,0.005928548379036333,1.1661102780025812,1.1661102780025812,0.6673962320457321,0.4603307090696847,0.705779568932897,1.3796234274960113,1.3796234274960113,1.397605605473795,0.5446166135472325,0.8350068139487794
20.0,-40.0,-0.054905011569923036,-0.0028513776247941205,-0.04423601941642764,-0.029481171455394244,0.07647650314995759,0.00974752958044273,0.00974752958044273,-20.11105438201679,0.0047098305143146914,0.00503769906612804,1.1604201881479443,1.1604201881479443,0.6461527573643955,0.5606941088469871,0.5997260793009573,1.3728914902032012,1.3728914902032012,1.3763621307924576,0.6633564104668579,0.7095350797363437
20.0,-35.0,-0.04957435797486668,-0.002920795885764533,-0.04943853768669088,-0.03013707822645116,0.07627948944409708,0.009697372388445143,0.009697372388445143,-20.133459267429874,0.005587222524474909,0.004110149863970233,1.1544490938625172,1.1544490938625172,0.6237478719513093,0.6651455386279654,0.48930355523455155,1.3658270969641046,1.3658270969641046,1.3539572453793725,0.7869327499260436,0.5788943470380609
20.0,-30.0,-0.04364354462418688,-0.002872399424322573,-0.05411060978547656,-0.030781828849346084,0.07608211842793804,0.009647253960241025,0.009647253960241025,-20.15596288690457,0.006458979630068841,0.0031882743301721835,1.148482614314408,1.148482614314408,0.6012442524766128,0.7689261464367667,0.3795564678776409,1.358768163414229,1.358768163414229,1.331453625904676,0.9097154408547663,0.4490527225594625
20.0,-25.0,-0.03717678724834522,-0.002707765141889095,-0.058182125761135156,-0.03138992209839889,0.07589421894716653,0.009599661290010657,0.009599661290010657,-20.177440901348493,0.0072839733419002885,0.0023156879481103696,1.1428168202393638,1.1428168202393638,0.5797662380326916,0.8671396835595582,0.2756771366798059,1.352064970424036,1.352064970424036,1.309975611460755,1.0259117382958152,0.32615323212822106
20.0,-20.0,-0.03024844270643541,-0.0024340179743187274,-0.06159136651600987,-0.03193672414503304,0.07572544821979736,0.009557014025556176,0.009557014025556176,-20.19677776634627,0.008022228967595385,0.0015347850579607869,1.137739764947164,1.137739764947164,0.5604293730349117,0.9550272580470696,0.1827125069000937,1.3460583134586162,1.3460583134586162,1.2906387464629745,1.1298914038866739,0.21616690957194182
20.0,-15.0,-0.022941557775202567,-0.0020636006495195593,-0.0642862851367188,-0.03239970742238724,0.07558466126489859,0.009521510712715809,0.009521510712715809,-20.212941396255587,0.008637242343954741,0.0008842683687610702,1.1335131800852154,1.1335131800852154,0.5442657431255948,1.0282431361850883,0.10527004390012742,1.3410578468613816,1.3410578468613816,1.2744751165536585,1.2165130061908087,0.12454484067057327
20.0,-10.0,-0.015346257479590437,-0.0016137357939274921,-0.06622554747115542,-0.03275961072533447,0.07547931501128104,0.009494987964305625,0.009494987964305625,-20.225055814313308,0.009098144377176884,0.00039684358712874457,1.130355710036384,1.130355710036384,0.5321513250678757,1.0831124258543912,0.0472432841819934,1.33732224849375,1.33732224849375,1.262360698495939,1.281428785517871,0.055893462975879514
20.0,-5.0,-0.007558019875171907,-0.0011056051840410259,-0.06737932850049565,-0.033001448910558444,0.07541495585512449,0.009478802632381017,0.009478802632381017,-20.23246519517666,0.009381561544532168,9.724108784884994e-05,1.128428884807264,1.128428884807264,0.5247419442045295,1.116852564825258,0.011576319982005947,1.3350426242790168,1.3350426242790168,1.2549513176325935,1.3213466964129812,0.013695927866035204
20.0,0.0,0.0003241233775691662,-0.000563290187356237,-0.06772986718404195,-0.03311530819675148,0.07539483336099931,0.009473744969705766,0.009473744969705766,-20.234783105242833,0.00947304106662399,7.039030817788575e-07,1.1278267821078294,1.1278267821078294,0.5224240341383506,1.1277429841219038,8.379798592605449e-05,1.3343302774233472,1.3343302774233472,1.2526334075664134,1.334231136144224,9.914127912378275e-05
20.0,5.0,0.008199428842026665,-1.253433715813347e-05,-0.0672717850396947,-0.0330968753181497,0.07541967255760997,0.009479988341224675,0.009479988341224675,-20.23192196770046,0.009367939663581567,0.00011204867764310689,1.1285700406219852,1.1285700406219852,0.525285171680725,1.115230912331139,0.013339128290846058,1.3352096255246022,1.3352096255246022,1.2554945451087887,1.3194281216312067,0.015781503893395336
20.0,10.0,0.01596729969856858,0.0005205978252935186,-0.06601217342899708,-0.03294766505009303,0.07548762385207736,0.009497078515488339,0.009497078515488339,-20.22409971525224,0.009071712400462647,0.00042536611502569377,1.1306045851771833,1.1306045851771833,0.5331074241289465,1.079965761959839,0.050638823217344496,1.3376166923223012,1.3376166923223012,1.2633167975570094,1.2777059718961472,0.05991072042615404
20.0,15.0,0.023529138206745417,0.0010110832593487778,-0.06397045241069582,-0.032674929899828176,0.07559439436689235,0.009523963056887111,0.009523963056887111,-20.211822978766904,0.008599580444321606,0.0009243826125655059,1.1338051258198942,1.1338051258198942,0.5453841606142793,1.0237595767049532,0.11004554911494119,1.3414032474488886,1.3414032474488886,1.2755935340423419,1.211208513284733,0.13019473416415575
20.0,20.0,0.030790169995162205,0.0014362395095579915,-0.061178001359877936,-0.032291256655633815,0.07573354909846126,0.009559058895647272,0.009559058895647272,-20.195848625927297,0.007975600613390242,0.001583458282257034,1.1379832018627707,1.1379832018627707,0.5613585134538883,0.9494762634988384,0.18850693836393265,1.3463463233306017,1.3463463233306017,1.2915678868819511,1.1233240300549636,0.22302229327563858
20.0,25.0,0.037661215222060784,0.0017768794771311793,-0.057677559546162535,-0.03181387535727222,0.07589695628368644,0.009600353779575162,0.009600353779575162,-20.17712762618107,0.007231202206842225,0.00236915157273294,1.1428992594732337,1.1428992594732337,0.5800795132001134,0.8608574055764554,0.2820418538967786,1.3521625041655156,1.3521625041655156,1.310288886628176,1.018479184062285,0.33368332010323093
20.0,30.0,0.04406037659289532,0.002018250972685046,-0.05352239456739492,-0.031263725351688525,0.07607534006227128,0.009645535035916373,0.009645535035916373,-20.156736771231124,0.006403294549337512,0.0032422404865788644,1.1482779804662349,1.1482779804662349,0.6004703681500587,0.7622969701592277,0.3859810103070077,1.358526061396672,1.358526061396672,1.3306797415781222,0.9018724717376778,0.45665358965899494
20.0,35.0,0.04991460783415113,0.0021507054320315426,-0.04877523870503611,-0.030664338829548395,0.07625889584618356,0.009692136988164688,0.009692136988164688,-20.13580456195327,0.00553207898020854,0.004160058007956148,1.1538258319243677,1.1538258319243677,0.6214025774279159,0.6585808309772073,0.49524500094716056,1.3650897166429137,1.3650897166429137,1.3516119508559787,0.7791660535504986,0.5859236630924153
20.0,40.0,0.055161119761497346,0.002170059457748885,-0.043506998325375246,-0.030040613340222698,0.07643792020020815,0.009737696662910552,0.009737696662910552,-20.115437582021137,0.004658719166698496,0.005078977496212055,1.1592496027274468,1.1592496027274468,0.6417695573600489,0.5546094246069638,0.6046401781204828,1.3715065722409228,1.3715065722409228,1.3719789307881118,0.6561576291124642,0.7153489431284584
20.0,45.0,0.05974857591069041,0.002077634473251254,-0.03779524944924697,-0.029417550467720606,0.07660340752741791,0.009779906335619367,0.009779906335619367,-20.096653045292136,0.0038230318602522364,0.005956874475367133,1.1642745637642105,1.1642745637642105,0.6605540940890489,0.4551228405062186,0.709151723257992,1.377451596566108,1.377451596566108,1.3907634675171123,0.538455191584822,0.8389964049812862
20.0,50.0,0.06363802716315335,0.0018799819568072395,-0.03172254321693301,-0.028819037848978664,0.07674757015089932,0.00981675126634542,0.00981675126634542,-20.08032212878511,0.0030613556950515926,0.006755395571293825,1.1686608650411217,1.1686608650411217,0.6768850105960739,0.36444710655376106,0.8042137584873601,1.3826410234289321,1.3826410234289321,1.407094384024136,0.4311768584579708,0.9514641649709612
20.0,55.0,0.06680353607431067,0.0015883227265894358,-0.025374557454355295,-0.028266746246950806,0.07686424598283269,0.009846621873357976,0.009846621873357976,-20.067127393900797,0.002404738528861913,0.0074418833444960635,1.1722168896854734,1.1722168896854734,0.690079745480388,0.2862783962930849,0.8859384933923885,1.3868481511771795,1.3868481511771795,1.4202891189084508,0.33869556744533985,1.04815258373184
20.0,60.0,0.06923244757208623,0.0012177470355538057,-0.018838143794961855,-0.02777920307998425,0.0769491682220343,0.0098683916597374,0.0098683916597374,-20.057536224284217,0.0018775554088266014,0.0079908362509108,1.1748085309211194,1.1748085309211194,0.6996709150969684,0.2235185010507859,0.9512900298703335,1.3899143182728733,1.3899143182728733,1.4298802885250312,0.26444442377839456,1.125469894494479
20.0,65.0,0.07092527375051341,0.0007862365555966169,-0.0121993324093968,-0.027371089595094523,0.07700008364517712,0.00988145533747122,0.00988145533747122,-20.051790879541652,0.0014966318354725425,0.00838482350199868,1.176363730651336,1.176363730651336,0.7054162598395313,0.17817045660387415,0.9981932740474619,1.3917542728832704,1.3917542728832704,1.435625633267594,0.21079321626373837,1.1809610566195323
20.0,70.0,0.07189517647419139,0.000313578775242929,-0.0055413667335122065,-0.027052791919443563,0.07701671914471163,0.009885725480955706,0.009885725480955706,-20.049914537337745,0.0012709038851757856,0.008614821595779922,1.1768720810661555,1.1768720810661555,0.7072926020434382,0.15129808156854593,1.0255739994976096,1.392355701543057,1.392355701543057,1.4375019754715013,0.17900054720785716,1.2133551543352001
20.0,75.0,0.07216705161539715,-0.00017975162892115812,0.0010571529492427543,-0.02683021784085884,0.07700060916157436,0.009881590217442332,0.009881590217442332,-20.051731599581984,0.001201601960923082,0.008679988256519248,1.176379787790754,1.176379787790754,0.7054755397992029,0.1430478524908431,1.0333319352999106,1.3917732700623002,1.3917732700623002,1.4356849132272655,0.16923971280606787,1.2225335572562321
20.0,80.0,0.07177624150295195,-0.0006736713947394952,0.007523937014743019,-0.026704872733885703,0.07695480838370676,0.0098698383645045,0.0098698383645045,-20.05689959587564,0.001282902869195368,0.008586935495309131,1.1749807576791071,1.1749807576791071,0.7003075435055411,0.15272653204706763,1.0222542256320395,1.3901180795076757,1.3901180795076757,1.4305169169336038,0.18069054495709408,1.2094275345505818
20.0,85.0,0.07076692556475311,-0.0011494609764196653,0.013794410037824101,-0.026674170928715317,0.07688352331578961,0.00985156150188506,0.00985156150188506,-20.064949270755058,0.0015029598300045452,0.008348601671880508,1.1728049407006025,1.1728049407006025,0.6922578686261269,0.1789237892862554,0.9938811514143464,1.387543873504938,1.387543873504938,1.4224672420541897,0.21168448309923177,1.1758593904057055
20.0,90.0,0.06919026085055038,-0.0015905756452917448,0.01981278678272229,-0.02673194427381463,0.0767917019749305,0.009828044280524457,0.009828044280524457,-20.075328954617873,0.001845195470126241,0.007982848810398218,1.1700052714910067,1.1700052714910067,0.6818781847633104,0.2196661273959811,0.9503391440950261,1.3842315888062615,1.3842315888062615,1.412087558191374,0.2598866859332734,1.1243449028729884
20.0,95.0,0.0671023617309514,-0.0019832554231481968,0.025532774502178612,-0.026869098714453917,0.07668462226190507,0.009800654591208262,0.009800654591208262,-20.087449165671323,0.0022897311218527112,0.007510923469355553,1.1667445941914598,1.1667445941914598,0.669757973709857,0.272587038315799,0.894157555875661,1.3803738860856707,1.3803738860856707,1.3999673471379204,0.3224973411060157,1.057876544979655
20.0,100.0,0.06456221946028985,-0.002316911054968177,0.03091787750048548,-0.027074363131884785,0.07656751626249511,0.009770744054467387,0.009770744054467387,-20.100723629500706,0.0028148274987677964,0.0069559165556995865,1.1631838160080223,1.1631838160080223,0.6564835098804783,0.33509851175807104,0.8280853042499509,1.3761611344320264,1.3761611344320264,1.386692883308542,0.3964545772912389,0.9797065571407869
20.0,105.0,0.06162966593680189,-0.002584281143616161,0.03594130468242588,-0.027335072803510923,0.07644526028446277,0.009739566911225652,0.009739566911225652,-20.114603544403437,0.0033982259199562136,0.006341340991269435,1.159472251336387,1.159472251336387,0.6426035949777469,0.40455070475669214,0.7549215465796946,1.3717699874965705,1.3717699874965705,1.3728129684058101,0.47862336900791735,0.8931466184886528
20.0,110.0,0.058363481214000486,-0.002781372699231044,0.040585505814113396,-0.02763793256111643,0.07632214994318011,0.009708222236327805,0.009708222236327805,-20.12860290549195,0.004018302996488768,0.005689919239839037,1.155740742419977,1.155740742419977,0.6286042338892356,0.47836940434390096,0.677371338076076,1.367355244553212,1.367355244553212,1.3588136073172985,0.5659581685195447,0.8013970760336672
20.0,115.0,0.054819731419838584,-0.002907212294931104,0.04484138491148326,-0.02796971152464812,0.07620176769486958,0.009677621003721127,0.009677621003721127,-20.142313897925423,0.004654981272111345,0.005022639731609782,1.1520977385382296,1.1520977385382296,0.6148932414557587,0.5541644371561125,0.597933301382117,1.363045211791708,1.363045211791708,1.3451026148838217,0.6556311650861049,0.7074140467056029
20.0,120.0,0.051050404012800275,-0.002963446632104438,0.048707257230778615,-0.028317831294143683,0.07608693870803507,0.009648476427236638,0.009648476427236638,-20.155412598669244,0.005290369490602174,0.004358106936634463,1.1486281460996,1.1486281460996,0.6017945407119398,0.6298058917383541,0.5188222543612456,1.3589403418643153,1.3589403418643153,1.3320039141400033,0.7451224634650948,0.6138178783992202
20.0,125.0,0.04710238285841081,-0.0029538388497693593,0.05218762800459017,-0.02867082156451096,0.07597976152121189,0.009621313598601515,0.009621313598601515,-20.167656296588735,0.005909134996015241,0.0037121786025862756,1.1453944760239898,1.1453944760239898,0.5895508427924478,0.7034684519065764,0.4419260241174138,1.355114591352326,1.355114591352326,1.3197602162205113,0.8322725346500339,0.5228420567022922
20.0,130.0,0.04301677910293321,-0.0028837100531133872,0.05529187538515336,-0.029018630054091894,0.07588169372045245,0.009596492985126553,0.009596492985126553,-20.178874498225166,0.006498634187771762,0.00309785879735479,1.1424396410864945,1.1424396410864945,0.5783326411560201,0.7736469271156861,0.3687927139708084,1.3516187302995144,1.3516187302995144,1.308542014584083,0.9153005898270087,0.4363181404725056
20.0,135.0,0.03882860809805961,-0.002759374417464498,0.05803291697469143,-0.02935278621725239,0.07579367035126093,0.009574241881727487,0.009574241881727487,-20.188956047867464,0.007048843121153701,0.002525398760573784,1.1397907002056533,1.1397907002056533,0.5682510915137163,0.839147990613536,0.3006427095921172,1.3484847720742938,1.3484847720742938,1.2984604649417795,0.9927948057962959,0.3556899662779977
20.0,140.0,0.034566780343682484,-0.0025876113603568985,0.06042592968570493,-0.029666429419167476,0.07571623372002098,0.009554688314773865,0.009554688314773865,-20.197834755772185,0.007552138766559329,0.0020025495482145386,1.1374628946159364,1.1374628946159364,0.5593723836089987,0.8990641388761106,0.23839875573982602,1.3457307485596994,1.3457307485596994,1.2895817570370625,1.0636815164168067,0.28204923214289274
20.0,145.0,0.03025435767891728,-0.0023752104683104074,0.062487178076481964,-0.029954221314812284,0.07564965685230406,0.009537892932335378,0.009537892932335378,-20.205475570496585,0.008002982787873486,0.001534910144461896,1.1354634443256404,1.1354634443256404,0.5517315688845973,0.9527360461754151,0.1827273981502257,1.3433652017373774,1.3433652017373774,1.2819409423126613,1.127180674348378,0.21618452738899943
20.0,150.0,0.02590901607617187,-0.0021286150929303543,0.06423298884652084,-0.030212168614203797,0.07559404807773912,0.009523875800746602,0.009523875800746602,-20.21186276791109,0.008397555475417802,0.0011263203253288015,1.1337947381841191,1.1337947381841191,0.5453443714700938,0.999708985168786,0.13408575301533354,1.3413909578516339,1.3413909578516339,1.2755537448981573,1.1827542923123664,0.15863666553926783
20.0,155.0,0.02154365374781959,-0.0018536798300509512,0.06567889114620401,-0.03043738604895131,0.0755494298946464,0.009512636486578923,0.009512636486578923,-20.21699098952741,0.008733379602301368,0.0007792568842775522,1.132456724592729,1.132456724592729,0.5402161498537721,1.0396880478930202,0.0927686766997086,1.3398079558561862,1.3398079558561862,1.270425523281835,1.2300534651128687,0.10975449074331721
20.0,160.0,0.01716708728692378,-0.0015555464590921919,0.06683892591991249,-0.030627830270006845,0.07551579050688109,0.009504167116898036,0.009504167116898036,-20.220859358615606,0.009008964432252579,0.0004952026846454565,1.1314484662973852,1.1314484662973852,0.5363477807655792,1.0724957657443546,0.058952700553030535,1.338615086887047,1.338615086887047,1.266557154193642,1.2688682298947291,0.06974685699231782
20.0,165.0,0.01278478786041711,-0.0012386332054254074,0.06772511440985972,-0.030782033918834106,0.07549311059204207,0.00949845913634479,0.00949845913634479,-20.223468413278475,0.00922349059293215,0.00027496854341263645,1.1307689448029512,1.1307689448029512,0.5337387261027076,1.0980345943966847,0.032734350406266245,1.337811145964055,1.337811145964055,1.2639480995307713,1.2990831821031197,0.03872796386093471
20.0,170.0,0.008399622140401635,-0.0009067240448126115,0.06834706732258403,-0.030898865703611653,0.0754813706417857,0.009495505151105229,0.009495505151105229,-20.224819262927443,0.009376548285962929,0.00011895686514230101,1.1304172798934797,1.1304172798934797,0.5323878764537424,1.1162557483289202,0.014161531564559645,1.3373950917049617,1.3373950917049617,1.2625972498818052,1.3206406036567506,0.01675448804821141
20.0,175.0,0.004012576559653613,-0.0005631385868609196,0.06871171240469835,-0.03097733754402197,0.07548054556385603,0.00949529756375366,0.00949529756375366,-20.224914207878065,0.009467935048864565,2.736251488909314e-05,1.1303925671135309,1.1303925671135309,0.5322929315031184,1.1271351248648294,0.0032574422487015643,1.3373658540498112,1.3373658540498112,1.2625023049311823,1.333511978713319,0.003853875336491991
20.0,180.0,-0.00037654342656885057,-0.00021095897625611446,0.06882311899899805,-0.03101647428849094,0.07549059328605533,0.009497825697631912,0.009497825697631912,-20.223758047741356,0.009497515223876799,3.104737551116606e-07,1.1306935354323704,1.1306935354323704,0.5334490916398287,1.1306565742710477,3.6961161322816746e-05,1.337721929243931,1.337721929243931,1.263658465067892,1.337678200546028,4.3728697903050786e-05
25.0,-180.0,-0.000346485590075014,-0.0003426679583019388,0.06513293911615566,-0.03814252817456119,0.07548105515326221,0.009495425774787236,0.009495425774787236,-20.224855567305603,0.00949502999478849,3.9577999874252614e-07,1.130407830331814,1.130407830331814,0.5323515720755811,1.1303607136652964,4.71166665169674e-05,1.3373839119418642,1.3373839119418642,1.2625609455036446,1.337328168280069,5.5743661794721994e-05
25.0,-175.0,-0.004135029146301878,0.00010310036794078316,0.06502500829333105,-0.038149835073798974,0.07550344836782272,0.009501060689338184,0.009501060689338184,-20.222279077835434,0.00947254620156929,2.8514487768892735e-05,1.1310786534926411,1.1310786534926411,0.5349280615457479,1.1276840716153917,0.0033945818772491356,1.3381775618786176,1.3381775618786176,1.2651374349738111,1.3341614368407453,0.004016125037872216
25.0,-170.0,-0.0079377703590793,0.0005560843180845604,0.06472998172757984,-0.03811175787549193,0.07553670664554576,0.009509432717805391,0.009509432717805391,-20.218453899895202,0.009403906157178397,0.00010552656062699316,1.1320753235482608,1.1320753235482608,0.538753239485982,1.1195126377593332,0.012562685788927759,1.3393567208176607,1.3393567208176607,1.2689626129140459,1.3244938249547038,0.014862895862956783
25.0,-165.0,-0.011763924436234825,0.0010143157548411757,0.06424202989559923,-0.0380263241586337,0.0755808076744124,0.00952053985256682,0.00952053985256682,-20.21338424688696,0.009288180735750511,0.0002323591168163107,1.1333976014960503,1.1333976014960503,0.5438228924942254,1.105735801875061,0.02766179962098937,1.3409211059953268,1.3409211059953268,1.274032265922288,1.3081944698240155,0.032726636171311364
25.0,-160.0,-0.015621255706307758,0.0014745669691258153,0.06355164620511607,-0.03789142569085682,0.07563577099398312,0.009534391801457025,0.009534391801457025,-20.207070053652846,0.009124071505584325,0.0004103202958726976,1.1350466430305983,1.1350466430305983,0.550137085728339,1.086198988760039,0.04884765427055924,1.342872084712257,1.342872084712257,1.2803464591564024,1.2850804937442712,0.05779159096798557
25.0,-155.0,-0.019515342988290007,0.0019320608384039897,0.06264574225023896,-0.037705130298877836,0.07570169974295574,0.009551020559895818,0.009551020559895818,-20.199502200549585,0.008910066541802004,0.0006409540180938131,1.1370262571304546,1.1370262571304546,0.5577049388316011,1.0607222073573814,0.07630404977307301,1.345214163365608,1.345214163365608,1.2879143122596641,1.254938949549578,0.09027521381603003
25.0,-150.0,-0.02344875724131226,0.0023802932764041716,0.061507842407746226,-0.03746605982533136,0.07577882506832065,0.009570491742443258,0.009570491742443258,-20.190657471193916,0.00864466353371098,0.0009258282087322809,1.1393442550527688,1.1393442550527688,0.5665496681872677,1.029126611156069,0.11021764389670011,1.3479565834427125,1.3479565834427125,1.2967590416153318,1.2175582441846449,0.1303983392580677
25.0,-145.0,-0.027420157621010056,0.002810986616106898,0.06011841741984741,-0.037173809828261024,0.07586753548080824,0.00959291223289774,0.00959291223289774,-20.18049528942157,0.008326664248358182,0.0012662479845395556,1.1420133610592549,1.1420133610592549,0.5767118499596103,0.9912695533759742,0.15074380768328044,1.3511143989996817,1.3511143989996817,1.3069212233876735,1.1727696124448144,0.178344786554867
25.0,-140.0,-0.031423332628503886,0.003214187740623364,0.05845539522570826,-0.03682938207784221,0.07596837138930261,0.009618429151094452,0.009618429151094452,-20.168958496583134,0.007955540266727502,0.0016628888843669533,1.1450510894160064,1.1450510894160064,0.5882486427980522,0.9470881269913691,0.1979629624246373,1.3547083311400636,1.3547083311400636,1.318458016226115,1.1204986291165493,0.23420970202351452
25.0,-135.0,-0.03544623363201286,0.0035785187781886057,0.05649488079711006,-0.03643559741029984,0.07608196626182982,0.009647215370789197,0.009647215370789197,-20.15598025891486,0.007531863081004317,0.002115352289784882,1.1484780203320473,1.1484780203320473,0.6012268804663211,0.8966503667862282,0.25182765354581926,1.3587627282801684,1.3587627282801684,1.3314362538943842,1.0608257860569459,0.29793694222322276
25.0,-130.0,-0.039470066794472,0.0038915808683654372,0.0542121050509918,-0.03599745457234289,0.07620892102741496,0.009679438034813356,0.009679438034813356,-20.14149856066004,0.007057782174625216,0.002621655860188137,1.1523140517634947,1.1523140517634947,0.6157085787211434,0.8402121636458589,0.3121018881176354,1.3633011316638526,1.3633011316638526,1.3459179521492062,0.9940538274120021,0.36924730425185026
25.0,-125.0,-0.043468524186601604,0.004140502951283226,0.05158260627964035,-0.03552240062626136,0.07634960757268998,0.009715208745989452,0.009715208745989452,-20.12547863488555,0.006537523009968727,0.0031776857360207244,1.1565724697606492,1.1565724697606492,0.6317285044956331,0.7782765488058009,0.37829592095484815,1.3683392599985145,1.3683392599985145,1.3619378779236966,0.9207778887279897,0.44756137127052453
25.0,-120.0,-0.04740724328138083,0.004312617956510381,0.04858362671489922,-0.03502048039618095,0.07650390984211726,0.00975451722762898,0.00975451722762898,-20.107942199204174,0.0059778638868622554,0.003776653340766727,1.161252050908212,1.161252050908212,0.6492649401770062,0.7116504627216972,0.44960158818651513,1.3738756658632367,1.3738756658632367,1.3794743136050696,0.8419526601214444,0.5319230057417924
25.0,-115.0,-0.051243583987983114,0.004396238521287641,0.045195683325720576,-0.0345043363218381,0.07667092558042367,0.009797153903527618,0.009797153903527618,-20.08900069563872,0.005388538078073377,0.004408615825454244,1.16632784565805,1.16632784565805,0.6682064437424646,0.6414926283420687,0.5248352173159815,1.379880831482763,1.379880831482763,1.3984158171705277,0.7589490250807571,0.6209318064020062
25.0,-110.0,-0.054926802449399466,0.004381493930803658,0.0414042480210237,-0.033989035958007605,0.07684866580443803,0.009842630509745539,0.009842630509745539,-20.068888179107027,0.004782497861251601,0.005060132648493938,1.1717417273506594,1.1717417273506594,0.6883189602741567,0.5693449834823336,0.6023967438683261,1.3862859872881041,1.3862859872881041,1.4185283337022205,0.6735912480636058,0.7126947392244983
25.0,-105.0,-0.05839868070185469,0.004261180023639492,0.03720145095392512,-0.03349171230486524,0.07703379978360277,0.00989011084644848,0.00989011084644848,-20.04798840887033,0.004175972861511094,0.005714137984937384,1.1773941483867236,1.1773941483867236,0.7092187305108539,0.49713962637036835,0.6802545220163552,1.3929733586547153,1.3929733586547153,1.4394281039389176,0.5881651917621259,0.8048081668925892
25.0,-100.0,-0.061594642101208345,0.004031565283540032,0.0325877046168477,-0.0330310123083153,0.07722149778732855,0.009938365395312006,0.009938365395312006,-20.026850399661665,0.003588259241041294,0.006350106154270708,1.1831387375371436,1.1831387375371436,0.7303567397195192,0.42717371917158264,0.7559650183655605,1.3997697739876063,1.3997697739876063,1.460566113147582,0.5053886254987738,0.8943811484888321
25.0,-95.0,-0.06444534669663676,0.0036930904457483293,0.027573138515026054,-0.032626361254464324,0.07740541999218022,0.00998576315140952,0.00998576315140952,-20.0061873902753,0.0030411907127612693,0.00694457243864825,1.1887813275487524,1.1887813275487524,0.7510197491058846,0.36204651342396066,0.8267348141247917,1.406445514283031,1.406445514283031,1.4812291225339482,0.42833672010722096,0.9781087941758099
25.0,-90.0,-0.06687872210508072,0.003250897027902748,0.02217873615218659,-0.03229706511730629,0.07757788701939794,0.010030311285610265,0.010030311285610265,-19.986855886620305,0.002558267650364806,0.00747204363524546,1.194084676858365,1.194084676858365,0.7703512527608803,0.30455567266247696,0.8895290041958881,1.4127198993817274,1.4127198993817274,1.500560626188943,0.36031938737532476,1.0524005120064026
25.0,-85.0,-0.06882234809701299,0.002715123511090346,0.01643707836359032,-0.03206128845129121,0.07773024672258934,0.010069748191779382,0.010069748191779382,-19.969813894551244,0.0021634553014325385,0.007906292890346842,1.1987795466404028,1.1987795466404028,0.7873932448299382,0.2575542025514927,0.9412253440889099,1.4182743932083635,1.4182743932083635,1.5176026182580007,0.30471201428627304,1.1135623789220903
25.0,-80.0,-0.0702060811546958,0.0021009173273418644,0.01039261885751625,-0.0319349608740663,0.07785342598410044,0.010101688575804863,0.010101688575804863,-19.95606024449116,0.0018797028038143899,0.008221985771990473,1.2025819733101026,1.2025819733101026,0.8011468948900252,0.22377414331123688,0.9788078299988658,1.4227730388457553,1.4227730388457553,1.5313562683180892,0.2647468737766746,1.1580261650690806
25.0,-75.0,-0.07096478216325576,0.0014281265831535407,0.004101447158590439,-0.03193067884414477,0.07793862953156462,0.010123811447604495,0.010123811447604495,-19.946559520190654,0.001727276174009162,0.008396535273595332,1.2052156485243446,1.2052156485243446,0.8106476191905311,0.20562811595347172,0.999587532570873,1.4258889362823233,1.4258889362823233,1.540856992618595,0.2432783343674876,1.1826106019148355
25.0,-70.0,-0.07104099853083432,0.000720656947072836,-0.002369471883247486,-0.03205667936562873,0.07797812454560314,0.01013407442980313,0.01013407442980313,-19.94215910353806,0.0017220345786857381,0.008412039851117393,1.2064374321194204,1.2064374321194204,0.8150480358431251,0.20500411651020695,1.0014333156092134,1.4273344267328352,1.4273344267328352,1.545257409271188,0.24254008150503353,1.1847943452278016
25.0,-65.0,-0.07038745253105055,5.5048312976155225e-06,-0.008943557547520313,-0.03231596659532833,0.07796603377567854,0.010130932028936333,0.010130932028936333,-19.94350598430032,0.0018738040525343531,0.00825712797640198,1.206063336778135,1.206063336778135,0.8137011550808662,0.22307191101599444,0.9829914257621404,1.4268918350614554,1.4268918350614554,1.5439105285089296,0.2639160637372328,1.1629757713242224
25.0,-60.0,-0.06896920037216266,-0.0006884944238471473,-0.015536313890451197,-0.032705669672807185,0.07789905328434098,0.01011353257199569,0.01011353257199569,-19.950971224944624,0.00218501165318725,0.00792852091880844,1.20399197285663,1.20399197285663,0.8062359144365601,0.2601204349032441,0.9438715379533859,1.4244412073233366,1.4244412073233366,1.536445287864623,0.3077481201672183,1.1166930871561183
25.0,-55.0,-0.06676535011280033,-0.0013321380620250735,-0.02205738559402028,-0.03321669979791339,0.07777701442077277,0.010081869100645891,0.010081869100645891,-19.964589455842624,0.002649733249198428,0.007432135851447463,1.2002225119816539,1.2002225119816539,0.7926176835385608,0.3154444344283843,0.8847780775532694,1.4199815634712523,1.4199815634712523,1.5228270569666238,0.3732018660842856,1.0467796973869665
25.0,-50.0,-0.06377025873876796,-0.0018974592020901291,-0.028412862464772076,-0.03383375700177467,0.07760322233857431,0.010036863736133344,0.010036863736133344,-19.984019719393807,0.003253279799503799,0.006783583936629547,1.194864730492065,1.194864730492065,0.7731874199873776,0.3872952142266428,0.8075695162654223,1.4136427797370905,1.4136427797370905,1.50339679341544,0.4582084224653238,0.9554343572717672
25.0,-45.0,-0.05999416630758601,-0.002359357964743612,-0.034507714999728295,-0.03453571359872519,0.07738452344767481,0.00998037232017582,0.00998037232017582,-20.008532569509295,0.0039724029275784644,0.006007969392597353,1.188139561925693,1.188139561925693,0.748674569871886,0.47290511042600775,0.715234451499685,1.4056862422782843,1.4056862422782843,1.478883943299949,0.5594933700814738,0.8461928721968104
25.0,-40.0,-0.055463264227352996,-0.0026971488467979754,-0.04024824288235255,-0.035296374216259835,0.07713107920019045,0.009915105373409824,0.009915105373409824,-20.037026659420626,0.00477614595821321,0.005138959415196616,1.1803696873106932,1.1803696873106932,0.7201804799605602,0.5685888045491916,0.611780882761502,1.396493714564764,1.396493714564764,1.4503898533886246,0.6726966138328464,0.7237971007319178
25.0,-35.0,-0.05021923131756579,-0.0028959141871364577,-0.04554442798319006,-0.03608558425858832,0.07685585094647057,0.009844471114355727,0.009844471114355727,-20.068076109922682,0.005627307945055502,0.004217163169300226,1.1719608469471106,1.1719608469471106,0.6891310294585018,0.6699176125066074,0.5020432344405031,1.386545227374046,1.386545227374046,1.4193404028865644,0.792578583810634,0.5939666435634121
25.0,-30.0,-0.04431830133713331,-0.0029475636822559334,-0.05031210190906305,-0.036870632275835896,0.07657382769587637,0.009772354918834061,0.009772354918834061,-20.100007684186117,0.006484432437525939,0.003287922481308126,1.1633755855754837,1.1633755855754837,0.6571994551950693,0.7719562425626119,0.3914193430128722,1.3763880167371918,1.3763880167371918,1.3874088286231323,0.9133003433135126,0.46308767342367974
25.0,-25.0,-0.03782994599900853,-0.002851517501207109,-0.05447486262845597,-0.037617869104995566,0.07630105307751212,0.009702855910733664,0.009702855910733664,-20.131004179275248,0.007304185810648889,0.002398670100084776,1.15510189413496,1.15510189413496,0.6262029601059356,0.8695459298391535,0.2855559642958067,1.366599424046995,1.366599424046995,1.3564123335339995,1.028758564880125,0.33784085916686984
25.0,-20.0,-0.03083526636967491,-0.002614954025971103,-0.05796570157314341,-0.03829444926612286,0.07605352746657532,0.009640004623739389,0.009640004623739389,-20.159227577917726,0.008043956164117285,0.0015960484596221017,1.1476195980642132,1.1476195980642132,0.5979795614634555,0.9576138290615817,0.1900057690026312,1.3577471301041393,1.3577471301041393,1.3281889348915183,1.1329515724108852,0.22479555769325377
25.0,-15.0,-0.023425183023283856,-0.002252590982441312,-0.06072832798436146,-0.03887008879488917,0.07584607431177483,0.009587485775032791,0.009587485775032791,-20.18295267405867,0.008664485243741605,0.0009230005312911882,1.1413673541705704,1.1413673541705704,0.5742544653225122,1.0314863385406672,0.10988101562990338,1.350350109159548,1.350350109159548,1.3044638387505756,1.2203500343298033,0.13000007482974482
25.0,-10.0,-0.015698503259199307,-0.0017859992244855728,-0.06271819771486929,-0.03931872899117077,0.07569126483215566,0.009548387668455853,0.009548387668455853,-20.200699567732272,0.009132342807080956,0.00041604486137489504,1.1367128176733161,1.1367128176733161,0.5565075716489132,1.0871836675096378,0.04952915016367798,1.3448433335853316,1.3448433335853316,1.2867169450769764,1.28624546578605,0.05859786779928098
25.0,-5.0,-0.007759925417210575,-0.0012424801906629859,-0.06390326692125754,-0.03961999788180299,0.07559849174995771,0.009524995524515073,0.009524995524515073,-20.211352197131163,0.009422064283640424,0.00010293124087464732,1.133928038632747,1.133928038632747,0.5458549422500221,1.121674319481003,0.012253719151743728,1.3415486654246582,1.3415486654246582,1.2760643156780849,1.3270513075549892,0.014497357869668635
25.0,0.0,0.00028198009784453383,-0.0006535693246208041,-0.06426449629529593,-0.03976037090078169,0.07557327069734047,0.0095186411559267,0.0095186411559267,-20.214250453764215,0.009517796733091092,8.444228356058211e-07,1.1331715661817503,1.1331715661817503,0.5429566856169674,1.1330710396537016,0.00010052652804831205,1.340653683933338,1.340653683933338,1.27316605904503,1.3405347511395904,0.00011893279374729874
25.0,5.0,0.008316792051948173,-5.325634627226765e-05,-0.06379612941579668,-0.039733949506679765,0.07561682840552243,0.009529616721046871,0.009529616721046871,-20.2092456623279,0.009414332993237443,0.00011528372780942208,1.1344781810770084,1.1344781810770084,0.5479614770532846,1.1207539277663623,0.013724253310645487,1.3421995381756155,1.3421995381756155,1.2781708504813483,1.3259623934137243,0.016237144761890435
25.0,10.0,0.01623425440580599,0.0005239634144875197,-0.06250576136136075,-0.039542800725583055,0.07572601168923862,0.009557156252654587,0.009557156252654587,-20.19671313529704,0.009117457355275353,0.0004396988973792326,1.1377566967445938,1.1377566967445938,0.560494004084148,1.0854115899137324,0.05234510683086103,1.3460783454443082,1.3460783454443082,1.2907033775122119,1.2841489232782186,0.0619294221660891
25.0,15.0,0.023926286276670667,0.0010450770226499112,-0.060414203453787535,-0.03919683057562098,0.07589352322238069,0.009599485289999703,0.009599485289999703,-20.177520525547678,0.00864357554207327,0.0009559097479264369,1.1427958678571075,1.1427958678571075,0.5796866138335061,1.028997088342056,0.11379877951505205,1.352040181690099,1.352040181690099,1.30989598726157,1.2174050059258128,0.13463517576428688
25.0,20.0,0.031288984166611016,0.0014804464218317918,-0.057555139507982356,-0.03871319765801305,0.07610846213449624,0.009653935909479121,0.009653935909479121,-20.152955887006655,0.008018654015595183,0.001635281893883937,1.1492780844618002,1.1492780844618002,0.6042512523745279,0.9546016685232361,0.19467641593856394,1.3597092830252282,1.3597092830252282,1.334460625802591,1.1293878895204483,0.23032139350477984
25.0,25.0,0.0382246072483828,0.0018054765518304627,-0.053974560471773896,-0.038115306787256144,0.07635712235594111,0.009717121297558808,0.009717121297558808,-20.124623759949042,0.007276544887207507,0.002440576410351297,1.156800154471287,1.156800154471287,0.6325833794321412,0.8662553437151794,0.29054481075610683,1.368608633458987,1.368608633458987,1.3627927528602042,1.0248654770714798,0.34374315638750663
25.0,30.0,0.04464352386436519,0.0020019472927485698,-0.04972995946725058,-0.03743145300726116,0.07662398161698643,0.009785160401886001,0.009785160401886001,-20.094320508355136,0.0064568187879473875,0.0033283416139386125,1.1649000478435716,1.1649000478435716,0.6628866310260482,0.7686689033270699,0.3962311445165015,1.3781916058994368,1.3781916058994368,1.3930960044541119,0.9094110968939982,0.46878050900543833
25.0,35.0,0.050466081788435674,0.0020589238113549843,-0.04488926899180092,-0.03669321066757926,0.07689280043054522,0.009853939113540834,0.009853939113540834,-20.063901255130006,0.005602264981901607,0.004251674131639224,1.1730879897072422,1.1730879897072422,0.693305884251179,0.666936307369239,0.5061516823380029,1.3878787483860329,1.3878787483860329,1.4235152576792423,0.7890514059016348,0.5988273424843978
25.0,40.0,0.05562434856513086,0.0019731928272720273,-0.039529526882957265,-0.03593367824215147,0.07714774378314433,0.009919390259534509,0.009919390259534509,-20.03515022912169,0.004756242493237173,0.005163147766297337,1.1808797928017274,1.1808797928017274,0.7220569102594923,0.5662193444329968,0.6146604483687307,1.3970972196527478,1.3970972196527478,1.4522662836875557,0.6698933089066441,0.7272039107461038
25.0,45.0,0.0600636537460774,0.0017492084592778847,-0.03373526766711368,-0.035185696227655654,0.07737443851272431,0.009977771158016215,0.009977771158016215,-20.00966460905003,0.003960075876860982,0.006017695281155232,1.1878298997638352,1.1878298997638352,0.7475425303311517,0.4714376043882122,0.7163922953756229,1.4053198814107344,1.4053198814107344,1.4777519037592146,0.5577571657550678,0.8475627156556664
25.0,50.0,0.06374385439211282,0.0013985672912129213,-0.027596650780173024,-0.03448015284323003,0.07756088600323141,0.010025915527856647,0.010025915527856647,-19.988759588033837,0.003250683540799532,0.006775231987057117,1.1935613723638867,1.1935613723638867,0.7684475513473464,0.3869861358094681,0.8065752365544188,1.4121007785713589,1.4121007785713589,1.49865692477541,0.4578427522252862,0.9542580263460727
25.0,55.0,0.0666402409312438,0.0009390651727713467,-0.021207356082281876,-0.03384448132322782,0.07769816228722497,0.010061436999679102,0.010061436999679102,-19.973399878225766,0.002658605479061767,0.0074028315206173334,1.197790119009417,1.197790119009417,0.783807261155418,0.31650065226925794,0.8812894667401587,1.4171038027717042,1.4171038027717042,1.5140166345834807,0.3744514759241925,1.0426523268475116
25.0,60.0,0.06874400414510932,0.00039341574444392386,-0.01466229871308063,-0.03330143484087071,0.07778085527855262,0.010082864869943222,0.010082864869943222,-19.964160531650453,0.002206562292078649,0.007876302577864574,1.2003410559456216,1.2003410559456216,0.793046607730728,0.2626859871522202,0.9376550687934017,1.4201218126680595,1.4201218126680595,1.5232559811587922,0.3107834214195281,1.1093383912485313
25.0,65.0,0.07006219688586175,-0.0002122688800294645,-0.008055237612330346,-0.03286820226227308,0.07780721087081506,0.01008969906832292,0.01008969906832292,-19.96121786678428,0.0019086309892909583,0.008181068079031961,1.201154650990824,1.201154650990824,0.795989272596903,0.22721797491559026,0.9739366760752335,1.4210843758201297,1.4210843758201297,1.5261986460249666,0.26882126609731805,1.1522631097228113
25.0,70.0,0.07061714638437032,-0.0008501224539043388,-0.0014763723350441375,-0.03255590182510665,0.07777898489036664,0.010082379952555325,0.010082379952555325,-19.964369402852007,0.0017700689969740897,0.00831231095558124,1.2002833276851579,1.2002833276851579,0.792837736529177,0.2107224996397726,0.9895608280453859,1.420053514444412,1.420053514444412,1.5230471099572402,0.2493054925315619,1.1707480219128508
25.0,75.0,0.07044530381774956,-0.0014921773148939294,0.004989961854138694,-0.032369462302975056,0.07770102465349867,0.0100621783312001,0.0100621783312001,-19.973079899749052,0.001787760897121977,0.008274417434078123,1.1978783727619167,1.1978783727619167,0.7841272396321303,0.21282867822880683,0.9850496945331101,1.4172082156619858,1.4172082156619858,1.5143366130601938,0.2517973094537996,1.1654109062081865
25.0,80.0,0.0695955549798039,-0.00211191357752995,0.011267383125117932,-0.03230787411000871,0.07758062969519018,0.010031020518080979,0.010031020518080979,-19.98654881254211,0.0019512084512904738,0.00807981206679051,1.1941691092953548,1.1941691092953548,0.7706583268390722,0.23228672039172307,0.9618823889036321,1.412819791279011,1.412819791279011,1.500867700267135,0.27481809173105265,1.138001699547959
25.0,85.0,0.06812705603005466,-0.0026856057065310387,0.01728922167279713,-0.03236476797280209,0.07742676303008923,0.009991270670243664,0.009991270670243664,-20.003792755395466,0.0022439394547933414,0.007747331215450325,1.1894369845528172,1.1894369845528172,0.7534143839857176,0.2671356493801597,0.9223013351726578,1.4072212211610795,1.4072212211610795,1.4836237574137812,0.3160478105342734,1.091173410626806
25.0,90.0,0.06610669704410412,-0.00319338720384888,0.0229998470655308,-0.03252925802832166,0.07724919875847001,0.009945496874479513,0.009945496874479513,-20.02373514756322,0.0026451803367991567,0.007300316537680357,1.183987723152323,1.183987723152323,0.7334719918179633,0.3149024210475187,0.8690853021048045,1.4007742076731708,1.4007742076731708,1.4636813652460268,0.3725606108167826,1.0282135968563884
25.0,95.0,0.0636063287141753,-0.003619979387184965,0.028355488894516587,-0.032786971072202,0.07705769608414095,0.009896247729695126,0.009896247729695126,-20.045294416840104,0.003131624925981199,0.006764622803713923,1.1781247297256103,1.1781247297256103,0.71191272254108,0.37281249118823795,0.8053122385373719,1.3938377084077642,1.3938377084077642,1.4421220959691432,0.44107393323678856,0.9527637751709751
25.0,100.0,0.06069990962841449,-0.00395505879578686,0.03332450965033269,-0.033121175376037454,0.07686128232537605,0.009845862574899281,0.009845862574899281,-20.067462302512006,0.0036791386590351244,0.006166723915864155,1.1721264970118195,1.1721264970118195,0.6897448368691783,0.43799269750418157,0.7341337995076376,1.3867412077322931,1.3867412077322931,1.4199542102972411,0.5181885435260739,0.8685526642062189
25.0,105.0,0.05746073972963032,-0.0041932671448468945,0.03788712877043762,-0.03351392163708425,0.07666770878009016,0.009796331823278168,0.009796331823278168,-20.089365127900752,0.004264261987791243,0.005532069835486925,1.1662299789616868,1.1662299789616868,0.6678420114804308,0.5076502366418146,0.6585797423198722,1.3797650455321362,1.3797650455321362,1.3980513849084937,0.6006002799705975,0.7791647655615387
25.0,110.0,0.053958938159209976,-0.004333895317397645,0.04203463787491482,-0.0339471151115791,0.07648311618629064,0.009749215419926146,0.009749215419926146,-20.110303332765405,0.004865414384701502,0.004883801035224643,1.1606208833245413,1.1606208833245413,0.6469038066157778,0.5792159981787502,0.5814048851457908,1.373128932383964,1.373128932383964,1.3771131800438405,0.6852696316480988,0.6878593007358652
25.0,115.0,0.05025930113827764,-0.004380296129676039,0.04576818442739319,-0.03440345090801567,0.07631191574879935,0.009705618819832913,0.009705618819832913,-20.129767692430644,0.005463744846054701,0.004241873973778212,1.1554308118848706,1.1554308118848706,0.6274394469505407,0.6504458150065121,0.5049849968783586,1.3669885661736494,1.3669885661736494,1.3576488203786032,0.769541527613338,0.5974470385603116
25.0,120.0,0.046419640300510476,-0.004339097511820585,0.04909722999591018,-0.034867162146958446,0.07615686287065308,0.009666218543147084,0.009666218543147084,-20.14743390139628,0.006043619266894457,0.0036225992762526256,1.1507403027556051,1.1507403027556051,0.6097732379849048,0.7194784841541021,0.43126181860150303,1.3614392314291663,1.3614392314291663,1.3399826114129676,0.8512139812527404,0.5102252501764262
25.0,125.0,0.04248965814546251,-0.0042192970661297435,0.05203780670541345,-0.035324551096113585,0.07601927883045478,0.009631324351227587,0.009631324351227587,-20.16313991288241,0.006592773408317574,0.003038550942910014,1.1465862322889986,1.1465862322889986,0.5940672264987725,0.7848539771806636,0.36173225510833507,1.3565245565109276,1.3565245565109276,1.3242765999268356,0.928559634974306,0.4279649215366217
25.0,130.0,0.03851037026823724,-0.0040313203957024115,0.05461069977685802,-0.0357642941679938,0.07589936382989289,0.00960096285965019,0.00960096285965019,-20.176852103287843,0.007102188124636687,0.002498774735013506,1.1429717690059753,1.1429717690059753,0.5803550360933414,0.8454985862662723,0.2974731827397031,1.3522482900915762,1.3522482900915762,1.3105644095214044,1.0003081865685475,0.35194010352302896
25.0,135.0,0.03451403927522822,-0.003786119755614172,0.056839675439741486,-0.036177530727436576,0.07579654374393081,0.009574967828308191,0.009574967828308191,-20.188626765772714,0.007565759146951451,0.002009208681356738,1.1398771224176418,1.1398771224176418,0.568580373608467,0.9006856127323156,0.23919150968532596,1.348587018071576,1.348587018071576,1.2987897470365302,1.0655998798523167,0.28298713821925886
25.0,140.0,0.03052454787441387,-0.003494377822680873,0.058749853845700084,-0.03655776138782513,0.07570980084431148,0.009553064844922117,0.009553064844922117,-20.19857274311581,0.007979837409893548,0.0015732274350285693,1.1372696243954903,1.1372696243954903,0.5586343962653753,0.9499806440349462,0.18728898036054395,1.3455020908341009,1.3455020908341009,1.2888437696934378,1.1239207619568377,0.22158132887726326
25.0,145.0,0.02655811244582404,-0.0031658655187374292,0.060366299064316745,-0.03690059289716694,0.07563795251097653,0.009534941798830389,0.009534941798830389,-20.206819535381587,0.008342709818122842,0.001192231980707547,1.13511211890838,1.13511211890838,0.5503876039995979,0.9931797402527195,0.14193237865566036,1.3429495491310408,1.3429495491310408,1.2805969774276607,1.1750295518482876,0.1679199972827531
25.0,150.0,0.022624225728213647,-0.0028089848306132176,0.06171286677923326,-0.03720337347441197,0.07557985782976674,0.009520300559623076,0.009520300559623076,-20.213493405519436,0.008654077657750276,0.0008662229018727968,1.1333691142408424,1.1333691142408424,0.5437137338617459,1.0302473402083663,0.1031217740324758,1.3408874027638134,1.3408874027638134,1.273923107289809,1.2188841771479262,0.12200322561588686
25.0,155.0,0.018726718475616473,-0.0024305093501739245,0.06281131912688236,-0.037464764729313975,0.0755345468461166,0.009508888924604907,0.009508888924604907,-20.218702256601723,0.00891457399184919,0.000594314932755719,1.1320105862624892,1.1320105862624892,0.5385048827794645,1.061258808553475,0.07075177770901417,1.3392801302260433,1.3392801302260433,1.2687142562075273,1.2555738016689,0.08370632855714351
25.0,160.0,0.014864843530581368,-0.0020355184726402126,0.06368068908198894,-0.03768429466367876,0.07550127902821938,0.00950051473464133,0.00950051473464133,-20.222528641471065,0.00912534539222262,0.0003751693424187114,1.1310136588858728,1.1310136588858728,0.534678497910115,1.0863506419312643,0.044663016954608496,1.3381006668508915,1.3381006668508915,1.264887871338178,1.285259914397552,0.05284075245333963
25.0,165.0,0.01103430864194635,-0.0016275071409898433,0.06433685686563398,-0.03786193156149183,0.07547954530610178,0.009495045904680064,0.009495045904680064,-20.22502931284936,0.009287709544837361,0.00020733635984270118,1.1303626077000077,1.1303626077000077,0.532177826531825,1.1056797077187333,0.024682899981273952,1.3373304091098681,1.3373304091098681,1.2623871999598881,1.3081281049066704,0.02920230420319735
25.0,170.0,0.007228212425917123,-0.0012086425460925705,0.0647922897497451,-0.03799771183696051,0.07546903197695079,0.009492401013528218,0.009492401013528218,-20.226239229743253,0.009402890002862528,8.951101066569197e-05,1.1300477397057405,1.1300477397057405,0.5309679096379335,1.119391667007444,0.010656072698296664,1.3369578892293266,1.3369578892293266,1.2611772830659969,1.324350704628525,0.012607184600801687
25.0,175.0,0.003437866737230255,-0.0007801325901866364,0.06505589465958751,-0.038091447146802196,0.07546956545693237,0.009492535214900188,0.009492535214900188,-20.226177830627016,0.009471823145255739,2.071206964444526e-05,1.1300637160595461,1.1300637160595461,0.5310293087541686,1.1275979934828262,0.002465722576719674,1.3369767908310122,1.3369767908310122,1.261238682182232,1.3340595979233434,0.0029171929076683466
25.0,180.0,-0.00034648559007499955,-0.00034266795830194746,0.06513293911615566,-0.03814252817456119,0.07548105515326221,0.009495425774787236,0.009495425774787236,-20.224855567305603,0.00949502999478849,3.957799987425193e-07,1.130407830331814,1.130407830331814,0.5323515720755811,1.1303607136652964,4.711666651696659e-05,1.3373839119418642,1.3373839119418642,1.2625609455036446,1.337328168280069,5.574366179472103e-05
30.0,-180.0,-0.00031531568544482914,-0.0004823032682931578,0.06076972773613218,-0.044611703108431044,0.07538896407155707,0.009472270014870478,0.009472270014870478,-20.235459305222445,0.009471716627200968,5.533876695108407e-07,1.1276511922464856,1.1276511922464856,0.5217478341587373,1.1275853127620201,6.587948446557628e-05,1.334122537305701,1.334122537305701,1.2519572075868004,1.334044595380418,7.7941925283217e-05
30.0,-175.0,-0.0034951843310000404,2.62162215014479e-05,0.060687356832885564,-0.044626917749846326,0.07541043739437844,0.009477666828108028,0.009477666828108028,-20.232985622812087,0.009457305639802615,2.036118830541257e-05,1.1282936700128605,1.1282936700128605,0.5242215165690985,1.1258697190241207,0.002423950988739592,1.3348826518462011,1.3348826518462011,1.2544308899971621,1.3320148788454385,0.002867773000762334
30.0,-170.0,-0.006698140778296507,0.0005485401183659633,0.06047624674001277,-0.04459462065120746,0.07544019218514318,0.009485147533402504,0.009485147533402504,-20.229559096414967,0.00940987266323136,7.527487017114458e-05,1.1291842301669648,1.1291842301669648,0.5276480429662167,1.1202229360989715,0.008961294067993402,1.3359362723102117,1.3359362723102117,1.25785741639428,1.3253341779199097,0.010602094390302052
30.0,-165.0,-0.009941338159242658,0.001085700773231398,0.060130284022043956,-0.0445119134408494,0.07547827796990836,0.009494727055003342,0.009494727055003342,-20.22517515414558,0.009328049397502274,0.00016667765750106906,1.13032464940516,1.13032464940516,0.5320319852356035,1.110482071131223,0.019842578273936796,1.337285500704696,1.337285500704696,1.262241358663666,1.3138097742960948,0.023475726408601273
30.0,-160.0,-0.013240824798546573,0.001636892708137974,0.05963915766984767,-0.04437537002459463,0.07552483996323595,0.009506445122552366,0.009506445122552366,-20.2198185449083,0.009209787346401222,0.00029665777615114534,1.1317196574467105,1.1317196574467105,0.5373885944728869,1.0964032555239553,0.0353164019227554,1.3389359327538544,1.3389359327538544,1.2675979679009495,1.2971531473804538,0.041782785373400744
30.0,-155.0,-0.016610855658350035,0.0021990150370437087,0.058988293268418854,-0.04418142789718465,0.07558024547850317,0.009520398219027384,0.009520398219027384,-20.21344885574646,0.009052482254644136,0.0004679159643832484,1.133380740360403,1.133380740360403,0.5437582836347252,1.077676458886207,0.055704281474196246,1.3409011576094907,1.3409011576094907,1.2739676570627885,1.2749975006541037,0.06590365695538711
30.0,-150.0,-0.020063009144801726,0.0027663488170656344,0.05815887534373132,-0.04392687270760336,0.07564523744982063,0.009536778570202726,0.009536778570202726,-20.205983009196686,0.008853166305951577,0.000683612264251152,1.1353307821669913,1.1353307821669913,0.5512241301844982,1.05394836975614,0.08138241241085144,1.3432082493243276,1.3432082493243276,1.2814335036125613,1.2469248318241657,0.09628341750016227
30.0,-145.0,-0.023605106208465763,0.0033303928913220003,0.0571280186435632,-0.043609388029046244,0.07572107893004922,0.009555911195273744,0.009555911195273744,-20.197278948767206,0.00860877924897184,0.0009471319463019032,1.1376084756278266,1.1376084756278266,0.5599281906139748,1.0248546724966479,0.11275380313117896,1.345902985249823,1.345902985249823,1.2901375640420385,1.2125041195734987,0.13339886567632436
30.0,-140.0,-0.027239959434441807,0.003879879135827798,0.05586914698404264,-0.04322813572198924,0.075809644207198,0.009578277935818943,0.009578277935818943,-20.187125650548236,0.008316526241381367,0.0012617516944375758,1.1402711828355887,1.1402711828355887,0.5700814888329493,0.9900626477834963,0.15020853505209236,1.3490532303970342,1.3490532303970342,1.3002908622610119,1.1713417241382207,0.17771150625881346
30.0,-135.0,-0.030964011103819893,0.004400983817011522,0.05435263103275737,-0.04278432748333084,0.07591341001811891,0.00960451676058448,0.00960451676058448,-20.17524481243843,0.007974324096121692,0.0016301926644627877,1.1433948524505333,1.1433948524505333,0.5819623269427534,0.9493242971573443,0.194070555293189,1.3527488395189406,1.3527488395189406,1.3121717003708167,1.1231442388903792,0.2296046006285616
30.0,-130.0,-0.034765949453447055,0.0048777454901985685,0.05254672376907326,-0.04228174563999104,0.0760353065075362,0.009635386058525021,0.009635386058525021,-20.16130879895066,0.0075813283794851395,0.0020540576790398827,1.1470697688720264,1.1470697688720264,0.5958983404305217,0.90253909279585,0.24453067607617654,1.3570966279612704,1.3570966279612704,1.3261077138585844,1.0677927295049492,0.2893038984563215
30.0,-125.0,-0.03862541898644048,0.005292691242983205,0.050418813611421004,-0.04172717090043122,0.07617840330309264,0.009671687360155338,0.009671687360155338,-20.144977506040526,0.007138521085138536,0.002533166275016797,1.151391352399445,1.151391352399445,0.6122296333406562,0.8498239387069686,0.30156741369247586,1.362209487345822,1.362209487345822,1.3424390067687186,1.0054255049490897,0.356783982396732
30.0,-120.0,-0.04251195995336879,0.005627661940048596,0.04793698981499453,-0.04113067617736799,0.07634543099176729,0.00971414586572152,0.00971414586572152,-20.12595379532703,0.006649322540202061,0.0030648233255194533,1.156445936395419,1.156445936395419,0.6312533440541536,0.7915860166907217,0.3648599197046969,1.3681895585523265,1.3681895585523265,1.361462717482217,0.93652430143691,0.431665257115416
30.0,-115.0,-0.046384319712122306,0.0058648133804778246,0.0450718833628061,-0.040505748350837936,0.07653817002304156,0.009763255770665509,0.009763255770665509,-20.10405333209362,0.006120173013154568,0.0036430827575109404,1.162292353650656,1.162292353650656,0.6531538072875654,0.7285920253755439,0.43370032827511196,1.375106446572607,1.375106446572607,1.383363180715629,0.8619961990358547,0.5131102475367522
30.0,-110.0,-0.050190270808890304,0.005987754138022309,0.041798711618780245,-0.039869204050551534,0.07675677304382733,0.00981910568426814,0.00981910568426814,-20.079280655811047,0.005561011861955836,0.004258093822312305,1.1689411528890645,1.1689411528890645,0.6779264835701371,0.6620252216614091,0.5069159312276553,1.382972631587062,1.382972631587062,1.4081358569982003,0.7832411073177233,0.5997315242693386
30.0,-105.0,-0.05386704534086008,0.0059827631288478554,0.03809942068254673,-0.03924087194487455,0.07699911633096765,0.009881207067296267,0.009881207067296267,-20.051899996789928,0.004985569023409877,0.004895638043886392,1.176334174678127,1.176334174678127,0.7053071425912566,0.5935201218345092,0.5828140528436181,1.3917193052529953,1.3917193052529953,1.4355165160193197,0.7021928201985741,0.6895264850544214
30.0,-100.0,-0.05734245323578585,0.0058400123188816965,0.033964790976618864,-0.038643023776249674,0.07726029381021138,0.009948353958526838,0.009948353958526838,-20.022487711001006,0.0044113799263139925,0.005536974032212842,1.1843278522055758,1.1843278522055758,0.7347194283801782,0.525164276942142,0.6591635752634337,1.4011766138770192,1.4011766138770192,1.4649288018082418,0.6213211163822525,0.7798554974947665
30.0,-95.0,-0.06053669727167481,0.005554704971544993,0.029396354342262506,-0.038099550464783076,0.07753236651952342,0.010018543735715155,0.010018543735715155,-19.991954015731817,0.0038594447320358244,0.006159099003679329,1.192683778061328,1.192683778061328,0.7652531236493652,0.459457706194741,0.7332260718665868,1.4110624979880497,1.4110624979880497,1.495462497077428,0.5435837650754682,0.8674787329125815
30.0,-90.0,-0.06336483619226917,0.005128030432037813,0.02440796873576802,-0.03763489823437972,0.07780445787166283,0.010088985087156797,0.010088985087156797,-19.96152519909433,0.00335347849994845,0.006735506587208348,1.201069653232952,1.201069653232952,0.795681940286856,0.399223630946244,0.8018460222867082,1.4209838150925067,1.4209838150925067,1.5258913137149204,0.47232091548569716,0.9486628996068096
30.0,-85.0,-0.06573978673438326,0.004567835442415711,0.019026911127506825,-0.03727280199406211,0.07806324228504595,0.010156210388973637,0.010156210388973637,-19.932683111634287,0.0029187397630396792,0.007237470625933955,1.2090726653540045,1.2090726653540045,0.8245240277468981,0.34746901940948566,0.8616036459445185,1.4304521674610755,1.4304521674610755,1.5547334011749614,0.41109010747037733,1.0193620599906978
30.0,-80.0,-0.06757570329639688,0.0038889213243687606,0.01329437935559714,-0.037034877110082264,0.07829381859431317,0.010216296030119419,0.010216296030119419,-19.907065313295405,0.0025804769479831928,0.007635819082136223,1.2162257178713596,1.2162257178713596,0.8501418260857779,0.3071996366646659,0.9090260812066933,1.4389149338196365,1.4389149338196365,1.580351199513841,0.3634474574624215,1.0754674763572143
30.0,-75.0,-0.06879153649623672,0.0031128966791017206,0.007265336019671887,-0.03693915341110383,0.07848090074314666,0.010265177797469962,0.010265177797469962,-19.88633524053605,0.0023620879550273277,0.007903089842442632,1.2220449758892813,1.2220449758892813,0.8708718988451329,0.28120094702706283,0.9408440288622181,1.4457996897845018,1.4457996897845018,1.6010812722731966,0.33268844437004613,1.1131112454144552
30.0,-70.0,-0.06931455290186683,0.002267545663613887,0.0010076769926335768,-0.036998653605111786,0.07861020791751415,0.010299032012193942,0.010299032012193942,-19.872035919470648,0.002283139180496816,0.008015892831697128,1.2260752395468981,1.2260752395468981,0.8851712199105366,0.27180228339247814,0.9542729561544201,1.4505678890414004,1.4505678890414004,1.6153805933385998,0.3215688986615234,1.1289989903798772
30.0,-65.0,-0.06908359918343761,0.0013857100867816913,-0.0053992417710397025,-0.03722012917539966,0.07866990336919226,0.010314679822351116,0.010314679822351116,-19.86544248402828,0.0023574275070362125,0.007957252315314902,1.2279380740894188,1.2279380740894188,0.8917646553529057,0.28064613179002534,0.9472919422993932,1.452771805964946,1.452771805964946,1.6219740287809685,0.33203204324453695,1.1207397627204085
30.0,-60.0,-0.06805191405293436,0.0005037259469860879,-0.011866637934795709,-0.03760306772285471,0.07865192015547212,0.010309964680143452,0.010309964680143452,-19.867428225191095,0.0025912852817414874,0.007718679398401966,1.2273767476361253,1.2273767476361253,0.8897789141900881,0.3084863430644628,0.9188904045716625,1.452107701428655,1.452107701428655,1.6199882876181508,0.36496975799175874,1.0871379434368966
30.0,-55.0,-0.06618932819908498,-0.00034050289379646123,-0.018298776220371474,-0.03813907510216404,0.07855302266926852,0.010284053334484369,0.010284053334484369,-19.878356797137165,0.002982320173924695,0.007301733160559672,1.2242920636290917,1.2242920636290917,0.8788503422440168,0.3550381159434161,0.8692539476856752,1.448458216124559,1.448458216124559,1.6090597156720798,0.420045094918971,1.0284131212055874
30.0,-50.0,-0.0634837423743606,-0.0011096743048528137,-0.024595732651478006,-0.03881171351654824,0.07837548145734502,0.010237618967089364,0.010237618967089364,-19.89801038447619,0.00351874905271603,0.006718869914373334,1.218764162748734,1.218764162748734,0.8591967549049941,0.41889869675190833,0.7998654659968255,1.4419181643787837,1.4419181643787837,1.5894061283330574,0.4955984581290183,0.9463197062497654
30.0,-45.0,-0.059941832194717395,-0.0017693538785064633,-0.03065628649035554,-0.03959684472915142,0.07812727995962951,0.010172880125977302,0.010172880125977302,-19.925560730618024,0.00417943155951751,0.005993448566459792,1.2110571578544407,1.2110571578544407,0.8316464087631599,0.4975513761330369,0.713505781721404,1.4328000177432818,1.4328000177432818,1.5618557821912233,0.5886523323264098,0.8441476854168721
30.0,-40.0,-0.05558898935817552,-0.0022901759428829416,-0.03638077817503965,-0.04046348911427793,0.07782181966283905,0.010093488232620245,0.010093488232620245,-19.959587189587317,0.00493464203084205,0.005158846201778196,1.2016057419786006,1.2016057419786006,0.7976199497938681,0.5874573846240535,0.6141483573545472,1.421618060932429,1.421618060932429,1.527829323221932,0.6950200043439505,0.7265980565884783
30.0,-35.0,-0.050468566238275475,-0.0026498177022288532,-0.04167378869812863,-0.04137517078860439,0.07747713942992926,0.010004276198723705,0.010004276198723705,-19.998143267450356,0.005747546963404478,0.00425672923531923,1.1909852617528223,1.1909852617528223,0.7590638719308305,0.684231781357676,0.5067534803951466,1.409052985735733,1.409052985735733,1.489273245358893,0.8095136568175321,0.5995393289182014
30.0,-30.0,-0.04464053724097422,-0.0028345972824090067,-0.046446526780694004,-0.04229168086244897,0.07711471083442643,0.009910897553360842,0.009910897553360842,-20.03887013040396,0.006576288602199748,0.0033346089511610915,1.1798687563524812,1.1798687563524812,0.718337008977223,0.7828915002618748,0.3969772560906062,1.3959010638536393,1.3959010638536393,1.448546382405285,0.9262378312957391,0.46966323255790016
30.0,-25.0,-0.038179719923495316,-0.002840570103082472,-0.05061885061099143,-0.0431711582516658,0.07675791030190511,0.009819396653769318,0.009819396653769318,-20.07915196325945,0.007376521119125403,0.0024428755346439157,1.168975792115395,1.168975792115395,0.6780551761217346,0.8781572760863575,0.2908185160290376,1.383013613206946,1.383013613206946,1.4082645495497979,1.0389466364965354,0.3440669767104106
30.0,-20.0,-0.031173708012848935,-0.002674029969800951,-0.054120894618321355,-0.043972362357163064,0.07643029761231375,0.00973575462295236,0.00973575462295236,-20.116303804682843,0.008104208881442383,0.0016315457415099796,1.1590184074943286,1.1590184074943286,0.6409033346983399,0.9647867716002836,0.19423163589404518,1.3712330454862478,1.3712330454862478,1.3711127081264032,1.1414378706256876,0.2297951748605605
30.0,-15.0,-0.023720656955437232,-0.0023513593679591062,-0.05689431173034603,-0.04465699493644358,0.07615384666120392,0.00966545289284961,0.00966545289284961,-20.147777914794744,0.008718477773934155,0.0009469751189154558,1.1506491539106682,1.1506491539106682,0.6094292245864426,1.037914020706447,0.11273513320422093,1.3613313933591,1.3613313933591,1.3396385980145051,1.227954616047064,0.13337677731203604
30.0,-10.0,-0.015927034065832617,-0.0018982161346839262,-0.058893171607758844,-0.04519191992230822,0.07594727728439919,0.009613088402534995,0.009613088402534995,-20.171370638715715,0.009184309106473158,0.0004287792960618381,1.144415286016071,1.144415286016071,0.5858365006654681,1.0933701317229951,0.05104515429307596,1.3539561130330977,1.3539561130330977,1.3160458740935304,1.2935646628835433,0.06039145014955465
30.0,-5.0,-0.007905406353333646,-0.001348089712986651,-0.06008457151867453,-0.04555113036315522,0.07582462665539122,0.00958206426762892,0.00958206426762892,-20.18540920622206,0.009474878800345449,0.0001071854672834734,1.1407219366224908,1.1407219366224908,0.571797933159123,1.1279617619458866,0.012760174676603977,1.3495865165674537,1.3495865165674537,1.302007306587186,1.3344899718796406,0.015096544687813154
30.0,0.0,0.00022770215975262257,-0.000740307645799689,-0.060449017958396675,-0.04571732218087574,0.07579417671040792,0.009574369808535203,0.009574369808535203,-20.188898019737202,0.00957336999261665,9.99815918551861e-07,1.1398059295875242,1.1398059295875242,0.5683091196439829,1.1396869038829345,0.00011902570458950724,1.3485027899345354,1.3485027899345354,1.2985184930720455,1.3483619707910774,0.00014081914345800856
30.0,5.0,0.008353887523262974,-0.00011761856901247966,-0.05998062602936826,-0.04568295625228072,0.07585782267968036,0.009590456160377467,0.009590456160377467,-20.181607355589172,0.00947412344960557,0.00011633271077189835,1.1417209714735082,1.1417209714735082,0.5755997837920119,1.1278718392387586,0.013849132234749805,1.350768473292601,1.350768473292601,1.3058091572200752,1.3343835844514889,0.016384888841112444
30.0,10.0,0.01635490549794106,0.0004764830090134193,-0.0586871643362133,-0.045450723736082034,0.07601093023943213,0.009629209004332222,0.009629209004332222,-20.16409386724152,0.009183036232584424,0.00044617277174779826,1.1463344052776454,1.1463344052776454,0.593113272139666,1.0932185991171934,0.053115806160452174,1.3562266203284818,1.3562266203284818,1.3233226455677296,1.2933853848710455,0.06284123545743638
30.0,15.0,0.024114711695090028,0.0010004978095862946,-0.05658995093388429,-0.045033373111012825,0.07624268854427567,0.009688017686512292,0.009688017686512292,-20.137650770132616,0.008717173365384485,0.0009708443211278034,1.1533354388705108,1.1533354388705108,0.619556369248566,1.0377587339743435,0.11557670489616709,1.36450953331159,1.36450953331159,1.3497657426766287,1.2277708965330258,0.13673863677856388
30.0,20.0,0.03152153552418889,0.001417526122035462,-0.05372358542338913,-0.04445290737302533,0.07653692694881545,0.00976293863862401,0.00976293863862401,-20.104194402793606,0.008103616760561982,0.0016593218780620316,1.1622545998361917,1.1622545998361917,0.6530127365875783,0.9647162810192838,0.19753831881690853,1.3750617800878888,1.3750617800878888,1.3832221100156423,1.141354473318589,0.2337073067693002
30.0,25.0,0.03847000460716923,0.0016975418040049007,-0.05013548695141107,-0.04373921074089873,0.07687332769396565,0.009848948818927939,0.009848948818927939,-20.066101194009242,0.007377635536410109,0.00247131328251783,1.172493907015231,1.172493907015231,0.6911059453719421,0.8782899448107273,0.29420396220450357,1.3871758899898505,1.3871758899898505,1.4213153188000054,1.03910359667748,0.3480722933123704
30.0,30.0,0.044863311454670936,0.0018191704555229964,-0.0458851992971533,-0.0429282097919309,0.07722893762252958,0.009940280493170996,0.009940280493170996,-20.026013605807897,0.006580316157845105,0.003359964335325892,1.1833667253774995,1.1833667253774995,0.7311935335732886,0.7833709711720362,0.39999575420546335,1.4000395060804218,1.4000395060804218,1.461402907001352,0.92680509265424,0.47323441342618194
30.0,35.0,0.05061538523415782,0.0017708499266842377,-0.04104342274699466,-0.042059708658366696,0.07757986062813108,0.010030821641396364,0.010030821641396364,-19.98663491734348,0.005755833803128622,0.004274987838267744,1.1941454334995674,1.1941454334995674,0.7705722220377049,0.6852183098962645,0.5089271236033029,1.412791780478361,1.412791780478361,1.5007815954657675,0.8106808173420593,0.602110963136302
30.0,40.0,0.05565300214567733,0.0015513048227225128,-0.035690737728068404,-0.04117505818714786,0.07790299975462142,0.010114557328139947,0.010114557328139947,-19.950531197298588,0.004948573709901057,0.00516598361823889,1.2041139676357082,1.2041139676357082,0.8066759420825963,0.589115917845364,0.6149980497903441,1.4245855391746405,1.4245855391746405,1.5368853155106592,0.6969822126621206,0.7276033265125197
30.0,45.0,0.05991774147790956,0.0011693234531650468,-0.029915996812155916,-0.040314823789327325,0.07817771385491623,0.010186018265939352,0.010186018265939352,-19.919955493664425,0.004200320848295046,0.005985697417644304,1.2126212221356372,1.2126212221356372,0.8372516457167598,0.5000381962256008,0.7125830259100363,1.434650459991458,1.434650459991458,1.5674610191448235,0.5915944856753586,0.8430559743160991
30.0,50.0,0.06336767372669037,0.0006428796867589274,-0.02381437952320209,-0.039516607427008896,0.07838725854652256,0.010240695909213966,0.010240695909213966,-19.896705297603585,0.00354772797643525,0.006692967932778715,1.2191304653826152,1.2191304653826152,0.8605018417775988,0.4223485686232441,0.7967818967593707,1.4423515365090092,1.4423515365090092,1.5907112152056615,0.4996799966810211,0.9426715398279878
30.0,55.0,0.06597865502162939,-2.3111511368149353e-06,-0.017485128171854845,-0.03881315868340001,0.07851989504560983,0.010275381117952216,0.010275381117952216,-19.882020609989482,0.003020247169327775,0.007255133948624442,1.2232596568990732,1.2232596568990732,0.8751865293917017,0.35955323444378273,0.8637064224552907,1.4472367771763681,1.4472367771763681,1.6053959028197649,0.42538692525743305,1.0218498519189352
30.0,60.0,0.06774510127199913,-0.0007346766844697462,-0.01102901193457008,-0.038230881524919005,0.07856957364406023,0.010288387452594456,0.010288387452594456,-19.876526889226426,0.0026386701793631472,0.007649717273231311,1.2248080300707687,1.2248080300707687,0.880680250154757,0.31412740230513664,0.9106806277656324,1.4490686552949936,1.4490686552949936,1.6108896235828198,0.37164368723424607,1.077424968060748
30.0,65.0,0.06868012828347501,-0.001518961516592008,-0.004545598739042197,-0.03778881029925648,0.07853613128269717,0.010279631015960905,0.010279631015960905,-19.88022473921295,0.002414370872492105,0.007865260143468805,1.223765597138203,1.223765597138203,0.8769824001682325,0.28742510386810777,0.9363404932700959,1.4478353543606908,1.4478353543606908,1.6071917735962957,0.3400522355622683,1.1077831187984233
30.0,70.0,0.06881497201523554,-0.0023185270398510404,0.0018695530168069837,-0.037498093198212186,0.07842498430396164,0.010250555444661,0.010250555444661,-19.89252600948177,0.002349281689692427,0.007901273754968574,1.2203042196025002,1.2203042196025002,0.8646811298994139,0.27967639163005087,0.9406278279724494,1.4437402034733802,1.4437402034733802,1.5948905033274763,0.33088474502710236,1.112855458446278
30.0,75.0,0.06819764590127063,-0.0030976117216753698,0.008127642782018819,-0.037361985770646956,0.07824634600268235,0.01020391070972679,0.01020391070972679,-19.912333503800255,0.002436570193143811,0.007767340516582976,1.214751274967475,1.214751274967475,0.8448736355809254,0.290067880136168,0.9246833948313068,1.4371705224967308,1.4371705224967308,1.575083009008989,0.34317890044279026,1.0939916220539403
30.0,80.0,0.06689084732112548,-0.0038233963693638973,0.014149157516106578,-0.03737632275238639,0.07801404986309539,0.010143414323750252,0.010143414323750252,-19.93815834709435,0.0026619175558108004,0.007481496767939459,1.2075493242559827,1.2075493242559827,0.8190487922868344,0.3168949471203334,0.89065437713565,1.4286499047535566,1.4286499047535566,1.5492581657148965,0.37491796560715496,1.0537319391464028
30.0,85.0,0.06496918802351233,-0.004467739214717996,0.01986601993004417,-0.037530405166344136,0.07774410682447956,0.010073339591138398,0.010073339591138398,-19.96826524922212,0.0030052459654790163,0.00706809362565938,1.1992070941831428,1.1992070941831428,0.7889418901590635,0.3577673768427401,0.8414397173404025,1.4187802241039997,1.4187802241039997,1.5191512635871267,0.42327407964493186,0.9955061444590676
30.0,90.0,0.06251588654819856,-0.005008475378343733,0.02522320644929398,-0.0378082132101993,0.07745316020831108,0.009998084497943907,0.009998084497943907,-20.00083197165775,0.003442704109229339,0.006555380388714568,1.190248154517132,1.190248154517132,0.7563751677234333,0.4098457272892071,0.7804024272279249,1.4081809152033673,1.4081809152033673,1.4865845411514969,0.4848879027083576,0.9232930124950095
30.0,95.0,0.05961911605885893,-0.0054302125932264595,0.03017971887971732,-0.0381898359334665,0.07715701658780738,0.00992177493318959,0.00992177493318959,-20.0341062877962,0.003948705305886645,0.005973069627302941,1.1811636825225702,1.1811636825225702,0.7231008515849823,0.47008396498650545,0.7110797175360644,1.3974330891816322,1.3974330891816322,1.4533102250130456,0.556155676885443,0.8412774122961887
30.0,100.0,0.056368240097905524,-0.005724597398646148,0.03470884311215499,-0.03865299809073026,0.07686941887836733,0.00984794725578064,0.00984794725578064,-20.066542860906274,0.004497824121315365,0.005350123134465276,1.1723746733072191,1.1723746733072191,0.6906642784749094,0.5354552525375434,0.6369194207696758,1.3870348247578368,1.3870348247578368,1.4208736519029737,0.63349635511484,0.7535384696429965
30.0,105.0,0.052850184885120874,-0.0058900698916397425,0.03879768834841701,-0.03917456433268199,0.07660118848657763,0.009779339736875461,0.009779339736875461,-20.096904661031402,0.0050663924934431755,0.004712947243432285,1.1642071115327932,1.1642071115327932,0.6603024783497836,0.6031419635051399,0.5610651480276531,1.3773717939261214,1.3773717939261214,1.390511851777847,0.7135764075272079,0.6637953863989133
30.0,110.0,0.049146186381664146,-0.005931166381170476,0.042446063150941626,-0.03973191153096105,0.0763598025234497,0.009717803459721144,0.009717803459721144,-20.124318886874732,0.0056336890602525025,0.004084114399468642,1.156881364252517,1.156881364252517,0.6328882525064505,0.670677269077679,0.48620409517483837,1.3687047126367806,1.3687047126367806,1.3630976259345138,0.79347733242993,0.5752273802068509
30.0,115.0,0.04532911397857058,-0.005857463583931571,0.04566480124463868,-0.04030408053786207,0.0761494020622234,0.009664324707988614,0.009664324707988614,-20.148284867818592,0.006182675976279747,0.00348164873170887,1.1505148461891208,1.1505148461891208,0.6089222715625925,0.7360328543190175,0.4144819918701036,1.3611724940829035,1.3611724940829035,1.3391316449906563,0.8707994332788376,0.4903730608040662
30.0,120.0,0.04146151491213171,-0.005682281583401816,0.04847369267294199,-0.04087264649815673,0.07597116331817029,0.00961913614172688,0.00961913614172688,-20.168639285574997,0.006700295668960855,0.0029188404727660223,1.145135254967486,1.145135254967486,0.5885678538061874,0.7976542463048637,0.34748100866262177,1.3548079072854762,1.3548079072854762,1.3187772272342502,0.9437036153465993,0.4111042919388764
30.0,125.0,0.03759445201856892,-0.005421273314909464,0.05089919944663736,-0.04142227818874346,0.07582391879602142,0.009581885362104081,0.009581885362104081,-20.185490293559198,0.007177386965022306,0.0024044983970817747,1.140700638345724,1.140700638345724,0.571716845821989,0.8544508291693222,0.28624980917640175,1.3495613186062085,1.3495613186062085,1.3019262192500518,1.010899572538353,0.3386617460678556
30.0,130.0,0.03376713152914514,-0.005091025460271643,0.0529721373111762,-0.04194098756305136,0.07570489733842756,0.0095518274359686,0.0095518274359686,-20.199135321405414,0.007608310370230453,0.0019435170657381472,1.1371223138057858,1.1371223138057858,0.5580718179757719,0.9057512345512444,0.23137107925454137,1.3453278078829014,1.3453278078829014,1.2882811914038352,1.071593009891613,0.2737347979912883
30.0,135.0,0.030007246721472498,-0.0047077809327079065,0.05472548794625855,-0.04242009701813394,0.07561046038146889,0.009528011727171493,0.009528011727171493,-20.20997716990987,0.007990384523752612,0.001537627203418878,1.1342871103775587,1.1342871103775587,0.5472299694713135,0.9512362528276921,0.18305085754986647,1.34197348270021,1.34197348270021,1.2774393428993767,1.1254062709510722,0.21656721174913776
30.0,140.0,0.026331905684982598,-0.004286369686647444,0.05619247255919655,-0.04285397140216876,0.07553673979824245,0.009509441065095648,0.009509441065095648,-20.218450087700916,0.00832323197428483,0.0011862090908108178,1.1320763172732915,1.1320763172732915,0.5387570516802678,0.9908609493196228,0.14121536795366882,1.3393578964923447,1.3393578964923447,1.268966425108331,1.1722861935612436,0.1670717029311011
30.0,145.0,0.022748973431426837,-0.003839406181096117,0.05740497385137835,-0.043239573460802386,0.07548012034937916,0.009495190581839752,0.009495190581839752,-20.224963139379476,0.008608116760483356,0.0008870738213563957,1.1303798311713993,1.1303798311713993,0.532244000001709,1.024775804819447,0.10560402635195189,1.337350786174613,1.337350786174613,1.2624533734297723,1.2124108113356837,0.12493997483892898
30.0,150.0,0.019258643526901435,-0.0033767821926669857,0.058392344955082276,-0.043575905634367904,0.07543754708155373,0.009484482403656186,0.009484482403656186,-20.22986364866997,0.008847334066838831,0.0006371483368173517,1.129105048054308,1.129105048054308,0.527343490711215,1.0532540555760515,0.07585099247825616,1.3358425920642514,1.3358425920642514,1.257552864139278,1.24610338969561,0.08973920236864108
30.0,155.0,0.01585506263490628,-0.002905455997475332,0.05918059745027496,-0.043863399110603156,0.07540666801959636,0.009476719373439448,0.009476719373439448,-20.233419796021796,0.009043688432406017,0.00043303094103343357,1.1281808777904103,1.1281808777904103,0.5237873433593877,1.0766295752864306,0.05155130250398019,1.3347492075266825,1.3347492075266825,1.253996716787451,1.2737589341416924,0.06099027338499064
30.0,160.0,0.012527859960081622,-0.0024295156311997202,0.05979192161950193,-0.04410330449695486,0.07538584203871071,0.009471485493524624,0.009471485493524624,-20.2358190156204,0.00920007551872832,0.00027140997479630413,1.1275577968481698,1.1275577968481698,0.5213881237607828,1.0952470855628953,0.03231071128527431,1.3340120413414964,1.3340120413414964,1.2515974971888457,1.2957852843279323,0.03822675701356396
30.0,165.0,0.00926347696545757,-0.0019504765733945086,0.06024446499009915,-0.04429712920474058,0.0753740511189208,0.009468522900307709,0.009468522900307709,-20.23717766116054,0.009319165811770539,0.0001493570885371732,1.1272051071794893,1.1272051071794893,0.5200294782206434,1.1094245014012547,0.017780605778234905,1.3335947746912267,1.3335947746912267,1.2502388516487066,1.312558565038104,0.021036209653122986
30.0,170.0,0.006046243530193242,-0.0014677634978465092,0.060552282357754415,-0.04444615633740942,0.07537075760807152,0.009467695453696579,0.009467695453696579,-20.237557204204244,0.009403177989482894,6.45174642136815e-05,1.127106601630545,1.127106601630545,0.5196499351769431,1.119425951128916,0.00768065050162875,1.3334782329150108,1.3334782329150108,1.2498593086050056,1.3243912661243513,0.009086966790659365
30.0,175.0,0.0028591970883208844,-0.0009793214886210197,0.06072537209835969,-0.04455106996724666,0.07537574364660482,0.00946894813729118,0.00946894813729118,-20.236982621310617,0.009453725031653858,1.5223105637318025e-05,1.1272557306299025,1.1272557306299025,0.5202245180705651,1.1254434561492688,0.0018122744806330982,1.3336546672241096,1.3336546672241096,1.2504338914986277,1.3315105678385715,0.0021440993855377497
30.0,180.0,-0.00031531568544481623,-0.00048230326829316726,0.06076972773613218,-0.044611703108431044,0.07538896407155707,0.009472270014870478,0.009472270014870478,-20.235459305222445,0.009471716627200968,5.533876695108423e-07,1.1276511922464856,1.1276511922464856,0.5217478341587373,1.1275853127620201,6.587948446557646e-05,1.334122537305701,1.334122537305701,1.2519572075868004,1.334044595380418,7.794192528321721e-05
35.0,-180.0,-0.0002889158849677611,-0.0006242801441734577,0.055849571242274486,-0.05035234597610331,0.07519977760159997,0.009424788879395641,0.009424788879395641,-20.257283694553703,0.009424000234497073,7.886448985672051e-07,1.1219986761185288,1.1219986761185288,0.4999234448274791,1.1219047898210803,9.388629744847682e-05,1.3274350534360058,1.3274350534360058,1.2301328182555424,1.3273239766897287,0.00011107674627707114
35.0,-175.0,-0.0028644010656407467,-8.27753281431894e-05,0.05578608756514758,-0.050373438805197554,0.07521823281696458,0.009429415431693242,0.009429415431693242,-20.255152301321445,0.009415729678750867,1.3685752942380694e-05,1.1225494561539575,1.1225494561539575,0.502054838059738,1.1209201998512937,0.0016292563026643683,1.328086680520175,1.328086680520175,1.2322642114878015,1.3261591096832206,0.0019275708369550272
35.0,-170.0,-0.005469616780127619,0.0004802962899199877,0.05564313437847507,-0.050345754265438664,0.0752396223293587,0.00943477900559471,0.00943477900559471,-20.252682680241996,0.009384534535562969,5.0244470031744614e-05,1.1231879768565132,1.1231879768565132,0.5045244591391869,1.1172064923289249,0.005981484527588645,1.3288421134640436,1.3288421134640436,1.23473383256725,1.32176542754408,0.00707668591996403
35.0,-165.0,-0.008128005259443039,0.0010698907790295184,0.05541490688998393,-0.05026564342570909,0.0752639086840612,0.009440870832307076,0.009440870832307076,-20.249879442376848,0.009328858244927855,0.0001120125873792264,1.123913194322271,1.123913194322271,0.5073276970043373,1.1105783624914114,0.013334831830860287,1.3297001172263487,1.3297001172263487,1.2375370704324005,1.313923696468712,0.01577642075763752
35.0,-160.0,-0.01086256536575696,0.0016885467304543675,0.055091140140377776,-0.050128542915665694,0.07529110872606905,0.009447695842846092,0.009447695842846092,-20.246740967556605,0.009246289727147935,0.0002014061156981575,1.1247256955769156,1.1247256955769156,0.5104661718245787,1.1007487770414208,0.02397691853549494,1.330661386316351,1.330661386316351,1.2406755452526428,1.3022943277673147,0.02836705854903627
35.0,-155.0,-0.013695294797657432,0.002335757509692266,0.05465685734959872,-0.04992943359994342,0.07532155904974598,0.009455339336911662,0.009455339336911662,-20.243228804092396,0.009133652144339114,0.00032168719257254474,1.1256356353466266,1.1256356353466266,0.5139783352887916,1.0873395409927518,0.03829609435387438,1.3317379347762903,1.3317379347762903,1.2441877087168542,1.2864298794843823,0.04530805529190771
35.0,-150.0,-0.016646300864618834,0.003007488364607668,0.0540922035105862,-0.049663421275129176,0.07535626193038165,0.009464054055660644,0.009464054055660644,-20.239227878213676,0.008987158092999725,0.00047689596266091834,1.1266731018643625,1.1266731018643625,0.5179792611675073,1.069899772976158,0.05677332888820456,1.3329653599522033,1.3329653599522033,1.2481886345955704,1.2657969145070034,0.06716844544519976
35.0,-145.0,-0.01973256898426538,0.003695864447764762,0.05337244229813856,-0.049326403623138546,0.07539725050687159,0.009474352432832974,0.009474352432832974,-20.234504641523134,0.008802645436416224,0.0006717069964167526,1.1278990991467828,1.1278990991467828,0.5227024978580498,1.0479339805257408,0.07996511862104198,1.334415835610278,1.334415835610278,1.252911871286113,1.239809216396651,0.09460661921362713
35.0,-140.0,-0.022966417818752492,0.004389057030912407,0.052468186628861255,-0.04891577990373571,0.07544789129430884,0.00948708366083327,0.00948708366083327,-20.228672696229605,0.00857590484563717,0.0009111788151960955,1.1294147215277703,1.1294147215277703,0.5285344431515759,1.0209410530520442,0.10847366847572566,1.336208966314545,1.336208966314545,1.2587438165796394,1.2078739219207282,0.12833504439381627
35.0,-135.0,-0.02635370983340218,0.005071395300792064,0.05134592376746019,-0.04843115663270116,0.07551303127669504,0.00950347259445364,0.00950347259445364,-20.22117673338688,0.00830310575354221,0.001200366840911427,1.1313657850540046,1.1313657850540046,0.5360304059943042,0.988464970659787,0.14290081439421753,1.338517266824456,1.338517266824456,1.2662397794223672,1.1694515145834097,0.16906575224104606
35.0,-130.0,-0.02989192690034225,0.005723729168752955,0.04996888527997679,-0.047875003152263035,0.07559890073516488,0.009525098584581887,0.009525098584581887,-20.21130520689787,0.00798132100556204,0.0015437775790198473,1.13394030768832,1.13394030768832,0.5459019324833152,0.9501572625669097,0.1837830451214104,1.3415631809270263,1.3415631809270263,1.276111305911378,1.124129719093245,0.2174334618337813
35.0,-125.0,-0.03356826097908876,0.006324063302866098,0.04829829772867504,-0.047253213483307556,0.075712704811053,0.009553797704190518,0.009553797704190518,-20.1982395887472,0.00760914031552543,0.0019446573886650867,1.1373568695464902,1.1373568695464902,0.5589675506339853,0.9058500375625512,0.2315068319839389,1.3456053104493686,1.3456053104493686,1.2891769240620488,1.071709903595131,0.2738954068542375
35.0,-120.0,-0.037357904969586575,0.006848472518629058,0.04629502755657218,-0.04657553271072487,0.07586187753612916,0.009591481472230103,0.009591481472230103,-20.181143077903798,0.007187347045534099,0.0024041344266960015,1.1418430324083455,1.1418430324083455,0.5760640614773861,0.8556365530397738,0.28620647936857163,1.3509128834126902,1.3509128834126902,1.3062734349054492,1.0123024007794506,0.3386104826332397
35.0,-115.0,-0.0412227507602519,0.007272292109313433,0.043921600003943316,-0.04585580602427923,0.076053029563639,0.00963987840287741,0.00963987840287741,-20.159284442395364,0.006719611513778055,0.002920266889099352,1.14760457177112,1.14760457177112,0.5979226969858183,0.7999537516402446,0.3476508201308752,1.3577293525179448,1.3577293525179448,1.328132070413882,0.9464241568701486,0.411305195647796
35.0,-110.0,-0.045110701916332124,0.007571552837173135,0.04114452754119148,-0.045112007182852895,0.0762906886743324,0.009700220102275241,0.009700220102275241,-20.13218411288487,0.006213129188727665,0.0034870909135475757,1.1547881074137192,1.1547881074137192,0.6250230264963152,0.7396582367532935,0.4151298706604257,1.366228183419048,1.366228183419048,1.3552323999243787,0.8750886181306569,0.4911395652883909
35.0,-105.0,-0.04895578139955216,0.007724600178033316,0.03793683315549346,-0.044366003502590956,0.07657599857011903,0.009772909020801772,0.009772909020801772,-20.09976144199896,0.0056791088331068365,0.004093800187694933,1.1634415500954491,1.1634415500954491,0.6574456973822258,0.6760843848936711,0.48735716520177785,1.3764660592678553,1.3764660592678553,1.3876550708102895,0.7998744835361742,0.5765915757316807
35.0,-100.0,-0.05267915905093127,0.007713804504986609,0.0342806066298069,-0.043643020370770565,0.07690559014951723,0.009857217433296367,0.009857217433296367,-20.06245663549088,0.005133001101129259,0.004724216332167106,1.1734782658686151,1.1734782658686151,0.6947505038903029,0.6110715596582451,0.5624067062103699,1.3883404835628685,1.3883404835628685,1.4249598773183663,0.7229579015675013,0.6653825819953672
35.0,-95.0,-0.056191144089185664,0.007527238777966249,0.030169397927809177,-0.042970782789822706,0.07727085312437519,0.009951073466005331,0.009951073466005331,-20.02130067473754,0.004594359669209368,0.005356713796795964,1.1846516030958727,1.1846516030958727,0.7359064646436452,0.546947579667782,0.6377040234280911,1.4015596430993422,1.4015596430993422,1.4661158380717085,0.647092911156249,0.7544667319430935
35.0,-90.0,-0.05939409465370057,0.00716017924491557,0.02561023969541683,-0.04237833524907968,0.07765780271352103,0.010050987078336791,0.010050987078336791,-19.97791285345548,0.004086249857888669,0.005964737220448123,1.19654608075438,1.19654608075438,0.7792942859257066,0.4864583164153178,0.7100877643390623,1.4156319828643367,1.4156319828643367,1.5095036593537698,0.5755281489984041,0.8401038338659327
35.0,-85.0,-0.06218610272867724,0.006616277849335043,0.020625105346216793,-0.04189457224742013,0.07804765633571611,0.010152155256915978,0.010152155256915978,-19.934417491968127,0.003634164639601445,0.006517990617314526,1.2085899115376164,1.2085899115376164,0.8227896474130547,0.43263864757160064,0.7759512639660152,1.4298810221008418,1.4298810221008418,1.552999020841118,0.5118541745917528,0.9180268475090883
35.0,-80.0,-0.0644652321340971,0.00590826523425707,0.015251649341143494,-0.041546546014091745,0.07841812319551904,0.010248761957632215,0.010248761957632215,-19.893285938709333,0.0032644702475820723,0.006984291710050146,1.2200907092419304,1.2200907092419304,0.8639212006718511,0.38862741042643717,0.8314632988154937,1.443487599666509,1.443487599666509,1.5941305740999145,0.4597845419129679,0.9837030577535418
35.0,-75.0,-0.06613403044615844,0.005058070369459326,0.009543136054806844,-0.04135765072087937,0.07874529051204664,0.010334457825913562,0.010334457825913562,-19.85712302722265,0.0030024737959553948,0.007331984029958164,1.230292598323043,1.230292598323043,0.9000841121585336,0.3574373566613565,0.8728552416616864,1.4555574402695155,1.4555574402695155,1.6302934855865967,0.4228836332331542,1.032673807036361
35.0,-70.0,-0.06710400876795371,0.004096284537009264,0.003567533758426295,-0.04134580948721857,0.07900589091332769,0.01040297291373018,0.01040297291373018,-19.828425322853114,0.0028702711444635585,0.00753270176926662,1.2384491563964504,1.2384491563964504,0.9287818165280699,0.34169894576947124,0.8967502106269788,1.4652074526380536,1.4652074526380536,1.6589911899561327,0.4042635414737406,1.0609439111643129
35.0,-65.0,-0.06729978712808005,0.0030609498528621276,-0.002594179060796165,-0.041521808251221204,0.07917967597140872,0.010448788980892888,0.010448788980892888,-19.809340415522378,0.0028845825842652856,0.0075642063966276036,1.2439034501062962,1.2439034501062962,0.947866723858808,0.34340268860301026,0.9005007615032861,1.4716604198440688,1.4716604198440688,1.6780760972868718,0.4062792372204628,1.0653811826236061
35.0,-60.0,-0.06666263490775237,0.001995710937229998,-0.008850384605366498,-0.041887926221918025,0.07925160834850623,0.010467782431570632,0.010467782431570632,-19.801453125654255,0.003054807482896054,0.007412974948674577,1.2461645751869803,1.2461645751869803,0.9557540137269294,0.3636675574876255,0.8824970176993546,1.4743355537423426,1.4743355537423426,1.6859633871549922,0.4302545750557822,1.0440809786865604
35.0,-55.0,-0.06515319006245882,0.000947427268316879,-0.015101713025739621,-0.042437003845284246,0.07921361515181653,0.010457748333956676,0.010457748333956676,-19.805618136910073,0.0033815220538645865,0.007076226280092086,1.2449700397567474,1.2449700397567474,0.9515890024711117,0.40256214926959366,0.8424078904871533,1.4729223005572782,1.4729223005572782,1.6817983758991746,0.4762707118119136,0.9966515887453642
35.0,-50.0,-0.06275321252633763,-3.660299539067803e-05,-0.021244250670470803,-0.04315206488579439,0.07906570629933421,0.010418731065155649,0.010418731065155649,-19.82185172107429,0.0038556073161472005,0.006563123749008448,1.240325126804244,1.240325126804244,0.9353554183068935,0.45900087096990494,0.7813242558343391,1.4674269105853024,1.4674269105853024,1.6655647917349568,0.5430432839643944,0.9243836266209081
35.0,-45.0,-0.05946631036797147,-0.0009116155521567964,-0.02717285766001256,-0.04400657037023724,0.078816340570067,0.010353115324743405,0.010353115324743405,-19.849289482972893,0.004458132352377083,0.005894982972366321,1.2325137291361197,1.2325137291361197,0.9079176564082907,0.5307300419496529,0.701783687186467,1.4581852570061133,1.4581852570061133,1.638127029836354,0.6279059651235329,0.8302792918825805
35.0,-40.0,-0.055317665196199114,-0.001638332131255627,-0.03278438696935255,-0.044965332545145606,0.07848200669441925,0.010265467112866003,0.010265467112866003,-19.886212840016643,0.005161040343651321,0.005104426769214679,1.2220794181983339,1.2220794181983339,0.8709942993645394,0.6144095647203954,0.6076698534779381,1.4458404384318313,1.4458404384318313,1.6012036727926025,0.7269070906551156,0.7189333477767154
35.0,-35.0,-0.05035286709933688,-0.002185670271112626,-0.03798062231732963,-0.04598606272624593,0.07808606800403879,0.010162150616156574,0.010162150616156574,-19.93014372574617,0.005928603055272655,0.00423354756088392,1.209779835256735,1.209779835256735,0.827063413635013,0.7057860780086495,0.5039937572480857,1.4312888191769821,1.4312888191769821,1.5572727870630763,0.8350145148271345,0.5962743043498477
35.0,-30.0,-0.044636038287830936,-0.0025330018545511868,-0.042670797121656404,-0.04702147467780085,0.07765698951350417,0.010050776579976512,0.010050776579976512,-19.97800380893369,0.006719535040296218,0.0033312415396802926,1.1965210214257753,1.1965210214257753,0.7792033304474948,0.7999446476543117,0.3965763737714635,1.4156023352079594,1.4156023352079594,1.509412703875558,0.9464133859572138,0.46918894925074545
35.0,-25.0,-0.038247467962913284,-0.0026717801008716174,-0.04677361622633953,-0.04802182031718785,0.07722612003685449,0.009939555192995234,0.009939555192995234,-20.026330503662756,0.007489600887563379,0.0024499543054318563,1.1832803801184804,1.1832803801184804,0.7308766357184281,0.8916191532813548,0.29166122683712575,1.399937351126089,1.399937351126089,1.4610860091464908,1.0548733644455464,0.3450639866805431
35.0,-20.0,-0.031280991326679115,-0.00260639483079663,-0.05021876671096576,-0.04893769990619483,0.07682523488068853,0.009836629448709699,0.009836629448709699,-20.071536884169838,0.008194511948187416,0.0016421175005222836,1.1710273153225834,1.1710273153225834,0.6856702552113485,0.9755371366889781,0.1954901786336052,1.3854407674239013,1.3854407674239013,1.4158796286394115,1.1541566124207627,0.23128415500313854
35.0,-15.0,-0.02384132163981611,-0.0023541647531579177,-0.05294796239642178,-0.04972296497645642,0.07648405505202363,0.009749454773679434,0.009749454773679434,-20.11019671009499,0.008792892794049477,0.0009565619796299575,1.1606493778189804,1.1606493778189804,0.647010429286195,1.0467729516725568,0.1138764261464235,1.373162644180202,1.373162644180202,1.3772198027142584,1.238435604795701,0.13472703938450104
35.0,-10.0,-0.0160414914581086,-0.001944432096975886,-0.05491560816378927,-0.0503375187106637,0.07622794811829568,0.00968427197120154,0.00968427197120154,-20.139330224176778,0.009249098449528275,0.0004351735216732657,1.1528895203811358,1.1528895203811358,0.6178769152044086,1.101083148753366,0.05180637162776973,1.3639819677748646,1.3639819677748646,1.3480862886324716,1.3026899224687711,0.06129204530609376
35.0,-5.0,-0.008000489238317064,-0.0014167885570466848,-0.05608918833646397,-0.05074981582196937,0.07607598814392716,0.00964569937618588,0.00964569937618588,-20.15666277692814,0.009535676771772422,0.00011002260441345479,1.1482975447840333,1.1482975447840333,0.6005443624530448,1.1351996156871933,0.013097929096839857,1.358549207913504,1.358549207913504,1.3307537358811077,1.3430530664468199,0.015496141466683773
35.0,0.0,0.00015889491504390564,-0.0008185303760877016,-0.05644947723415655,-0.050938874105511046,0.0760395135092096,0.009636452331775071,0.009636452331775071,-20.160828225608576,0.009635293626455446,1.1587053196275093e-06,1.147196706163699,1.147196706163699,0.5963789137726094,1.1470587650542199,0.0001379411094794654,1.3572468072922634,1.3572468072922634,1.326588287200673,1.357083609359922,0.00016319793234190273
35.0,5.0,0.008312061321524187,-0.00020150968774505687,-0.055990644250437115,-0.050895635558163274,0.07612127778758981,0.009657187372106552,0.009657187372106552,-20.151493421804645,0.009541971803869238,0.00011521556823731145,1.149665163346018,1.149665163346018,0.6057137175765368,1.1359490242701475,0.013716139075870411,1.3601672355079648,1.3601672355079648,1.3359230910046,1.343939690685808,0.01622754482215654
35.0,10.0,0.016334516199227527,0.0003813889753407863,-0.054720288933988226,-0.050623558108937566,0.07631524443806408,0.009706465547200813,0.009706465547200813,-20.12938882634204,0.009261539567564928,0.00044492597963588574,1.1555316127620017,1.1555316127620017,0.6278183130391441,1.1025642342339201,0.05296737852808164,1.3671078235494103,1.3671078235494103,1.3580276864672074,1.3044421926147787,0.06266563093463179
35.0,15.0,0.02410380797357618,0.0008798736319663265,-0.05265940324506992,-0.05013837851919818,0.07660703288273563,0.009780832050951803,0.009780832050951803,-20.096241984060143,0.008811241999556265,0.0009695900513955378,1.1643847679704529,1.1643847679704529,0.6609651553210384,1.0489573808995554,0.11542738707089736,1.377581979007296,1.377581979007296,1.3911745287491013,1.241019999937502,0.13656197906979406
35.0,20.0,0.03150156830766216,0.0012496796968876076,-0.04984222654946384,-0.049467057819901156,0.07697498205230477,0.009875013790208853,0.009875013790208853,-20.054622892197372,0.008218535306696082,0.0016564784835127694,1.1755968797867684,1.1755968797867684,0.7025842471838106,0.9783970603209621,0.1971998194658059,1.3908470127054722,1.3908470127054722,1.4327936206118732,1.1575401840417017,0.23330682866377034
35.0,25.0,0.03841570887390372,0.0014555365415868347,-0.046315938694671266,-0.04864599396212124,0.07739175783402069,0.009982238461904495,0.009982238461904495,-20.007720596499933,0.007519154365087082,0.0024630840968174125,1.188361721655297,1.188361721655297,0.7494865428812493,0.8951374244151289,0.29322429724016813,1.4059490791414782,1.4059490791414782,1.4796959163093129,1.059035826068603,0.346913253072875
35.0,30.0,0.04474278095306874,0.0014734321627242913,-0.04214012844708822,-0.047718651505090984,0.07782639383110242,0.010094674806529664,0.010094674806529664,-19.959076670130123,0.006754607745896362,0.003340067060633301,1.201747000777341,1.201747000777341,0.798130469251062,0.804119969749567,0.39762703102777397,1.4217851840182625,1.4217851840182625,1.5283398426791255,0.9513532036473749,0.4704319803708874
35.0,35.0,0.050390457781621316,0.0012920117428177644,-0.037385976492173054,-0.04673280541485493,0.07824662209962134,0.010203982720079403,0.010203982720079403,-19.912302855170218,0.005969303268982737,0.0042346794510966625,1.2147598476285004,1.2147598476285004,0.8449042842109645,0.710631341545564,0.504128506082936,1.4371806647999157,1.4371806647999157,1.5751136576390272,0.8407469392933431,0.5964337255065721
35.0,40.0,0.055280054904697576,0.0009130293859315665,-0.03213510098470776,-0.04573761929101025,0.07862132424878578,0.010301945006562944,0.010301945006562944,-19.87080772782949,0.005207534871373994,0.005094410135188953,1.2264220245908268,1.2264220245908268,0.8863994115516924,0.6199446275445231,0.6064773970463039,1.450978169938443,1.450978169938443,1.6166087849797561,0.7334556156864779,0.7175225542519651
35.0,45.0,0.059348965059905945,0.00035085774278941417,-0.026478027107894615,-0.04478077662650782,0.0789229157446505,0.010381133145969607,0.010381133145969607,-19.837552387628648,0.004510566859797001,0.005870566286172606,1.235849184044001,1.235849184044001,0.9196547517525334,0.5369722452139287,0.6988769388300722,1.4621314290098038,1.4621314290098038,1.6498641251805968,0.635291107013662,0.8268403219961417
35.0,50.0,0.06255285345732294,-0.0003688629603566932,-0.020512260003388617,-0.043905860952975904,0.07912946968105822,0.0104355424347499,0.0104355424347499,-19.81484971582141,0.003914036849618761,0.00652150558513114,1.242326480327369,1.242326480327369,0.9423574235597743,0.46595676781175727,0.776369712515612,1.4697947091197041,1.4697947091197041,1.6725667969878377,0.5512727957209522,0.918521913398752
35.0,55.0,0.0648674389444345,-0.0012112937111492636,-0.014339964101985729,-0.04315014384551815,0.07922639302656505,0.01046112246543129,0.01046112246543129,-19.804217137107166,0.003445867959031159,0.007015254506400131,1.2453717220751537,1.2453717220751537,0.9529900022740181,0.410222376075138,0.8351493460000156,1.4733975303424351,1.4733975303424351,1.6831993757020813,0.48533351535650127,0.9880640149859338
35.0,60.0,0.06628967954234706,-0.0021349976039017164,-0.008065282927508853,-0.042542896140650426,0.07920749099252335,0.010456131378568297,0.010456131378568297,-19.806289685961428,0.003124837716212497,0.007331293662355797,1.2447775450676544,1.2447775450676544,0.9509174534197549,0.3720044900252973,0.8727730550423569,1.4726945603617316,1.4726945603617316,1.6811268268478177,0.44011798819894316,1.0325765721627882
35.0,65.0,0.06683819102444431,-0.003094862122575183,-0.0017913721625086954,-0.04210429314256538,0.07907529618178832,0.010421258594984285,0.010421258594984285,-19.820798273082513,0.002959897792922257,0.007461360802062029,1.2406260232124149,1.2406260232124149,0.936408866298669,0.3523687848716973,0.8882572383407179,1.4677829007020118,1.4677829007020118,1.666618239726732,0.4168870130876418,1.0508958876143704
35.0,70.0,0.06655275812839984,-0.004045123037444877,0.004382737107523859,-0.041844942318844815,0.07884060005546935,0.01035948963498657,0.01035948963498657,-19.846616397808255,0.00295027646452775,0.00740921317045882,1.2332725755936393,1.2332725755936393,0.910590741572928,0.35122338863425595,0.8820491869593835,1.4590830471812068,1.4590830471812068,1.640800115000991,0.4155318964123591,1.043551150768848
35.0,75.0,0.06549285151787106,-0.0049422747865876275,0.01036528387788547,-0.041766023018604874,0.07852120394306134,0.01027572369437184,0.01027572369437184,-19.881875820645995,0.0030863269366996574,0.00718939675767218,1.2233004398061715,1.2233004398061715,0.8753313187351907,0.3674198734166259,0.8558805663895453,1.4472850273763156,1.4472850273763156,1.6055406921632542,0.43469393474643064,1.0125910926298844
35.0,80.0,0.06373513848549577,-0.00574766893067841,0.016074734234532033,-0.04185999182259984,0.0781399998208406,0.010176192878116268,0.010176192878116268,-19.924146700616475,0.003351014379968576,0.006825178498147691,1.2114515331090798,1.2114515331090798,0.8330604387647111,0.39893028332959246,0.8125212497794871,1.4332666025515872,1.4332666025515872,1.5632698121927744,0.4719738563336022,0.9612927462179847
35.0,85.0,0.061370066090714215,-0.006429630171231198,0.021442334139721325,-0.042111773931396264,0.0777225858623214,0.010067763401158105,0.010067763401158105,-19.970669992002378,0.0037218709777723045,0.0063458924233857975,1.1985432620426317,1.1985432620426317,0.786537147378804,0.44307987830622675,0.7554633837364046,1.4179948452335358,1.4179948452335358,1.5167465208068667,0.5242071799679302,0.8937876652656053
35.0,90.0,0.05849769178764547,-0.006964958055889127,0.02641404972341382,-0.04250033112740667,0.07729470068467079,0.009957216673550399,0.009957216673550399,-20.01862042324031,0.004173201964359308,0.005784014709191095,1.1853829373274287,1.1853829373274287,0.7385867161408741,0.49680975766182245,0.6885731796656066,1.402424883598648,1.402424883598648,1.4687960895689374,0.5877749245576491,0.8146499590409992
35.0,95.0,0.05522302473569783,-0.007339731146925429,0.03095172483332776,-0.04300047239551118,0.07687980235838149,0.009850607946373689,0.009850607946373689,-20.065369654812955,0.004678306277334225,0.005172301669039461,1.172691422187344,1.172691422187344,0.6918374845682309,0.5569412234921697,0.6157501986951739,1.387409569911787,1.387409569911787,1.4220468579962942,0.6589163770893275,0.7284931928224592
35.0,100.0,0.05165120578731654,-0.007549387219016476,0.0350333522942441,-0.043584757674762685,0.07649710570477013,0.009752782201964561,0.009752782201964561,-20.108714742914522,0.005211488679615261,0.004541293522349298,1.1610455002338762,1.1610455002338762,0.6484923964666632,0.6204153190018168,0.5406301812320594,1.3736312960513464,1.3736312960513464,1.3787017698947266,0.7340124900866564,0.6396188059646899
35.0,105.0,0.04788288287981463,-0.007598114123562371,0.03865244177086558,-0.04422534227781557,0.0761603175253151,0.00966709552791505,0.00966709552791505,-20.14703989792196,0.00574968480003505,0.003917410727880001,1.1508447057041729,1.1508447057041729,0.6101672414592221,0.6844862857184584,0.4663584199857144,1.3615627504105703,1.3615627504105703,1.3403766148872844,0.8098147605683169,0.5517479898422536
35.0,110.0,0.04401012437933244,-0.007497645255964346,0.041816559083106074,-0.04489562200065108,0.07587718511281796,0.009595352643259126,0.009595352643259126,-20.179390596771057,0.0062735880139101995,0.0033217646293489263,1.142303886102277,1.142303886102277,0.5778165426101278,0.7468557159416904,0.3954481701605864,1.351458118768891,1.351458118768891,1.3080259160381913,0.8836039456211547,0.46785417314773603
35.0,115.0,0.04011315687307344,-0.007265603591793645,0.04454519349786809,-0.04557156695644998,0.07564982702231114,0.009537935842381528,0.009537935842381528,-20.20545603205715,0.006768243844021073,0.0027696919983604554,1.1354685526644677,1.1354685526644677,0.5517511073240339,0.8057433147644134,0.32972523790005426,1.3433712454058488,1.3433712454058488,1.2819604807520968,0.9532737808480385,0.39009746455781064
35.0,120.0,0.036258124536411945,-0.006923571782847681,0.046867167841240044,-0.04623267233452258,0.07547568385765376,0.009494074417841787,0.009494074417841787,-20.225473684538315,0.00722314885024054,0.002270925567601251,1.1302469545049747,1.1302469545049747,0.5317334548428708,0.8598986726476833,0.2703482818572918,1.3371935799777166,1.3371935799777166,1.2619428282709346,1.017344908484583,0.31984867149313395
35.0,125.0,0.0324959581551499,-0.006495077936255256,0.04881783392430311,-0.04686250020815534,0.07534884318049935,0.009462190693758423,0.009462190693758423,-20.240083037602403,0.007631944922991911,0.00183024577076651,1.1264512730664789,1.1264512730664789,0.5171241017787821,0.9085648717847514,0.2178864012817274,1.3327029146138623,1.3327029146138623,1.2473334752068457,1.0749218201397057,0.2577810944741563
35.0,130.0,0.028862328587452562,-0.0060036764556204904,0.050436291986774934,-0.04744883045068084,0.07526147223504552,0.009440259601013508,0.009440259601013508,-20.250160627212672,0.007991830153909358,0.001448429447104149,1.1238404286920842,1.1238404286920842,0.5070465121685097,0.951408351655876,0.17243207703620822,1.3296140283117617,1.3296140283117617,1.2372558855965736,1.1256098808323038,0.2040041474794576
35.0,135.0,0.025378556285114068,-0.005471273924519703,0.05176284211326918,-0.04798347392877068,0.07520512982097752,0.009426130514554574,0.009426130514554574,-20.256665512771626,0.00830281371642431,0.0011233167981302627,1.1221583945898304,1.1221583945898304,0.5005416266095548,0.9884302043362275,0.13372819025360272,1.327624016134447,1.327624016134447,1.230751000037618,1.1694103825949733,0.15821363353947362
35.0,140.0,0.02205326711311552,-0.004916807805344429,0.05283682529579903,-0.04846182331746626,0.0751718033304325,0.009417778152260563,0.009417778152260563,-20.26051544131547,0.008566928881903373,0.0008508492703571926,1.1211640657453052,1.1211640657453052,0.49669169806571667,1.0198724859408776,0.1012915798044277,1.3264476270789525,1.3264476270789525,1.2269010714937798,1.2066097016765314,0.11983792540242147
35.0,145.0,0.01888453333108554,-0.004355338276027561,0.05369495032465371,-0.04888222541642062,0.07515460213892627,0.009413468598308217,0.009413468598308217,-20.26250321786413,0.008787492394687964,0.0006259762036202487,1.120651023608121,1.120651023608121,0.49470392151705445,1.0461300469866623,0.07452097662145818,1.3258406476490445,1.3258406476490445,1.2249132949451178,1.2376749851673188,0.08816566248172515
35.0,150.0,0.01586222166988867,-0.003797567770448831,0.054370138020706886,-0.04924525587862723,0.07514811196708819,0.0094118428192063,0.0094118428192063,-20.263253342925918,0.008968467269272863,0.0004433755499334373,1.1204574784769405,1.1204574784769405,0.49395379645526727,1.0676746749134363,0.052782803563504455,1.3256116646769436,1.3256116646769436,1.2241631698833304,1.2631644041229386,0.062447260554005256
35.0,155.0,0.012970288212378007,-0.0032497639025492455,0.054890853796794314,-0.049552966510468546,0.07514846413775288,0.00941193103386989,0.00941193103386989,-20.263212637866538,0.009113955817671934,0.000297975216197956,1.120467980222606,1.120467980222606,0.49399450151464547,1.0849947401990399,0.035473240023566194,1.3256240892774491,1.3256240892774491,1.2242038749427082,1.283655748967878,0.041968340309571264
35.0,160.0,0.010188808052409664,-0.002714032558596302,0.05528084958114447,-0.04980816080347867,0.07515319684016296,0.009413116560995194,0.009413116560995194,-20.262665634851803,0.009227824622542121,0.00018529193845307182,1.1206091144041896,1.1206091144041896,0.4945415045293804,1.0985505503026334,0.022058564101556172,1.3257910649289002,1.3257910649289002,1.2247508779574432,1.2996936088087492,0.02609745612015096
35.0,165.0,0.007495598047149016,-0.002188870293505483,0.055559201931173634,-0.05001373863028716,0.07516098798082567,0.009415068379941341,0.009415068379941341,-20.26176521433471,0.009313445535339806,0.0001016228446015353,1.1208414738025407,1.1208414738025407,0.49544192504647466,1.1087435161118817,0.012097957690658965,1.3260659690058227,1.3260659690058227,1.225651298474538,1.311752892301381,0.014313076704441593
35.0,170.0,0.004867371982791134,-0.0016699184412112184,0.05574051805926935,-0.05017213864477561,0.07517132955672312,0.00941765944068439,0.00941765944068439,-20.260570184702466,0.009373527251033537,4.4132189650854574e-05,1.1211499334148085,1.1211499334148085,0.49663695467871966,1.1158961013135162,0.0052538321012922115,1.3264309071386464,1.3264309071386464,1.2268463281067825,1.3202151057793712,0.006215801359275292
35.0,175.0,0.0022804467143130915,-0.0011508438544949387,0.055835186389667925,-0.05028489824208382,0.07518419986393374,0.00942088456779408,0.00942088456779408,-20.259083174963042,0.009410010025998016,1.0874541796063701e-05,1.121533877118343,1.121533877118343,0.4981239644181434,1.1202392888092876,0.0012945883090552028,1.3268851503935324,1.3268851503935324,1.2283333378462067,1.3253535247884527,0.0015316256050793948
35.0,180.0,-0.00028891588496774995,-0.0006242801441734677,0.055849571242274486,-0.05035234597610331,0.07519977760159997,0.009424788879395641,0.009424788879395641,-20.257283694553703,0.009424000234497073,7.886448985672152e-07,1.1219986761185288,1.1219986761185288,0.4999234448274791,1.1219047898210803,9.3886297448478e-05,1.3274350534360058,1.3274350534360058,1.2301328182555424,1.3273239766897287,0.00011107674627707256
40.0,-180.0,-0.0002731937824759216,-0.0007610370173524041,0.05049712969255147,-0.05532905296412872,0.074912736041866,0.009352976354480659,0.009352976354480659,-20.290501636051317,0.009351886693177816,1.08966130284043e-06,1.1134495660096022,1.1134495660096022,0.46670550332986216,1.1133198444259307,0.00012972158367147976,1.317320613307135,1.317320613307135,1.1969148767579254,1.3171671398841995,0.00015347342293527182
40.0,-175.0,-0.002257816990016356,-0.00022014416375832686,0.050446991406379975,-0.05535313029880881,0.07492672538450834,0.009356469864788783,0.009356469864788783,-20.288879768413825,0.009347893065161669,8.576799627109666e-06,1.1138654600939029,1.1138654600939029,0.4683273709673569,1.1128444125192465,0.0010210475746559129,1.3178126570125046,1.3178126570125046,1.19853674439542,1.3166046570650238,0.0012079999474802346
40.0,-170.0,-0.004276372863011001,0.0003509306488453975,0.05035753783385631,-0.05532719774177529,0.07493591224392727,0.009358764422371157,0.009358764422371157,-20.287814845916856,0.009328080949939645,3.068347243151301e-05,1.1141386217108522,1.1141386217108522,0.46939229346433176,1.1104858273737672,0.0036527943370848826,1.3181358341367826,1.3181358341367826,1.1996016668923946,1.3138142183013584,0.004321615835424368
40.0,-165.0,-0.006356896173897461,0.0009618987367632057,0.05022368374748895,-0.05524704642235639,0.07493990876500509,0.00935976270198212,0.00935976270198212,-20.287351617881903,0.009290872028074822,6.889067390729718e-05,1.114257464521681,1.114257464521681,0.46985552149928117,1.1060561938184315,0.008201270703249665,1.31827643689889,1.31827643689889,1.2000648949273443,1.308573525080961,0.009702911817929179
40.0,-160.0,-0.008527964095854133,0.0016195030591422382,0.05003578583182467,-0.05510717883969947,0.07493817441903423,0.009359329478105667,0.009359329478105667,-20.287552639103655,0.009233750833660183,0.00012557864444548206,1.1142058902506748,1.1142058902506748,0.46965450027753064,1.0992560516262124,0.014949838624462149,1.3182154194515023,1.3182154194515023,1.1998638737055933,1.3005282864310117,0.017687133020490426
40.0,-155.0,-0.01081834037949297,0.002326722875247342,0.04977919853626264,-0.054901349056341295,0.0749304802001405,0.00935740765299221,0.00935740765299221,-20.28844450186696,0.009153328914394467,0.0002040787385977441,1.1139771015466917,1.1139771015466917,0.46876263751422403,1.089682013618389,0.02429508792830287,1.3179447398580577,1.3179447398580577,1.1989720109422874,1.2892012555485164,0.028743484309541413
40.0,-150.0,-0.013256120666732771,0.0030821218624375885,0.049433937508985656,-0.05462325625595981,0.07491754475389892,0.009354177143981408,0.009354177143981408,-20.289944099326277,0.00904547739949124,0.00030869974449017075,1.113592517140644,1.113592517140644,0.4672630400549044,1.076842547558481,0.03674996958216319,1.3174897385889308,1.3174897385889308,1.1974724134829677,1.2740109013367944,0.04347883725213672
40.0,-145.0,-0.015867367975783576,0.0038793639775679695,0.04897454052406725,-0.05426733402937366,0.07490174893517837,0.009350233039561015,0.009350233039561015,-20.29177564899227,0.008905538797238884,0.0004446942423221338,1.113122980900121,1.113122980900121,0.4654314903889102,1.0601831901474863,0.05293979075263498,1.3169342309240866,1.3169342309240866,1.1956408638169729,1.25430123904773,0.06263299187635687
40.0,-140.0,-0.018674273229263676,0.004706926716639189,0.048370190938518236,-0.05382957247537572,0.07488779529447669,0.009346749605825808,0.009346749605825808,-20.293393916597772,0.008728624768691986,0.000618124837133821,1.1127082864078344,1.1127082864078344,0.4638132227834107,1.0391219962728553,0.0735862901349787,1.316443606454339,1.316443606454339,1.1940225962114734,1.2293837702383077,0.08705983621603113
40.0,-135.0,-0.021692918110934996,0.005548048730952264,0.04758515124382285,-0.05330831684156956,0.07488315434239812,0.009345591166784205,0.009345591166784205,-20.29393221588319,0.008510004950957216,0.0008355862158269872,1.11257037699812,1.11257037699812,0.4632749234979941,1.0130958274949067,0.09947454950321276,1.3162804460259443,1.3162804460259443,1.1934842969260566,1.1985922466136922,0.11768819941225171
40.0,-130.0,-0.024930763792165397,0.006380956524856383,0.04657954877268551,-0.05270499995978591,0.07489813732036914,0.009349331361657692,0.009349331361657692,-20.292194475580708,0.008245591382383613,0.0011037399792740805,1.1130156382925824,1.1130156382925824,0.4650126638004728,0.9816180217123349,0.13139761658024768,1.3168072340362946,1.3168072340362946,1.1952220372285363,1.1613508989272694,0.1554563351090254
40.0,-125.0,-0.028384042479547168,0.007179419600552609,0.045310556801545436,-0.05202477810750882,0.07494546035673635,0.00936114950660335,0.00936114950660335,-20.286708185992612,0.007932519941685777,0.001428629564917576,1.1144225603099227,1.1144225603099227,0.4704989533885712,0.9443476121054497,0.17007494820447333,1.3184717614934296,1.3184717614934296,1.2007083268166348,1.117256329814898,0.2012154316785318
40.0,-120.0,-0.032035284542454835,0.007913679490751337,0.043734009888505336,-0.051277043772451236,0.0750392205301211,0.009384586603921583,0.009384586603921583,-20.275848535263812,0.007569819726854524,0.0018147668770670574,1.1172126909430455,1.1172126909430455,0.4813586041173709,0.901169015101729,0.2160436758413164,1.3217727611157157,1.3217727611157157,1.2115679775454342,1.0661717925147216,0.255600968600994
40.0,-115.0,-0.03585125949359485,0.008551779998228974,0.04180646951402343,-0.05047578121897589,0.07519329179726124,0.009423163217658055,0.009423163217658055,-20.258032864458414,0.007159140308628117,0.0022640229090299365,1.1218051449592923,1.1218051449592923,0.49917427492276967,0.852278608170014,0.2695265367892781,1.327206086994092,1.327206086994092,1.2293836483508327,1.0083296209335375,0.3188764660605544
40.0,-110.0,-0.03978162791617121,0.009061290521595128,0.039487708405209127,-0.04963971535615474,0.07541926386084878,0.00947988559800392,0.00947988559800392,-20.231969036382424,0.006705476117948795,0.002774409480055125,1.128557809286181,1.128557809286181,0.5252381029987597,0.7982709664224756,0.33028684286370535,1.3351951546484393,1.3351951546484393,1.2554474764268229,0.9444332560491261,0.3907618985993134
40.0,-105.0,-0.0437585796168029,0.009411363554939078,0.03674351305355126,-0.04879219015291237,0.07572417464375406,0.009556692562110483,0.009556692562110483,-20.196923849786415,0.006217792800158562,0.003338899761951922,1.1377014954893434,1.1377014954893434,0.5602832895947683,0.740213428590305,0.3974880668990384,1.3460130369169696,1.3460130369169696,1.290492663022832,0.8757454648110651,0.4702675721059045
40.0,-100.0,-0.04769766483229826,0.009575009246832765,0.03354862763693818,-0.04796071003876078,0.07610839740971567,0.009653919489527905,0.009653919489527905,-20.15296327373507,0.005709432363852524,0.003944487125675385,1.149276129705703,1.149276129705703,0.6042438656461119,0.6796943290300624,0.46958180067564104,1.359706970356043,1.359706970356043,1.3344532390741755,0.8041454033595103,0.555561566996533
40.0,-95.0,-0.05149991509362472,0.009531416450037595,0.029889598408866846,-0.04717609308925724,0.07656409737209864,0.009769871508018372,0.009769871508018372,-20.10111148023862,0.005198163956315667,0.0045717075517027065,1.1630799414307584,1.1630799414307584,0.6560956591425603,0.6188290424185318,0.544250899012227,1.3760382405659677,1.3760382405659677,1.3863050325706239,0.7321357684951644,0.6439024720708038
40.0,-90.0,-0.05505521372516564,0.009268113426126191,0.02576724451901962,-0.04647121831501903,0.07707463594846437,0.00990059926183111,0.00990059926183111,-20.04338517702456,0.004705764172767668,0.0051948350890634425,1.1786427692656085,1.1786427692656085,0.7138219623566209,0.5602100205675795,0.6184327486980289,1.394450600257903,1.394450600257903,1.444031335784684,0.6627836863053053,0.7316669139525975
40.0,-85.0,-0.058246735360332966,0.008782750733040686,0.0211984909255747,-0.04587939463614476,0.07761516449944669,0.010039953068261432,0.010039953068261432,-19.982683172948565,0.004257057823742212,0.005782895244519219,1.195232508126361,1.195232508126361,0.7745239664326189,0.5067925980645491,0.6884399100618119,1.41407789693823,1.41407789693823,1.5047333398606826,0.5995856089777764,0.8144922879604534
40.0,-80.0,-0.06095615309042948,0.00808430581869344,0.016217352060376583,-0.045432426698111,0.07815444007657829,0.01017995434230374,0.01017995434230374,-19.922541698312845,0.0038784218004449867,0.006301532541858753,1.211899326464731,1.211899326464731,0.8346654410683387,0.46171688100535563,0.7501824454593753,1.4337963862399632,1.4337963862399632,1.5648748144964015,0.5462565916119699,0.8875397946279934
40.0,-75.0,-0.0630692298350282,0.007193549528732706,0.010874940446884555,-0.04515849436260533,0.07865766872738274,0.01031147182044313,0.01031147182044313,-19.866793407421003,0.003595838523336519,0.006715633297106613,1.2275561691003727,1.2275561691003727,0.8904137319601801,0.428076014682919,0.7994801544174539,1.4523199747103,1.4523199747103,1.6206231053882434,0.5064561300473971,0.9458638446629031
40.0,-70.0,-0.06448137657545432,0.006142672046649201,0.005238474658160559,-0.04507999403726514,0.07908999825567253,0.01042513410008879,0.01042513410008879,-19.81918349922165,0.0034326649280974476,0.006992469171991344,1.2410873928677133,1.2410873928677133,0.9380236401595331,0.40865058667826754,0.8324368061894457,1.468328746491379,1.468328746491379,1.6682330135875965,0.4834739335348517,0.9848548129565273
40.0,-65.0,-0.06510277297153505,0.004974032723654627,-0.0006106425989714683,-0.045211509913841354,0.07942018360084717,0.010512361610270988,0.010512361610270988,-19.78299708415555,0.003407342247891856,0.007105019362379134,1.2514716202703557,1.2514716202703557,0.974210055225635,0.40563598189188765,0.8458356383784685,1.480614311305773,1.480614311305773,1.7044194286536987,0.4799073588580079,1.0007069524477654
40.0,-60.0,-0.06486269676355517,0.0037380695352012753,-0.006579525985269756,-0.04555809151081055,0.07962394400925603,0.010566371831833872,0.010566371831833872,-19.760741105076555,0.0035312999129368553,0.007035071918897016,1.2579014085516513,1.2579014085516513,0.9964660343046267,0.42039284677819705,0.8375085617734545,1.488221384765334,1.488221384765334,1.7266754077326907,0.4973661849206838,0.9908551998446501
40.0,-55.0,-0.06371278623310202,0.0024904753931160174,-0.012567081178941609,-0.04611400915384559,0.07968660468904251,0.010583008952009382,0.010583008952009382,-19.75390836510064,0.0038072992528105014,0.006775709699198883,1.259882018096355,1.259882018096355,1.0032987742805448,0.4532499110488693,0.8066321070474861,1.4905646411280817,1.4905646411280817,1.7335081477086078,0.5362393313817608,0.9543253097463216
40.0,-50.0,-0.061629056125720366,0.001288815588011142,-0.018467608268057843,-0.04686213815530354,0.07960473699596203,0.010561274772927873,0.010561274772927873,-19.76283658181485,0.004228421294940244,0.006332853477987629,1.257294615824747,1.257294615824747,0.9943705575663359,0.5033834874928862,0.7539111283318607,1.4875034891447707,1.4875034891447707,1.7245799309943979,0.5955522950620061,0.8919511940827647
40.0,-45.0,-0.058612596245842676,0.0001888170550191715,-0.024174478316695325,-0.04777408314968929,0.07938665198404726,0.010503486736094919,0.010503486736094919,-19.78666508655816,0.004777834809669905,0.005725651926425015,1.2504150876303477,1.2504150876303477,0.9705420528230247,0.5687898582940364,0.6816252293363114,1.4793643290274536,1.4793643290274536,1.7007514262510885,0.6729344802351979,0.8064298487922558
40.0,-40.0,-0.05468899807754953,-0.0007594008542749719,-0.02958363400196366,-0.04881109757839872,0.07905174158710099,0.010415051044088968,0.010415051044088968,-19.82338597236941,0.005429396500953896,0.0049856545431350725,1.2398870290582107,1.2398870290582107,0.9338211670117733,0.6463567263040353,0.5935303027541753,1.4669085977590097,1.4669085977590097,1.6640305404398368,0.7647037325287177,0.7022048652302918
40.0,-35.0,-0.04990666906320972,-0.0015148679367741004,-0.03459669713682785,-0.049925785817611035,0.07862878597647278,0.010303900556327385,0.010303900556327385,-19.86998341370781,0.006149047704478926,0.0041548528518484595,1.2266548281342127,1.2266548281342127,0.8872237256733737,0.7320294886284437,0.49462533950576903,1.4512535994827302,1.4512535994827302,1.6174330991014365,0.8660630569688629,0.5851905425138676
40.0,-30.0,-0.044334291864007135,-0.0020487983024739496,-0.03912352348472333,-0.051064506317818364,0.07815344461320563,0.010179695017123095,0.010179695017123095,-19.922652332335062,0.0068968940076622595,0.003282801009460836,1.2118684544194163,1.2118684544194163,0.8345548070461213,0.8210588104359834,0.3908096439834328,1.4337598615666332,1.4337598615666332,1.5647641804741843,0.971393522205952,0.46236633936068106
40.0,-25.0,-0.03805774951935955,-0.0023468693587776653,-0.04308412391657753,-0.05217033258011225,0.07766521376680818,0.010052905545059214,0.010052905545059214,-19.977083979635466,0.007629795807553675,0.002423109737505541,1.1967744696499065,1.1967744696499065,0.7801231597457179,0.908309024708771,0.28846544494113585,1.41590218944496,1.41590218944496,1.5103325331737818,1.0746191278244612,0.3412830616204987
40.0,-20.0,-0.031176852648700817,-0.002410541286666125,-0.046409958596628,-0.05318638071263121,0.07720415921842035,0.009933902967284119,0.009933902967284119,-20.028800864365156,0.008304263276163038,0.0016296396911210827,1.1826074961052524,1.1826074961052524,0.7284062750160292,0.9886027709717903,0.19400472513346226,1.399141262997763,1.399141262997763,1.4586156484440922,1.1696145459384557,0.22952671705930738
40.0,-15.0,-0.023802166728953807,-0.0022572744603889805,-0.049044690488863146,-0.05405927940572358,0.07680771955993039,0.009832144670240269,0.009832144670240269,-20.073517398627736,0.008879436400213296,0.0009527082700269731,1.1704934131238416,1.1704934131238416,0.683689740753449,1.0570757619301543,0.11341765119368728,1.3848091084845449,1.3848091084845449,1.4138991141815125,1.2506248451004642,0.1341842633840807
40.0,-10.0,-0.01605215326924874,-0.0019195761712266289,-0.05094453943541674,-0.0547425396579907,0.07650783060412843,0.009755517075105486,0.009755517075105486,-20.107497065961013,0.009319933341635984,0.0004355837334695023,1.161371080369701,1.161371080369701,0.6497100734201717,1.109515874004284,0.05185520636541694,1.374016489451477,1.374016489451477,1.3799194468482345,1.3126666678360541,0.06134982161542285
40.0,-5.0,-0.008050726418396707,-0.0014428945856019772,-0.05207839767116455,-0.05519957693232763,0.07632855912535585,0.00970985280825247,0.00970985280825247,-20.127873535161193,0.009598361867129656,0.00011149094112281311,1.1559348581252942,1.1559348581252942,0.6293336042199883,1.142662127039245,0.013272731086049181,1.3675849025707705,1.3675849025707705,1.3595429776480519,1.3518819531168529,0.01570294945391734
40.0,0.0,7.47897642542053e-05,-0.000882474610694914,-0.0524278503788553,-0.055406149178301785,0.07628437072600931,0.009698613537889969,0.009698613537889969,-20.13290345721441,0.009697306310441467,1.3072274485027945e-06,1.1545968497488057,1.1545968497488057,0.6243036821667707,1.1544412274335079,0.00015562231529795176,1.3660019067450657,1.3660019067450657,1.3545130555948337,1.3658177902030233,0.00018411654204264713
40.0,5.0,0.008195414551859228,-0.0002993903054149868,-0.05198719848916707,-0.0553520038650126,0.07637910442559685,0.009722716929690896,0.009722716929690896,-20.12212358253354,0.00961062881333237,0.00011208811635852606,1.157466301153678,1.157466301153678,0.6350835568476454,1.144122477777663,0.013343823376015007,1.3693967506606894,1.3693967506606894,1.3652929302757086,1.3536096920186436,0.015787058642045923
40.0,10.0,0.016182144003874285,0.00024394031769484352,-0.050763519700298756,-0.05504157933202282,0.07660568960049054,0.009780489045816304,0.009780489045816304,-20.096394289967186,0.009343963844220055,0.00043652520159624507,1.1643439340257504,1.1643439340257504,0.660812849413998,1.1123766481214352,0.051967285904314896,1.3775336684248316,1.3775336684248316,1.3910222228420621,1.3160512456647964,0.06148242276003452
40.0,15.0,0.02390764696332987,0.0006883849341337161,-0.04877674410909545,-0.054493680903561124,0.07694661448981416,0.009867736660803823,0.009867736660803823,-20.05782448996428,0.008914343359985026,0.0009533933008187984,1.1747305548575981,1.1747305548575981,0.6993826494169021,1.0612313523791699,0.11349920247842839,1.3898220649019468,1.3898220649019468,1.429592022844965,1.2555413183077502,0.13428074659419695
40.0,20.0,0.03124817598001673,0.0009824688595160486,-0.046059676671607507,-0.05374014529696672,0.07737513023426928,0.00997794955983119,0.00997794955983119,-20.00958695821005,0.008348965025334398,0.0016289845344967925,1.1878511380751418,1.1878511380751418,0.7476201811711315,0.9939244077779046,0.1939267302972372,1.4053450084269283,1.4053450084269283,1.4778295545991953,1.1759105669485066,0.22943444147842146
40.0,25.0,0.038085785499311964,0.0010861058137251228,-0.04265787709531624,-0.052823606462598614,0.07785714200336924,0.010102652925537317,0.010102652925537317,-19.95564566847766,0.0076831987874546245,0.002419454138082697,1.2026967768496808,1.2026967768496808,0.801561470903523,0.9146665223160269,0.2880302545336544,1.422908862751735,1.422908862751735,1.5317708443315867,1.0821406742893838,0.34076818846235163
40.0,30.0,0.04431087621303792,0.0009733705856677147,-0.0386293077945167,-0.051794566030989045,0.07835369609716064,0.010231928431845843,0.010231928431845843,-19.900425062310376,0.006958003560776185,0.0032739248710696544,1.2180867180768862,1.2180867180768862,0.8567820770708063,0.8283337572352601,0.38975296084162553,1.441116680541668,1.441116680541668,1.5869914504988696,0.9800005015177724,0.4611161790238949
40.0,35.0,0.04982501258303617,0.0006341014186324726,-0.034043674970522776,-0.0507080355340063,0.07882392172891088,0.010355107104266681,0.010355107104266681,-19.84845404781011,0.006216981322246571,0.0041381257820201104,1.2327508457460334,1.2327508457460334,0.9087530915710713,0.7401168240769729,0.49263402166906084,1.458465789333335,1.458465789333335,1.6389624649991341,0.8756311721474044,0.5828346171859311
40.0,40.0,0.0545438992725076,7.424492807258645e-05,-0.02898140734657171,-0.04962004401648105,0.07922823486702349,0.010461608867546232,0.010461608867546232,-19.804015211506552,0.0055033215800382295,0.004958287287508006,1.2454296270888374,1.2454296270888374,0.9531919278746315,0.6551573309569323,0.5902722961319055,1.473466037682568,1.473466037682568,1.683401301302694,0.7751157154983422,0.6983503221842262
40.0,45.0,0.05840035409727882,-0.0006850193757980132,-0.023532234754333393,-0.048584291163434844,0.0795315662527731,0.010541868360830283,0.010541868360830283,-19.770824112402,0.004856884610176003,0.005684983750654281,1.254984328670272,1.254984328670272,0.9863830269791846,0.5782005488304767,0.6767837798397955,1.484770191666237,1.484770191666237,1.7165924004072475,0.6840682549543666,0.8007019367118707
40.0,50.0,0.06134707885894535,-0.001609232496739579,-0.01779334314814227,-0.0476491800758025,0.07970634313552477,0.010588252443761274,0.010588252443761274,-19.751757128537314,0.004311644125376756,0.0062766083183845205,1.2605062433049137,1.2605062433049137,1.0054500108438693,0.5132909673067566,0.7472152759981574,1.491303161093137,1.491303161093137,1.7356593842719326,0.6072738204755994,0.8840293406175381
40.0,55.0,0.06335900384152392,-0.0026534691276639565,-0.011867097510523155,-0.04685539952493803,0.07973494048513197,0.010595851594948023,0.010595851594948023,-19.748641330424654,0.00389366904862763,0.006702182546320392,1.261410904160479,1.261410904160479,1.0085658089565321,0.4635320295985274,0.7978788745619516,1.4923734640771862,1.4923734640771862,1.738775182384595,0.5484040913560042,0.943969372721182
40.0,60.0,0.06443496850018804,-0.003765748647628021,-0.005858346139690651,-0.04623415843227739,0.07961132867834007,0.01056302390127734,0.01056302390127734,-19.762117375176306,0.0036197774303785763,0.006943246470898762,1.2575028453901596,1.2575028453901596,0.9950897642048753,0.43092588456887815,0.8265769608212813,1.4877498452503297,1.4877498452503297,1.7252991376329394,0.5098278070955741,0.9779220381547552
40.0,65.0,0.06459850500311287,-0.004890765681264205,0.00012864498945827055,-0.04580611714337071,0.07934168737096371,0.01049159175238914,0.01049159175238914,-19.79158616969802,0.003496945810600526,0.006994645941788616,1.2489990181415642,1.2489990181415642,0.9656209696831624,0.4163030726905388,0.8326959454510257,1.4776889792097379,1.4776889792097379,1.6958303431112256,0.4925275789578205,0.9851614002519176
40.0,70.0,0.063897519850892,-0.005973665589933156,0.005993528513679422,-0.045581015781754226,0.07894383514509731,0.010386637145932185,0.010386637145932185,-19.835250400622332,0.003522502652596652,0.006864134493335536,1.236504422134784,1.236504422134784,0.9219567387588525,0.41934555388055383,0.8171588682542305,1.462906640272139,1.462906640272139,1.6521661121869164,0.4961271341685425,0.9667795061035965
40.0,75.0,0.062402728277206984,-0.006963606785851249,0.011643321360224688,-0.045557967983030086,0.07844544406749918,0.010255904538425386,0.010255904538425386,-19.890260302031862,0.003685072148105685,0.006570832390319698,1.2209410164792127,1.2209410164792127,0.8669468373493207,0.4386990652506768,0.7822419512285355,1.4444935969613217,1.4444935969613217,1.5971562107773836,0.5190242462120682,0.9254693507492532
40.0,80.0,0.0602047893384224,-0.00781687688609747,0.016995736323011844,-0.04572636288696566,0.07788116293153331,0.010108887743042725,0.010108887743042725,-19.952966261728257,0.003966165420788756,0.00614272232225397,1.2034390170288958,1.2034390170288958,0.8042408776529248,0.47216255009389957,0.7312764669349964,1.4237870060623554,1.4237870060623554,1.534450251080988,0.5586148479984163,0.8651721580639394
40.0,85.0,0.0574102124523785,-0.008499362650952661,0.021982130479326945,-0.04606729303530531,0.07728894621684584,0.009955734130773835,0.009955734130773835,-20.019267098014495,0.004342246947280408,0.005613487183493425,1.1852064441397423,1.1852064441397423,0.7379400413666883,0.5169341603905249,0.6682722837492173,1.4022160747568782,1.4022160747568782,1.4681494147947518,0.6115840770817477,0.7906319976751303
40.0,90.0,0.05413624544649703,-0.00898821637159832,0.02654979079379439,-0.04655539711975751,0.0767060460247992,0.009806131471023844,0.009806131471023844,-20.085022884549808,0.004787047875109723,0.005019083595914122,1.1673966036933148,1.1673966036933148,0.6721842548313733,0.5698866517987766,0.5975099518945383,1.381145277608992,1.381145277608992,1.402393628259437,0.6742320950858766,0.7069131825231157
40.0,95.0,0.050505088025177815,-0.009272616803404085,0.03066331453524933,-0.047160975532167713,0.07616522704126263,0.009668341906368613,0.009668341906368613,-20.146479998217252,0.005273869871459147,0.0043944720349094685,1.1509930840915017,1.1509930840915017,0.6107271411639323,0.6278416513641841,0.5231514327273177,1.3617382966716354,1.3617382966716354,1.3409365145919947,0.74279857344495,0.6189397232266857
40.0,100.0,0.046637876688332074,-0.009353592121683631,0.03430492830836706,-0.04785220960653347,0.07569176506096756,0.009548513875737833,0.009548513875737833,-20.20064216457081,0.005777634001626716,0.0037708798741111146,1.136727842349742,1.136727842349742,0.5565649748103766,0.6878135716222282,0.44891427072751366,1.3448611092588496,1.3448611092588496,1.28677434823844,0.8137512678347488,0.5311098414241007
40.0,105.0,0.04264893435318221,-0.00924295277304689,0.03747371098230666,-0.04859730151248249,0.07530166337145153,0.00945034486928185,0.00945034486928185,-20.245523425919853,0.006276480013617868,0.0031738648556639834,1.125041055866887,1.125041055866887,0.5116837134613298,0.7472000016211748,0.3778410542457123,1.3310344886312466,1.3310344886312466,1.2418930868893934,0.8840112695236434,0.44702321910760323
40.0,110.0,0.03864075788307678,-0.008961465202826905,0.040183817593291135,-0.049366359398098046,0.0750012844220225,0.009375100239386683,0.009375100239386683,-20.280240800610677,0.00675280197109155,0.002622298268295132,1.116083361831748,1.116083361831748,0.4769663387705067,0.803904996558518,0.31217836527323006,1.320436653434744,1.320436653434744,1.2071757121985698,0.9510988691678239,0.36933778426692004
40.0,115.0,0.034700132061401746,-0.008536470640062856,0.042461915280581845,-0.050132885235892655,0.0747883074246093,0.009321931929458491,0.009321931929458491,-20.30494072693767,0.007193697908611707,0.002128234020846782,1.109753801126011,1.109753801126011,0.4522664124435127,0.8563926081680604,0.25336119295795023,1.3129481590786607,1.3129481590786607,1.1824757858715753,1.01319688853686,0.2997512705418003
40.0,120.0,0.03089562555645917,-0.007999202836945836,0.04434411672584044,-0.050874777293376035,0.0746536708902992,0.009288398802733971,0.009288398802733971,-20.320591461863103,0.007590893920158637,0.001697504882575336,1.1057617622302347,1.1057617622302347,0.4366156775180808,0.903677847637933,0.2020839145923019,1.3082251834836578,1.3082251834836578,1.166825050946144,1.0691399887547375,0.23908519472892056
40.0,125.0,0.02727656701649466,-0.007382074820230034,0.045872722243820066,-0.051574824776279254,0.07458401526881864,0.009271073804599007,0.009271073804599007,-20.32869961604797,0.00794026159590103,0.001330812208697976,1.1036992624522628,1.1036992624522628,0.4285075233332144,0.9452692376072656,0.15843002484499716,1.3057850429012685,1.3057850429012685,1.1587168967612778,1.1183467036480323,0.18743833925323605
40.0,130.0,0.023873441857692274,-0.006716184407222325,0.047093062488774456,-0.05222073499094401,0.07456413384926061,0.009266131792813461,0.009266131792813461,-20.331015270894145,0.00824107534367406,0.001025056449139398,1.1031109277158884,1.1031109277158884,0.42619186848703616,0.9810803980564359,0.12203052965945217,1.3050889849033043,1.3050889849033043,1.156401241915099,1.1607148371371916,0.1443741477661124
40.0,135.0,0.02069951208277421,-0.006029236835929439,0.04805068202206944,-0.052804780610255564,0.07457904796504104,0.009269838936612247,0.009269838936612247,-20.329278116535843,0.008495154691990173,0.0007746842446220753,1.103552254358601,1.103552254358601,0.42792902284533973,1.0113279395226398,0.09222431483596134,1.3056111178327108,1.3056111178327108,1.1581383962734029,1.1965006608436863,0.10911045698902468
40.0,140.0,0.017753355992999247,-0.005344012107243003,0.04878903417888984,-0.05332317891326555,0.07461549021444228,0.009278900364082621,0.009278900364082621,-20.325034886634544,0.008706013670079938,0.0005728866940026847,1.1046309957241218,1.1046309957241218,0.4321722527466416,1.0364301988190403,0.06820079690508152,1.3068873752229047,1.3068873752229047,1.1623816261747053,1.226199108461963,0.08068826676094151
40.0,145.0,0.01502196030466004,-0.0046774287786467035,0.0493477816691706,-0.053775315809210834,0.07466274691854423,0.009290657416232214,0.009290657416232214,-20.31953553806126,0.008878104416650318,0.00041255299958189545,1.1060306447895496,1.1060306447895496,0.437671601319927,1.0569171924583713,0.04911345233117804,1.3085432980608753,1.3085432980608753,1.16788097474799,1.2504372417817349,0.05810605627914021
40.0,150.0,0.012483978533046896,-0.004040187707931299,0.04976172306207224,-0.05416291055010362,0.07471293594882879,0.009303152156319472,0.009303152156319472,-20.313698759462095,0.009016204188672142,0.0002869479676473268,1.107518113847556,1.107518113847556,0.44350837991908615,1.0733576415085884,0.03416047233896748,1.3103031206083762,1.3103031206083762,1.17371775334715,1.2698879138974848,0.0404152067108911
40.0,155.0,0.010112797212134853,-0.003436927263007176,0.050060297815496695,-0.05448919086170013,0.07476086191720888,0.009315091335893515,0.009315091335893515,-20.30812882423124,0.009124960587760089,0.00019013074813342543,1.108939444749228,1.108939444749228,0.4490783151499425,1.0863048318762012,0.02263461287302684,1.3119846951962697,1.3119846951962697,1.1792876885780061,1.2852057165859279,0.02677897861034161
40.0,160.0,0.007879121112791161,-0.0028667896721029135,0.05026756599033177,-0.054758121494081845,0.07480360347394432,0.009325745448364148,0.009325745448364148,-20.303164430397473,0.009208583154378142,0.00011716229398600613,1.1102077914719224,1.1102077914719224,0.4540427089837109,1.096259899330731,0.013947892141191206,1.3134852744174856,1.3134852744174856,1.1842520824117746,1.2969835428701606,0.016501731547324806
40.0,165.0,0.005752889793112871,-0.0023242862295382674,0.050402517677744105,-0.0549737086961148,0.07483996581712955,0.009334814219415493,0.009334814219415493,-20.29894320916356,0.00927065231859754,6.416190081794834e-05,1.1112874070732728,1.1112874070732728,0.45826393021761885,1.1036490855473262,0.00763832152594623,1.314762566114858,1.314762566114858,1.1884733036456832,1.3057256786757099,0.009036887439147651
40.0,170.0,0.0037044552940002046,-0.0018003536577708991,0.05047954613628619,-0.055139392631931725,0.07486989688961825,0.00934228233806163,0.00934228233806163,-20.295470118063896,0.009314009233619863,2.8273104441764646e-05,1.1121764688168605,1.1121764688168605,0.46173702131728556,1.108810623049984,0.0033658457668767437,1.3158144138114969,1.3158144138114969,1.1919463947453492,1.311832286425333,0.003982127386164034
40.0,175.0,0.001705066858253911,-0.0012835097199117387,0.05050892148231069,-0.05525753959872693,0.07489393488129278,0.009348282232944967,0.009348282232944967,-20.29268184345674,0.009340691328126103,7.590904818865541e-06,1.112890742017258,1.112890742017258,0.4645252959244434,1.111987062872155,0.0009036791451030407,1.3166594694288685,1.3166594694288685,1.1947346693525065,1.3155903279050847,0.001069141523783879
40.0,180.0,-0.0002731937824759121,-0.0007610370173524145,0.05049712969255147,-0.05532905296412872,0.074912736041866,0.009352976354480659,0.009352976354480659,-20.290501636051317,0.009351886693177816,1.089661302840448e-06,1.1134495660096022,1.1134495660096022,0.46670550332986216,1.1133198444259307,0.0001297215836714819,1.317320613307135,1.317320613307135,1.1969148767579254,1.3171671398841995,0.00015347342293527434
45.0,-180.0,-0.00027302516029369106,-0.0008838618424364015,0.04483927178853668,-0.05954141617148306,0.07454258037341258,0.009260775639059962,0.009260775639059962,-20.333526373292354,0.009259349415169392,1.4262238905712986e-06,1.1024732903642813,1.1024732903642813,0.4236807660888298,1.10230350180588,0.00016978855840134508,1.3043345970506988,1.3043345970506988,1.1538901395168928,1.304133720446393,0.0002008766043058167
45.0,-175.0,-0.0016889567072192768,-0.000380383129003448,0.0447983065241567,-0.0595653560668225,0.0745514398042274,0.009262977067457417,0.009262977067457417,-20.332494111390602,0.009257981741669943,4.995325787468892e-06,1.1027353651735021,1.1027353651735021,0.42471302799058197,1.1021406835321363,0.0005946816413653443,1.3046446573883685,1.3046446573883685,1.1549224014186452,1.3039410903760484,0.0007035670123195622
45.0,-170.0,-0.0031404712468963264,0.00016244137816949782,0.04474943044952227,-0.05953740000408439,0.07454597555641017,0.009261619257402124,0.009261619257402124,-20.333130767008033,0.009245138067594154,1.6481189807972457e-05,1.1025737211193007,1.1025737211193007,0.42407637237315227,1.10061167471359,0.001962046405711007,1.3044534165355106,1.3044534165355106,1.1542857458012155,1.3021321221963595,0.0023212943391510503
45.0,-165.0,-0.0046584802222438765,0.0007598656585696153,0.0446885118221365,-0.05945289305079137,0.07452508580864689,0.009256429284888642,0.009256429284888642,-20.335565123390353,0.009219298769983082,3.7130514905557575e-05,1.101955867248648,1.101955867248648,0.4216420159908334,1.0975355678551288,0.004420299393518759,1.303722434491358,1.303722434491358,1.1518513894188964,1.2984927845046592,0.00522964998669825
45.0,-160.0,-0.006275754998534131,0.001423665696844934,0.044606835741931784,-0.05930551985912178,0.0744870888509302,0.009246992825036734,0.009246992825036734,-20.339994793505785,0.009177974576347482,6.901824868925134e-05,1.1008324791710398,1.1008324791710398,0.4172123458754008,1.092616020993748,0.008216458177291828,1.3023933556389764,1.3023933556389764,1.1474217193034637,1.292672475541899,0.009720880097077654
45.0,-155.0,-0.008026831079117324,0.0021611771020612204,0.044490467838543823,-0.05908798582722147,0.07443045412497215,0.009232936649126194,0.009232936649126194,-20.346601442974205,0.009117771522913643,0.00011516512621255321,1.0991591248959756,1.0991591248959756,0.41060569640698036,1.0854489908230527,0.013710134072923,1.300413612552985,1.300413612552985,1.1408150698350437,1.284193172241358,0.01622044031162721
45.0,-150.0,-0.009947211145895397,0.0029744695776281194,0.044319792604480386,-0.05879288480307546,0.07435483709094598,0.009214185920162269,0.009214185920162269,-20.355430289743822,0.0090345326878809,0.00017965323228136772,1.0969268952574132,1.0969268952574132,0.40177684963736443,1.0755396057001072,0.021387289557305685,1.2977726648115873,1.2977726648115873,1.1319862230654276,1.2724693926592816,0.025303272152305316
45.0,-145.0,-0.012071871016453285,0.003859673953867814,0.044069324448014494,-0.05841364485493326,0.07426228124297482,0.009191260821239453,0.009191260821239453,-20.36624909707616,0.008923555206694462,0.0002677056145449931,1.0941977168142205,1.0941977168142205,0.39095804230502085,1.0623280007969598,0.03186971601726108,1.2945437776393593,1.2945437776393593,1.1211674157330842,1.256838761506262,0.03770501613309762
45.0,-140.0,-0.01443312073300459,0.004806485006713217,0.04370782627933764,-0.057945449612345504,0.0741583877997282,0.009165561536098309,0.009165561536098309,-20.37840922457551,0.008779875168830971,0.0003856863672673329,1.0911382781069416,1.0911382781069416,0.3787979148056733,1.0452232343846397,0.04591504372230154,1.2909241600138461,1.2909241600138461,1.109007288233736,1.2366021364550666,0.054322023558779284
45.0,-135.0,-0.017057907862256406,0.00579788113484122,0.04319873170100325,-0.05738606631791505,0.0740532151517433,0.009139582470234076,0.009139582470234076,-20.39073643983372,0.008598615804433687,0.0005409666658003896,1.0880455321707234,1.0880455321707234,0.36647069954746414,1.023644738623058,0.06440079354766542,1.2872651366526866,1.2872651366526866,1.0966800729755268,1.2110726485117869,0.07619248814089993
45.0,-130.0,-0.019964691497275477,0.0068101279363516586,0.042500868173037665,-0.05673655670373261,0.07396166176573274,0.009116997563711128,0.009116997563711128,-20.401481612546842,0.008375403786503925,0.0007415937772072052,1.0853568528227535,1.0853568528227535,0.355725526834345,0.9970718793457053,0.08828497347704824,1.2840841639029756,1.2840841639029756,1.0859349002624075,1.1796343361273134,0.10444982777566268
45.0,-125.0,-0.023160077419225347,0.007813157775358716,0.04156951200469792,-0.05600188136029312,0.07390310997981228,0.009102568326216854,0.009102568326216854,-20.40836052455806,0.008106867416549658,0.000995700909667198,1.0836390864543874,1.0836390864543874,0.34884661482312285,0.9651032638749594,0.11853582257942835,1.2820518769319513,1.2820518769319513,1.0790559882511865,1.1418123121900927,0.1402395647418589
45.0,-120.0,-0.02663548557870962,0.008771427587238348,0.04035784465203732,-0.05519141500912369,0.07390016880629648,0.009101843818137082,0.009101843818137082,-20.408706209833486,0.007791229638466818,0.0013106141796702675,1.08355283549251,1.08355283549251,0.3485009295476962,0.9275273379127165,0.15602549757979375,1.281949833540434,1.281949833540434,1.078710302975759,1.0973562871080025,0.18459354643243203
45.0,-115.0,-0.03036420145497578,0.009645338643042766,0.038818890925718615,-0.054319364674658165,0.07397646219507031,0.009120646723990242,0.009120646723990242,-20.399743657612586,0.007428991098635386,0.0016916556253548578,1.0857912766655051,1.0857912766655051,0.35746348176859927,0.8844037022184984,0.20138757444700686,1.2845981301394707,1.2845981301394707,1.0876728551966623,1.0463367744556882,0.23826135568378276
45.0,-110.0,-0.03429921391601301,0.010393247806661909,0.03690798084047469,-0.05340503687854155,0.074153575024717,0.00916437191061057,0.00916437191061057,-20.378972944882605,0.007023662885064051,0.002140709025546517,1.090996656025068,1.090996656025068,0.37823419449857665,0.836150343460006,0.2548463125650615,1.2907566071282492,1.2907566071282492,1.10844356792664,0.989248293670993,0.30150831345725587
45.0,-105.0,-0.038372236434075606,0.01097401494736185,0.0345856863303717,-0.05247285654074578,0.07444748421206768,0.009237162223336298,0.009237162223336298,-20.344614292166824,0.006582462210634441,0.002654700012701859,1.0996621694447974,1.0996621694447974,0.41259284721435796,0.7836264536469574,0.3160357157978404,1.3010087638501826,1.3010087638501826,1.1428022206424207,0.9271073536104846,0.3739014102396985
45.0,-100.0,-0.04249423054357464,0.011349933030605976,0.031821062791392705,-0.05155202253354331,0.07486502303320573,0.009341066055883397,0.009341066055883397,-20.296035567712487,0.006116841000221953,0.0032242250556614458,1.1120316733194522,1.1120316733194522,0.46117157166869915,0.7281953571692801,0.38383631615017216,1.3156431064624503,1.3156431064624503,1.1913809450967623,0.8615269014397116,0.4541162050227388
45.0,-95.0,-0.04655760328608642,0.011489800556163757,0.028594909460186422,-0.05067570520901315,0.0754010735071596,0.009475313246923963,0.009475313246923963,-20.23406423664712,0.005642693639028152,0.003832619607895811,1.1280134817766623,1.1280134817766623,0.5231429027340622,0.6717492427414469,0.4562642390352157,1.334551161538586,1.334551161538586,1.2533522761621252,0.7947455829617116,0.5398055785768748
45.0,-90.0,-0.05044005612897159,0.01137184302060618,0.02490269010739717,-0.0498797456983285,0.07603716907864268,0.009635858123735451,0.009635858123735451,-20.161096030834507,0.005180099637403617,0.004455758486331831,1.1471259671113634,1.1471259671113634,0.596111108546675,0.6166785282623354,0.5304474388490276,1.3571631160190778,1.3571631160190778,1.3263204819747387,0.7295914982258616,0.6275716177932157
45.0,-85.0,-0.05400985755939037,0.010986182993321868,0.020756752490706794,-0.04920088794371861,0.076741977292478,0.00981532055787161,0.00981532055787161,-20.08095512239073,0.004752504949306835,0.005062815608564776,1.1684905426037633,1.1684905426037633,0.676252016990456,0.5657743987270042,0.6027161438767591,1.3824395151931843,1.3824395151931843,1.4064613904185184,0.6693668942685681,0.7130726209246163
45.0,-80.0,-0.05713213558342941,0.010336595045792655,0.01618755574711725,-0.048674640983353626,0.07747376168347878,0.010003403911180287,0.010003403911180287,-19.9985219517005,0.004385326078897683,0.005618077832282602,1.1908814179976532,1.1908814179976532,0.7586851876806833,0.5220626284402005,0.6688187895574527,1.4089301283352516,1.4089301283352516,1.4888945611087465,0.6176515604081244,0.791278567927127
45.0,-75.0,-0.059675672213633485,0.009441348691628815,0.011243740515155183,-0.04833291617100709,0.07818450873179218,0.010187788994306807,0.010187788994306807,-19.919200585609147,0.004104057456067202,0.006083731538239607,1.2128320231317626,1.2128320231317626,0.8380065537720369,0.4885782685794288,0.7242537545523342,1.4348998583530712,1.4348998583530712,1.5682159272001004,0.5780362614179156,0.8568635969351559
45.0,-70.0,-0.061519644466183035,0.008333022463715659,0.005991023071962886,-0.04820160886250061,0.07882508086268383,0.010355411657563643,0.010355411657563643,-19.848326319656273,0.00393205312169441,0.006423358535869228,1.2327871020909098,1.2327871020909098,0.9088808197249109,0.46810156210647746,0.764685539984432,1.4585086841638932,1.4585086841638932,1.6390901931529744,0.5538102988301986,0.9046983853336941
45.0,-65.0,-0.06255978946078741,0.007057252195983691,0.0005100271781566389,-0.04829830349622716,0.07935060374232758,0.010493949962498758,0.010493949962498758,-19.790610109459976,0.00388821881098079,0.006605731151517969,1.2492797574403285,1.2492797574403285,0.9665970299212078,0.46288319178342746,0.7863965656569012,1.4780211214786985,1.4780211214786985,1.6968064033492714,0.5476364522508156,0.9303846692278829
45.0,-60.0,-0.06271355434052168,0.0056704515318833845,-0.005106736934836206,-0.04863028399963644,0.07972532347130315,0.010593295769221602,0.010593295769221602,-19.749689018654855,0.003984878259889722,0.006608417509331881,1.2611066391930479,1.2611066391930479,1.0075181207263284,0.4743902690344907,0.7867163701585571,1.4920134886227607,1.4920134886227607,1.7377274941543919,0.5612504591393974,0.9307630294833634
45.0,-55.0,-0.06192390175843741,0.004236614208570005,-0.01075848239114844,-0.04919303151248109,0.07992632733767688,0.010646778841018138,0.010646778841018138,-19.727817671709353,0.004226065925629636,0.006420712915388502,1.2674736715497785,1.2674736715497785,1.0293894676718325,0.5031030863844805,0.7643705851652979,1.4995463156363575,1.4995463156363575,1.7595988410998955,0.5952205529055825,0.9043257627307749
45.0,-50.0,-0.060161563789192636,0.002823378415873306,-0.016340057697496996,-0.04996938335589737,0.07994574398782263,0.010651952352596566,0.010651952352596566,-19.72570784877733,0.0046064527403568084,0.006045499612239757,1.2680895657853055,1.2680895657853055,1.0314992906038534,0.5483872309948582,0.7197023347904473,1.500274979238953,1.500274979238953,1.7617086640319168,0.6487961606136349,0.8514788186253178
45.0,-45.0,-0.05742566771686013,0.0014976019967488157,-0.0217458722902276,-0.05092950082005038,0.07979127232918584,0.010610828585008308,0.010610828585008308,-19.742507013157717,0.00511104128090164,0.0054997873041066694,1.2631938791676558,1.2631938791676558,1.0147001262234672,0.6084572953454332,0.6547365838222227,1.4944828992969448,1.4944828992969448,1.7449094996515306,0.7198649691410758,0.774617930155869
45.0,-40.0,-0.053742797292310386,0.00032075624733266233,-0.026873561160021295,-0.05203174111995681,0.07948510249580218,0.01052955446451609,0.01052955446451609,-19.775900046640604,0.0057156826326878315,0.004813871831828257,1.253518388632868,1.253518388632868,0.9813070927405796,0.6804384086533134,0.5730799799795545,1.4830358400726886,1.4830358400726886,1.7115164661686424,0.8050257229137792,0.6780101171589095
45.0,-35.0,-0.04916469779590493,-0.0006555144552152477,-0.03162714963224136,-0.05322445213844678,0.07906147043827133,0.010417614750203474,0.010417614750203474,-19.822317070832405,0.006388380994361157,0.004029233755842318,1.2401922321670804,1.2401922321670804,0.9348900685487787,0.7605215469477568,0.4796706852193236,1.46726968312725,1.46726968312725,1.6650994419768423,0.8997719710367826,0.5674977120904673
45.0,-30.0,-0.043764965185661774,-0.0013933082302442076,-0.035919543566109824,-0.054448618510770305,0.07856321755920968,0.01028672290955343,0.01028672290955343,-19.87722958471283,0.007091275715516736,0.003195447194036697,1.2246098701849322,1.2246098701849322,0.8799775546683548,0.8441994899424686,0.380410380242464,1.448834212613159,1.448834212613159,1.610186928096418,0.9987712275375685,0.45006298507559117
45.0,-25.0,-0.03763515193654763,-0.001871516857147704,-0.03967426311933864,-0.05564120038220674,0.0780377957829987,0.010149590169298721,0.010149590169298721,-19.935514937907197,0.007783133859809522,0.0023664563094891997,1.2082845439641334,1.2082845439641334,0.8216922014739853,0.9265635547392289,0.28172098922490474,1.4295197421547494,1.4295197421547494,1.551901574902049,1.0962160365928906,0.3333037055618591
45.0,-20.0,-0.03088074944132041,-0.0020877221648620777,-0.04282644709895554,-0.056738935967943306,0.07753315868574732,0.010018748460344628,0.010018748460344628,-19.991865270430285,0.008422153958172593,0.0015965945021720344,1.1927081500410273,1.1927081500410273,0.7653418689508993,1.002637375972928,0.19007077406809933,1.4110913324429053,1.4110913324429053,1.4955512423789625,1.1862188673482525,0.22487246509465272
45.0,-15.0,-0.023617456767153263,-0.0020587232111768474,-0.045323256944339654,-0.05768233326596483,0.07709391543083706,0.009905552961574332,0.009905552961574332,-20.041212756572495,0.008968870686612515,0.0009366822749618181,1.179232495425516,1.179232495425516,0.7159943828086903,1.0677227007872043,0.11150979463831168,1.395148304447089,1.395148304447089,1.4462037562367527,1.2632212234665514,0.13192708098053776
45.0,-10.0,-0.015968025249752316,-0.0018195790321505552,-0.04712388011118724,-0.058419555200886104,0.0767580172023346,0.009819424004655929,0.009819424004655929,-20.0791398664647,0.00938895298244496,0.00043047102221097333,1.168979048173325,1.168979048173325,0.678067272916484,1.1177324979101144,0.05124655026321111,1.383017465444497,1.383017465444497,1.4082766463445473,1.3223877440063323,0.06062972143816525
45.0,-5.0,-0.008059802887226939,-0.001421170543377913,-0.04819935514180966,-0.05890990252031092,0.07655412855838113,0.009767327556166478,0.009767327556166478,-20.102242475786266,0.009655696605600015,0.00011163095056646178,1.1627770900198189,1.1627770900198189,0.6549646635949192,1.149487691142859,0.013289398876959737,1.3756799374882365,1.3756799374882365,1.385174037022983,1.3599572683943684,0.015722669093867856
45.0,0.0,-2.2927735560978818e-05,-0.000926417567931059,-0.04853241122552958,-0.059126616753212846,0.07649974198150246,0.009753454422843772,0.009753454422843772,-20.10841541114264,0.009752023164577536,1.4312582662339465e-06,1.1611255265290206,1.1611255265290206,0.6487917282385403,1.1609551386401828,0.0001703878888373746,1.3737259750484185,1.3737259750484185,1.3790011016666035,1.3735243893771176,0.0002015856713005558
45.0,5.0,0.008011026774889565,-0.0004054226296391597,-0.048117443667152766,-0.05905876163963601,0.07660004326999811,0.009779047329446632,0.009779047329446632,-20.09703451931919,0.009671814993248963,0.00010723233619767196,1.1641723011245992,1.1641723011245992,0.6601726200619945,1.151406546815353,0.012765754309246664,1.377330609781216,1.377330609781216,1.3903819934900579,1.3622274638378822,0.015103145943334078
45.0,10.0,0.015910239215904287,7.006326603637954e-05,-0.04696065425250661,-0.05871199932930192,0.07684752783164832,0.00984233901313587,0.00984233901313587,-20.069016800458392,0.009420447917893628,0.0004218910952422416,1.1717070253733177,1.1717070253733177,0.6881903389227897,1.1214818949873366,0.05022513038598114,1.3862449314275873,1.3862449314275873,1.418399712350854,1.3268236504075532,0.05942128102003402
45.0,15.0,0.0235439586156726,0.0004323652387184008,-0.04508029775264627,-0.05810816159381871,0.07722238416597062,0.009938593549534167,0.009938593549534167,-20.026750700185513,0.009014440443417208,0.0009241531061169597,1.1831658987540676,1.1831658987540676,0.7304564391956685,1.0731476718353818,0.11001822691868567,1.399801908385094,1.399801908385094,1.4606658126237324,1.269639499072846,0.13016240931224782
45.0,20.0,0.03078419691443259,0.0006232701049577588,-0.04250691563765302,-0.05728362604062711,0.07769367371079358,0.010060274546844286,0.010060274546844286,-19.973901671376936,0.00848021969602134,0.0015800548508229496,1.197651731767177,1.197651731767177,0.7833054680042468,1.0095499638120642,0.18810176795511305,1.416940077020322,1.416940077020322,1.5135148414323099,1.1943971402846956,0.2225429367356267
45.0,25.0,0.03750793587032467,0.0005985667034034965,-0.039283417978309386,-0.0562866331205778,0.0782213240201155,0.010197385644598768,0.010197385644598768,-19.915111562435914,0.007852101671779835,0.002345283972818936,1.2139744814998534,1.2139744814998534,0.8420955769452686,0.9347740085452184,0.2792004729546353,1.436251499239263,1.436251499239263,1.5723049503733315,1.1059298129267372,0.3303216863125262
45.0,30.0,0.043599870594639746,0.00033132633714169505,-0.035464892334489864,-0.055173801016512446,0.0787589067973755,0.010338032111858388,0.010338032111858388,-19.855621231664667,0.00716967593377463,0.003168356178083761,1.2307181085545702,1.2307181085545702,0.9015859077165184,0.8535328492588846,0.37718525929568586,1.456060860825125,1.456060860825125,1.6317952811445815,1.0098135117992437,0.44624734902588176
45.0,35.0,0.04895560583013256,-0.00018634314031878855,-0.031118059041890272,-0.05400618552736982,0.07925709898622653,0.01046923292054424,0.01046923292054424,-19.800851378607017,0.006474850247979312,0.003994382672564931,1.246337252445743,1.246337252445743,0.9563557607741684,0.7708155057118229,0.4755217467339204,1.4745398479639773,1.4745398479639773,1.6865651342022312,0.9119507391520157,0.5625891088119621
45.0,40.0,0.053485142393563855,-0.0009431574169019544,-0.026320335106647996,-0.05284526766196369,0.07966763682426943,0.010577971387849761,0.010577971387849761,-19.75597612030191,0.005808833739790842,0.00476913764805892,1.2592823080773525,1.2592823080773525,1.0012310190792748,0.6915278261655764,0.5677544819117761,1.4898551250492622,1.4898551250492622,1.7314403925073387,0.8181455971536395,0.6717095278956224
45.0,45.0,0.05711644014882569,-0.0019100422791614477,-0.02115849734587079,-0.051749223665055945,0.07994748374185257,0.010652415966486412,0.010652415966486412,-19.725518831247115,0.005209317539650025,0.005443098426836384,1.268144757915049,1.268144757915049,1.0316883081340709,0.6201568499583363,0.6479879079567126,1.500340276969917,1.500340276969917,1.7618976815621337,0.7337066957253556,0.7666335812445612
45.0,50.0,0.0597988114352517,-0.0030428171124606863,-0.01572694373325129,-0.0507697506334198,0.0800628560795651,0.010683183186577537,0.010683183186577537,-19.7129932461201,0.0047080629799154785,0.005975120206662059,1.2718075222116119,1.2718075222116119,1.0442138932610834,0.5604836880851761,0.7113238341264357,1.5046736882503573,1.5046736882503573,1.774423266689146,0.6631074619599265,0.841566226290431
45.0,55.0,0.061505875601281935,-0.004285855916333368,-0.010125546458985075,-0.04994961163050088,0.07999269771389682,0.010664468234034396,0.010664468234034396,-19.720607950464533,0.004329048666753425,0.006335419567280968,1.2695795516707615,1.2695795516707615,1.0365991889166486,0.5153629365182649,0.7542166151524964,1.502037779441464,1.502037779441464,1.7668085623447116,0.6097251643314683,0.8923126151099955
45.0,60.0,0.062237788108317954,-0.005576370184874841,-0.004457085790076762,-0.04932095869401267,0.07973117805031639,0.010594851650378675,0.010594851650378675,-19.749051199227942,0.004087274674572441,0.00650757697580623,1.2612918631403185,1.2612918631403185,1.008155940153244,0.48658031840148125,0.7747115447388371,1.492232626813898,1.492232626813898,1.7383653135813075,0.5756724893764001,0.9165601374374972
45.0,65.0,0.06202245200912125,-0.006848963583528702,0.001175732384079022,-0.04890441511900581,0.07928882027223805,0.010477614857158002,0.010477614857158002,-19.797375696679172,0.003988279647696273,0.00648933520946173,1.2473351020426195,1.2473351020426195,0.9598314427020133,0.4747951961543183,0.7725399058883011,1.4757204024166202,1.4757204024166202,1.6900408161300764,0.5617295278445456,0.9139908745720745
45.0,70.0,0.06091543761728306,-0.008040137482859885,0.0066736274740743715,-0.0487088596346474,0.07869196058949665,0.010320464628234409,0.010320464628234409,-19.863007502925214,0.004028388945756691,0.006292075682477721,1.228626741456477,1.228626741456477,0.8941996364559689,0.4795701125900823,0.7490566288663953,1.4535865673569588,1.4535865673569588,1.6244090098840325,0.5673787247544635,0.8862078426024957
45.0,75.0,0.058998392610163534,-0.009092462504475804,0.011944337287460628,-0.04873184786883782,0.07798040391615366,0.010134666894639991,0.010134666894639991,-19.941905210900796,0.004195668137106606,0.005938998757533386,1.2065079636476181,1.2065079636476181,0.8153019284803885,0.4994843020365008,0.7070236616111173,1.4274178724845057,1.4274178724845057,1.5455113019084512,0.5909391742403671,0.8364786982441387
45.0,80.0,0.0563758311844999,-0.009958165103831938,0.01690622803025408,-0.04896061285028386,0.07720337784621045,0.009933701889090572,0.009933701889090572,-20.028888773451854,0.004471498250362609,0.00546220363872796,1.1825835582250683,1.1825835582250683,0.7283183659293301,0.532321220281263,0.6502623379438048,1.3991129421254327,1.3991129421254327,1.4585277393573932,0.6297884859665647,0.7693244561588675
45.0,85.0,0.05317034841641514,-0.010601910028104216,0.021491604652902483,-0.04937358602365145,0.07641417744344675,0.00973164825511419,0.00973164825511419,-20.118135967843386,0.004832619593512981,0.004899028661601208,1.1585295541802607,1.1585295541802607,0.6390711715377971,0.575311856370593,0.5832176978096678,1.3706546838189,1.3706546838189,1.3692805449658607,0.6806506469736592,0.6900040368452407
45.0,90.0,0.04951649922274057,-0.01100259699500208,0.0256493573851952,-0.04994235993567196,0.07566419024960075,0.009541558019749947,0.009541558019749947,-20.203807045271812,0.005253424317778409,0.004288133701971532,1.135899764255946,1.135899764255946,0.5534000941093702,0.6254076568783822,0.5104921073775633,1.3438814112323867,1.3438814112323867,1.2836094675374332,0.7399189179969591,0.603962493235427
45.0,95.0,0.04555377691522499,-0.011154043830702762,0.029346606048866068,-0.050633972476625426,0.07499721155063252,0.009374082055736187,0.009374082055736187,-20.280712492159086,0.005708236278042861,0.0036658457776933295,1.1159621494924032,1.1159621494924032,0.4764946472220977,0.6795519378622452,0.4364102116301583,1.3202932472867868,1.3202932472867868,1.206704020650161,0.8039769405694169,0.5163163067173704
45.0,100.0,0.04141928021480408,-0.011064506244431468,0.03256911117213451,-0.051413342291581676,0.07444500547437499,0.009236547128783463,0.009236547128783463,-20.34490349469259,0.006173319175749775,0.0030632279530336854,1.0995889439027933,1.0995889439027933,0.4123036446885933,0.7349189494940208,0.3646699944087721,1.3009221308145722,1.3009221308145722,1.1425130181166567,0.8694815740492641,0.43144055676530774
45.0,105.0,0.03724072958364517,-0.010755085811498297,0.035320389803529216,-0.052245645562025655,0.07402486897523654,0.00913258688919455,0.00913258688919455,-20.394061871348555,0.006628406200864844,0.0025041806883297083,1.0872127249041132,1.0872127249041132,0.3631452680326272,0.7890959762934338,0.29811674861067955,1.286279843548528,1.286279843548528,1.09335464146069,0.9335783381499778,0.35270150539855044
45.0,110.0,0.03313046309065783,-0.01025719136251669,0.03761966106561852,-0.053098415246588516,0.07373952915255079,0.009062316766093243,0.009062316766093243,-20.427607614724366,0.0070576347291713935,0.0020046820369218465,1.0788472340587196,1.0788472340587196,0.32959952465681863,0.8401946106156422,0.23865262344307697,1.2763826431117244,1.2763826431117244,1.0598088980848817,0.9940330604466749,0.2823495826650488
45.0,115.0,0.02918091552671405,-0.009609324767704859,0.03949890267987016,-0.053943175791795785,0.07357917151536082,0.00902294489573717,0.00902294489573717,-20.446516949154336,0.007449873700088709,0.001573071195648459,1.0741601066353776,1.0741601066353776,0.3106901902268482,0.8868897262010369,0.18727038043434038,1.2708373092587564,1.2708373092587564,1.040899563654911,1.049277985927987,0.22155932333076886
45.0,120.0,0.02546189256074581,-0.008853536894344708,0.04099938915989778,-0.05475649633222888,0.0735249406010003,0.009009649224794029,0.009009649224794029,-20.45292117200942,0.00779852261064906,0.0012111266141449693,1.0725772886659557,1.0725772886659557,0.30428596737176145,0.928395548886793,0.14418173977916302,1.2689646795484546,1.2689646795484546,1.034495340799825,1.0983834662886,0.17058121325985484
45.0,125.0,0.02201973514367668,-0.008031924808465398,0.04216809488821956,-0.055520437299624914,0.07355302669754644,0.009016533805915128,0.009016533805915128,-20.449603846615144,0.008100921123709597,0.000915612682205536,1.073396881656563,1.073396881656563,0.30760329276604026,0.9643953718701902,0.10900150978637334,1.2699343388612856,1.2699343388612856,1.0378126661941027,1.1409748061562812,0.12895953270500507
45.0,130.0,0.01887826437973611,-0.0071835100192716205,0.043054295453436656,-0.056222455435139373,0.07363849899567643,0.009037501308550192,0.009037501308550192,-20.439516268154115,0.008357531191049846,0.0006799701175003481,1.0758930129226418,1.0758930129226418,0.31769087122706824,0.994944189410696,0.08094882351194621,1.2728875082465059,1.2728875082465059,1.047900244655132,1.17711706916195,0.09577043908455606
45.0,135.0,0.016041226957456356,-0.006341756906235997,0.043706616435756844,-0.05685489784787666,0.07375829832983728,0.009066930678849288,0.009066930678849288,-20.425397046525898,0.008571044289886014,0.0004958863889632724,1.07939650938682,1.07939650938682,0.3318100928552844,1.020362415462621,0.05903409392419909,1.2770324899787728,1.2770324899787728,1.0620194662833473,1.207189336603664,0.06984315337510877
45.0,140.0,0.013495836786277485,-0.005532879482358081,0.044170687274186396,-0.057414243349519584,0.07389313445510325,0.00910011114229211,0.00910011114229211,-20.40953303482268,0.008745535552558218,0.0003545755897338905,1.0833465645585847,1.0833465645585847,0.34767410455850445,1.0411351848283594,0.04221137973022506,1.2817057946890296,1.2817057946890296,1.0778834779865674,1.2317655707828477,0.04994022390618176
45.0,145.0,0.011216934083533006,-0.004774967872155181,0.04448747523289241,-0.057900237950578554,0.0740283252258571,0.00913343971734325,0.00913343971734325,-20.39365633316859,0.008885745672099831,0.00024769404524341716,1.0873142520646728,1.0873142520646728,0.36355080621259334,1.0578268657261705,0.029487386338502043,1.28639996018919,1.28639996018919,1.0937601796406557,1.2515134749436383,0.03488648524555171
45.0,150.0,0.009171261868078236,-0.004077865886670492,0.044692304938257536,-0.05831503168535036,0.07415380014267746,0.009164427553722697,0.009164427553722697,-20.378946576001656,0.008996529785171131,0.00016789776855157028,1.0910032802050833,1.0910032802050833,0.37826056337952896,1.0710154506156109,0.019987829589472653,1.2907644441862955,1.2907644441862955,1.108469936807592,1.2671168711508634,0.023647573035432433
45.0,155.0,0.00732139386799487,-0.0034436629486246603,0.04481450925145751,-0.058662372787329366,0.07426355662882445,0.009191576526721595,0.009191576526721595,-20.36609992625316,0.009082476392565179,0.00010910013415641435,1.09423530080019,1.09423530080019,0.3911072131280223,1.0812471895910927,0.012988111209096948,1.2945882432002247,1.2945882432002247,1.1213165865560861,1.2792220271218562,0.015366216078368218
45.0,160.0,0.005628935263771225,-0.002867632818826164,0.04487760345601021,-0.058946870019841904,0.07435483176820705,0.009214184600955442,0.009214184600955442,-20.35543091152885,0.009147672450942546,6.65121500128942e-05,1.0969267382089813,1.0969267382089813,0.4017762278523347,1.089008625112208,0.00791811309677312,1.2977724790078087,1.2977724790078087,1.1319856012803977,1.2884045705552882,0.00936790845252031
45.0,165.0,0.00405674891374713,-0.002339454700882539,0.044899827172054554,-0.05917330768577732,0.07442717973027535,0.009232124303852857,0.009232124303852857,-20.346983566889996,0.009195574731516555,3.654957233630345e-05,1.0990624171253403,1.0990624171253403,0.4102235724911847,1.0947112775614947,0.004351139563845649,1.3002991977257545,1.3002991977257545,1.140432945919248,1.2951513706361346,0.005147827089620204
45.0,170.0,0.0025701172206895303,-0.0018445795504306451,0.04489486327118349,-0.059345996314681404,0.07448156820963418,0.009245622186461102,0.009245622186461102,-20.34063857565428,0.009228942619006685,1.667956745442086e-05,1.100669307912036,1.100669307912036,0.41656856372690476,1.0986836451198434,0.0019856627921929593,1.3022003079522677,1.3022003079522677,1.1467779371549678,1.299851073099533,0.0023492348527353315
45.0,175.0,0.0011369107470685636,-0.0013656428147419556,0.04487253096673835,-0.05946816275601436,0.07451955423431464,0.009255055231418062,0.009255055231418062,-20.33620985162993,0.009249792778156267,5.262453261795755e-06,1.1017922894545313,1.1017922894545313,0.4209972877512551,1.1011658069233652,0.0006264825311661613,1.3035289058335298,1.3035289058335298,1.151206661179318,1.302787715233277,0.0007411906002529232
45.0,180.0,-0.00027302516029368337,-0.0008838618424364116,0.04483927178853668,-0.05954141617148306,0.07454258037341258,0.009260775639059962,0.009260775639059962,-20.333526373292354,0.009259349415169392,1.4262238905713217e-06,1.1024732903642813,1.1024732903642813,0.4236807660888298,1.10230350180588,0.00016978855840134785,1.3043345970506988,1.3043345970506988,1.1538901395168928,1.304133720446393,0.00020087660430581994
50.0,-180.0,-0.00029136445714320687,-0.0009839130386889517,0.0389994879209775,-0.06301968461896741,0.07411810632825946,0.009155607111669363,0.009155607111669363,-20.38312852180871,0.009153852189489426,1.7549221799374044e-06,1.0899532275796862,1.0899532275796862,0.3740786175724714,1.0897443082725509,0.00020891930713540528,1.2895221284041354,1.2895221284041354,1.1042879910005339,1.2892749562661165,0.0002471721380193527
50.0,-175.0,-0.0011685151981344376,-0.0005570628175813473,0.038964856273776424,-0.06304066770868716,0.0741219370790063,0.009156553540467346,0.009156553540467346,-20.38267960831057,0.00915376069501258,2.792845454762581e-06,1.090065897674684,1.090065897674684,0.37452753107061265,1.0897334160729266,0.00033248160175745016,1.2896554282348374,1.2896554282348374,1.1047369044986763,1.2892620697200818,0.0003933585147552931
50.0,-170.0,-0.002080357386205296,-8.142472203253199e-05,0.038945652500123135,-0.06300658170231703,0.07410079421511483,0.00915133057512672,0.00915133057512672,-20.385157562697675,0.009144106550585368,7.224024541354568e-06,1.0894441160865143,1.0894441160865143,0.37204957668350697,1.0885841131649245,0.0008600029215898295,1.2889197993136225,1.2889197993136225,1.1022589501115707,1.2879023310683615,0.0010174682452612066
50.0,-165.0,-0.0030589726404864756,0.0004645734950868578,0.03893877003936817,-0.06291230510037507,0.07405240770811614,0.009139383163360689,0.009139383163360689,-20.390831147463302,0.009123428302330126,1.5954861030564715e-05,1.088021805161987,1.088021805161987,0.36637599191787995,1.0861224169440626,0.001899388217924371,1.2872370652620688,1.2872370652620688,1.0965853653459428,1.2849899017366373,0.0022471635254316495
50.0,-160.0,-0.004139947918356264,0.0010985570743311983,0.038936481655068356,-0.06275067720139943,0.0739732592855146,0.009119856959968543,0.009119856959968543,-20.40011973292584,0.009089281019622884,3.0575940345654084e-05,1.0856972571391124,1.0856972571391124,0.3570874064553439,1.0820572642408197,0.003639992898292153,1.2844868957702174,1.2844868957702174,1.0872967798834072,1.280180425298998,0.004306470471218886
50.0,-155.0,-0.005362589109171296,0.0018330688180661593,0.038925610433806566,-0.06251343396321088,0.07385966474851323,0.00909186926506794,0.00909186926506794,-20.413468177631465,0.00903834135406108,5.3527911006857345e-05,1.0823653886985642,1.0823653886985642,0.3437389617497208,1.0759930183406048,0.006372370357959208,1.2805449669109774,1.2805449669109774,1.0739483351777845,1.273005824515645,0.007539142395332019
50.0,-150.0,-0.006769190788030555,0.0026745667097560107,0.038887005934648895,-0.062192361831845365,0.07370932337088903,0.009054893927892587,0.009054893927892587,-20.431166327934072,0.008966603922908963,8.829000498362135e-05,1.0779635628443558,1.0779635628443558,0.3260408114471117,1.067452847965353,0.010510714879002543,1.275337172942618,1.275337172942618,1.0562501848751749,1.2629019609730934,0.012435211969524133
50.0,-145.0,-0.008403402465941548,0.003622552280399462,0.03879543260152207,-0.06178046425701837,0.0735231352200162,0.009009206772218083,0.009009206772218083,-20.453134453820773,0.008869643296825764,0.0001395634753923201,1.0725246157402482,1.0725246157402482,0.30407268556041167,1.0559099162887815,0.016614699451466677,1.2689023622842373,1.2689023622842373,1.0342820589884754,1.249245534764192,0.01965682752004508
50.0,-140.0,-0.01030777850296657,0.0046688327697281175,0.03861984372864606,-0.06127296818496124,0.073307006874638,0.00895631775879772,0.00895631775879772,-20.47870506602124,0.00874290895801922,0.00021340880077849733,1.0662283046187762,1.0662283046187762,0.2785020733599405,1.0408224950022882,0.025405809616487775,1.2614532054644674,1.2614532054644674,1.0087114467880036,1.2313956278900309,0.030057577574436244
50.0,-135.0,-0.012520613308012754,0.005796952751478052,0.038323931943141085,-0.06066808673764342,0.073073325685919,0.008899308551686604,0.008899308551686604,-20.50643735360998,0.008582031995082092,0.0003172765566045133,1.0594414942484054,1.0594414942484054,0.2507697857712031,1.021670475605011,0.037771018643394445,1.2534237396741696,1.2534237396741696,0.9809791591992665,1.2087369007157873,0.04468683895838215
50.0,-130.0,-0.01507218583073972,0.00698188707114466,0.03786685445367814,-0.05996756032292245,0.07284177709316238,0.008842999150434362,0.008842999150434362,-20.534004167084554,0.008383147429473369,0.0004598517209609919,1.0527379940993289,1.0527379940993289,0.22320297229663322,0.9979937416039725,0.05474425249535618,1.2454928380893466,1.2454928380893466,0.9534123457246962,1.1807249900666716,0.06476784802267492
50.0,-125.0,-0.01798060033811341,0.008190146985572447,0.037204119137168576,-0.05917707323046303,0.0726391972220265,0.008793881112561682,0.008793881112561682,-20.558194100498856,0.008143262280278216,0.0006506188322834654,1.0468906086382956,1.0468906086382956,0.1990130388823253,0.9694359857474066,0.07745462289088874,1.2385748045861522,1.2385748045861522,0.9292224123103877,1.1469383493349599,0.09163645525119231
50.0,-120.0,-0.021247519047181716,0.009380485519312068,0.03628873477377893,-0.058306651167797714,0.07249819595081862,0.008759774321191507,0.008759774321191507,-20.5750708245335,0.007860711211906589,0.0008990631092849171,1.0428302763323223,1.0428302763323223,0.18213631484768278,0.9357989537984034,0.1070313225339187,1.2337710311537333,1.2337710311537333,0.9123456882757462,1.1071424242121954,0.1266286069415376
50.0,-115.0,-0.02485420946718122,0.010505368659170344,0.035072807782333605,-0.05737108278632259,0.07245438209463387,0.008749189684875796,0.008749189684875796,-20.58032167741463,0.007535727441440946,0.0012134622434348478,1.041570200580452,1.041570200580452,0.17688546196655286,0.8971104096953507,0.14445979088510094,1.23228023730645,1.23228023730645,0.9070948353946163,1.0613700621747812,0.1709101751316687
50.0,-110.0,-0.02875842830632675,0.011513294306550547,0.033509756472027044,-0.05639030477601841,0.07254221802499691,0.008770415703595002,0.008770415703595002,-20.569798212863258,0.007171114807609626,0.0015993008959853778,1.0440971075708336,1.0440971075708336,0.1874089265179275,0.8537041437630507,0.19039296380778312,1.2352698174077466,1.2352698174077466,0.9176182999459903,1.0100161700858628,0.22525364732188422
50.0,-105.0,-0.03289268700985227,0.012351903287645467,0.031557198586245665,-0.055389595600928786,0.07278985133245998,0.008830396058871232,0.008830396058871232,-20.540198171104453,0.006772947241242397,0.0020574488176288343,1.0512376260560992,1.0512376260560992,0.21700896827672997,0.8063032430050474,0.24493438305105172,1.2437177547705962,1.2437177547705962,0.9472183417047937,0.9539362311609011,0.289781523609695
50.0,-100.0,-0.03716436140390456,0.012971670781051011,0.029180379616461114,-0.05439938330601715,0.07321366989878161,0.008933525300983274,0.008933525300983274,-20.48977128273488,0.00635116280341762,0.002582362497565655,1.0635149167837232,1.0635149167837232,0.2674358566463082,0.756090809930669,0.30742410685305416,1.2582430001384892,1.2582430001384892,0.9976452300743711,0.8945299723123408,0.36371302782614856
50.0,-95.0,-0.04145791812034755,0.01332983656230808,0.026355810906766402,-0.05345450775726678,0.07381366191821273,0.009080547213494286,0.009080547213494286,-20.418879791617186,0.005919882479806611,0.003160664733687675,1.0810175254159864,1.0810175254159864,0.3383273477639956,0.7047479142626919,0.37626961115329466,1.2789503117597585,1.2789503117597585,1.0685367211920591,0.8337862647614944,0.445164046998264
50.0,-90.0,-0.04563926324766062,0.01339416496467106,0.02307464842961778,-0.0525928727171055,0.07457074269227987,0.009267774435760547,0.009267774435760547,-20.330245448536438,0.005497286590221598,0.0037704878455389473,1.1033064804476842,1.1033064804476842,0.42696169084474767,0.6544388797882854,0.44886760065939857,1.3053203430648659,1.3053203430648659,1.1571710642728117,0.7742657169326194,0.5310546261322461
50.0,-85.0,-0.04956192858374893,0.013146134957122099,0.019345316128491698,-0.05185353931021648,0.07544691129767304,0.00948683720597469,0.00948683720597469,-20.228785518440553,0.00510493105762804,0.004381906148346648,1.1293853816636537,1.1293853816636537,0.5284216209406297,0.6077298878128621,0.5216554938507915,1.3361742543626323,1.3361742543626323,1.2586309943686926,0.7190043743138085,0.6171698800488237
50.0,-80.0,-0.053074562264277814,0.012583235803170804,0.015194973415065385,-0.05127440711793566,0.07638847442646866,0.009725102594065185,0.009725102594065185,-20.121058084288496,0.004766474443480768,0.004958628150584417,1.157750308817284,1.157750308817284,0.6361490550926887,0.5674374337477105,0.5903128750695734,1.3697327597274909,1.3697327597274909,1.3663584285207522,0.6713344286592631,0.6983983310682278
50.0,-75.0,-0.05602903667254751,0.011720154361625988,0.010669613024373938,-0.050889676671554904,0.07733184856538283,0.009966789862358837,0.009966789862358837,-20.0144469821343,0.004505893568271679,0.00546089629408716,1.1865226026617663,1.1865226026617663,0.7427601572468852,0.5364159009847237,0.650106701677043,1.4037732200505404,1.4037732200505404,1.4729695306749488,0.6346328969396731,0.7691403231108676
50.0,-70.0,-0.058288450850365145,0.01058875227544195,0.00583279219108258,-0.050727288396148915,0.07821089713113212,0.010194667206303767,0.010194667206303767,-19.916269467200618,0.004345363048467178,0.005849304157836585,1.2136508578933058,1.2136508578933058,0.8409376721805659,0.5173051248175212,0.6963457330757841,1.4358686206061644,1.4358686206061644,1.5711470456086287,0.6120229645728419,0.8238456560333218
50.0,-65.0,-0.05973437366371688,0.009236821900687581,0.0007631839207164087,-0.0508065105617498,0.07896453786972737,0.01039208557351101,0.01039208557351101,-19.8329728572731,0.004303038566239664,0.006089047007271347,1.2371530444655965,1.2371530444655965,0.9242342821080871,0.5122664959809123,0.7248865484846841,1.4636740244381703,1.4636740244381703,1.6544436555361504,0.6060617698929103,0.8576122545452601
50.0,-60.0,-0.060272807451584844,0.00772567444084619,-0.004448752991828102,-0.05113583065649816,0.07954345946571674,0.01054502147513724,0.01054502147513724,-19.769525314746033,0.004391004185439903,0.006154017289697338,1.2553596994211,1.2553596994211,0.9876818246351493,0.5227385935047504,0.7326211059163498,1.4852142922728506,1.4852142922728506,1.7178911980632128,0.6184512937239299,0.8667629985489208
50.0,-55.0,-0.05983850564277072,0.006126664598092926,-0.009704649076237817,-0.05171130685547063,0.07991509398762538,0.010643786320455085,0.010643786320455085,-19.729038527206814,0.004613623757859803,0.006030162562595275,1.2671174191017958,1.2671174191017958,1.0281686121743678,0.5492409235547385,0.7178764955470567,1.4991248338669132,1.4991248338669132,1.7583779856024315,0.6498061630788455,0.849318670788067
50.0,-50.0,-0.05839742622759564,0.00451681146975377,-0.014902319249156134,-0.05251555319849472,0.08006636886114216,0.01068412066281031,0.01068412066281031,-19.71261215849394,0.004966487071976676,0.005717633590833635,1.2719191265250371,1.2719191265250371,1.044594980887243,0.5912484609496043,0.6806706655754327,1.504805727156382,1.504805727156382,1.7748043543153067,0.6995052214051655,0.805300505751216
50.0,-45.0,-0.055947246481730245,0.0029737469667301705,-0.0199397799866491,-0.053517539998294915,0.08000412160191925,0.010667514471847474,0.010667514471847474,-19.719367592922513,0.005436075119969959,0.005231439351877514,1.2699421990294613,1.2699421990294613,1.0378395464586716,0.6471517999964238,0.6227903990330375,1.502466827020771,1.502466827020771,1.7680489198867353,0.7656443830943604,0.7368224439264105
50.0,-40.0,-0.05251601762085893,0.0015703074923730997,-0.024718918328101747,-0.05467336304984669,0.0797533668434548,0.010600749460723972,0.010600749460723972,-19.74663429532325,0.006000194558338103,0.004600554902385869,1.2619939834195206,1.2619939834195206,1.0105728440579316,0.7143088759926313,0.5476851074268891,1.4930633043273203,1.4930633043273203,1.7407822174859957,0.8450978251180425,0.6479654792092772
50.0,-35.0,-0.048159207853067446,0.00036916489750551777,-0.029148576719327142,-0.055928058331976394,0.07935384563651567,0.010494807447350636,0.010494807447350636,-19.790255251921323,0.006629155879005429,0.0038656515683452085,1.2493818389703137,1.2493818389703137,0.9669518874598613,0.7891852236911224,0.4601966152791916,1.4781418939930473,1.4781418939930473,1.697161260887925,0.9336839266204829,0.5444579673725647
50.0,-30.0,-0.04295555172410839,-0.0005820539782793095,-0.03314687696399242,-0.05721842243982568,0.07885544705170708,0.010363391730753567,0.010363391730753567,-19.844980854324138,0.007287600509014685,0.0030757912217388873,1.233737110803996,1.233737110803996,0.9122262850570451,0.8675714891684149,0.36616562163558186,1.4596326381343052,1.4596326381343052,1.6424356584851088,1.0264226069034768,0.43321003123082913
50.0,-25.0,-0.03700225442618159,-0.0012547022623488227,-0.03664270178597977,-0.05847667055714146,0.07831315153926394,0.010221342034460958,0.010221342034460958,-19.904920787711,0.00793682733824591,0.0022845146962150514,1.2168264326739238,1.2168264326739238,0.8522863516701872,0.9448603974102272,0.2719660352636966,1.4396256386564728,1.4396256386564728,1.5824957250982497,1.1178630053867475,0.3217626332697255
50.0,-20.0,-0.030410149963880473,-0.0016416921771414588,-0.039576374847002646,-0.05963465565410965,0.07778209289447591,0.01008318574102001,0.01008318574102001,-19.96402232656434,0.008537434867459951,0.001545750873560064,1.2003792548833347,1.2003792548833347,0.7931848128168429,1.0163612937452324,0.18401796113810284,1.4201670057774662,1.4201670057774662,1.523394186244906,1.2024556151352042,0.21771139064226253
50.0,-15.0,-0.02329935697113407,-0.0017584063748324998,-0.04189970229057822,-0.0606283073386654,0.07731318601013762,0.009961979856509613,0.009961979856509613,-20.016543407621946,0.009052081245817606,0.0009098986106920068,1.1859499829178113,1.1859499829178113,0.7406637317592388,1.0776287197401913,0.10832126317761986,1.4030957544379734,1.4030957544379734,1.4708731051873007,1.274941020537691,0.12815473390028265
50.0,-10.0,-0.015795819336140802,-0.0016417691234484589,-0.043575627715005914,-0.061401931544451824,0.07694956687663061,0.009868493911391966,0.009868493911391966,-20.05749122495625,0.009448164956703507,0.0004203289546884609,1.174820703737139,1.174820703737139,0.6997159144249359,1.1247815424647034,0.050039161272435836,1.3899287199143615,1.3899287199143615,1.429925287852999,1.3307274586906348,0.059201261223726896
50.0,-5.0,-0.008028891769893806,-0.0013474710988496692,-0.04457778242499462,-0.06191203250952692,0.0767239026432166,0.009810697596862,0.009810697596862,-20.08300110693821,0.00970023556355593,0.00011046203330607159,1.167940190102619,1.167940190102619,0.6742060324429717,1.1547899480423727,0.013150242060246618,1.3817883939242255,1.3817883939242255,1.404415405871036,1.3662303610642157,0.015558032860010083
50.0,0.0,-0.00012988235224673617,-0.000945518279013899,-0.04489017473469747,-0.06213035915204694,0.0766565078145058,0.00979346959192087,0.00979346959192087,-20.090634207935718,0.009791951503950022,1.5180879708469304e-06,1.165889237133437,1.165889237133437,0.6665729314454634,1.1657085123750026,0.00018072475843415839,1.379361914355052,1.379361914355052,1.3967823048735262,1.3791480991478904,0.00021381520716153948
50.0,5.0,0.007768749535815982,-0.000514447365371779,-0.04450716552532346,-0.06204592644141622,0.07675417185087827,0.009818440180634363,0.009818440180634363,-20.079575014951377,0.009717412351688522,0.0001010278289458386,1.1688619262659956,1.1688619262659956,0.6776321244298089,1.1568348037724432,0.012027122493552214,1.382878898680896,1.382878898680896,1.4078414978578717,1.3686496269983832,0.014229271682512477
50.0,10.0,0.015533971798701038,-0.00013470171067215858,-0.04343374834059318,-0.06166581848886574,0.07700964932532424,0.009883910626035412,0.009883910626035412,-20.050711903030557,0.009481716060718855,0.00040219456531656085,1.1766560269089776,1.1766560269089776,0.7064952363506282,1.1287757215141496,0.047880305394828675,1.3921000881740015,1.3921000881740015,1.4367046097786915,1.3354529662984302,0.05664712187557194
50.0,15.0,0.02303298529382081,0.00011822475989761608,-0.0416860278223972,-0.06101465563704685,0.07740184433691684,0.00998484061079456,0.00998484061079456,-20.006588634327272,0.009100640794009194,0.0008841998167853656,1.1886715012850668,1.1886715012850668,0.7506185050539131,1.0834096183344277,0.10526188295063876,1.4063155789851494,1.4063155789851494,1.4808278784819764,1.2817803935224215,0.12453518546272753
50.0,20.0,0.030134617123273,0.00018021340025560321,-0.03929170704737366,-0.06013271705357196,0.07789678766789725,0.010112944296489717,0.010112944296489717,-19.951223849074683,0.008599433910030145,0.0015135103864595705,1.2039219400582997,1.2039219400582997,0.8059832903064985,1.023742132146446,0.18017980791185365,1.42435835161827,1.42435835161827,1.5361926637345624,1.211187874652133,0.2131704769661367
50.0,25.0,0.03671149850778909,3.8784750057605476e-06,-0.03629037556739416,-0.05907285536921778,0.07844952350412976,0.010256971251757695,0.010256971251757695,-19.889808617227498,0.008010800606619954,0.0022461706451377427,1.2210680061616304,1.2210680061616304,0.8673985221536848,0.953666738883328,0.2674012672783027,1.4446438382757314,1.4446438382757314,1.5976078955817474,1.1282817755802752,0.3163620626954567
50.0,30.0,0.04264304089783876,-0.0004376673550141471,-0.03273343496534038,-0.05789650013460735,0.07900698059156008,0.01040325987894707,0.01040325987894707,-19.828305524702778,0.007372297136136145,0.0030309627428109255,1.2384833189222704,1.2384833189222704,0.9289016146784055,0.8776544209685886,0.3608288979536816,1.465247870274235,1.465247870274235,1.6591109881064683,1.03835170931495,0.42689616095928523
50.0,35.0,0.047819070741555475,-0.001148968604257309,-0.02868358248555599,-0.05666918077835094,0.07951180798934565,0.010536631116073914,0.010536631116073914,-19.772982241871667,0.006723414859595336,0.0038132162564785757,1.2543608471516565,1.2543608471516565,0.9842248975095178,0.8004065309042069,0.45395431624744953,1.4840325515597061,1.4840325515597061,1.714434270937581,0.9469598393796248,0.537072712180081
50.0,40.0,0.05214388610803502,-0.002112389497900112,-0.02421385782300987,-0.05545606119480402,0.07990702523403904,0.010641637095592798,0.010641637095592798,-19.729915556038225,0.006102665616584602,0.004538971479008195,1.266861558999143,1.266861558999143,1.027291583342959,0.7265078114981669,0.5403537475009756,1.498822126139831,1.498822126139831,1.757500956771022,0.8595303685330423,0.639291757606788
50.0,45.0,0.05554045371485853,-0.0032901284271639555,-0.019406309760214988,-0.054317939459003615,0.08014119009286656,0.010704098403640335,0.010704098403640335,-19.70449907053685,0.0055449417088322996,0.005159156694808034,1.274297429004802,1.274297429004802,1.052708068844333,0.6601121081943214,0.6141853208104803,1.5076194934704696,1.5076194934704696,1.7829174422723961,0.780977705469338,0.7266417880011317
50.0,50.0,0.057954450189789834,-0.004627740567797618,-0.014350342411281972,-0.05330803514207893,0.08017364415812613,0.010712769646175147,0.010712769646175147,-19.70098233505421,0.0050793452319447705,0.005633424414230375,1.2753297197827556,1.2753297197827556,1.0562248043269722,0.6046839561839013,0.6706457635988543,1.508840795235936,1.508840795235936,1.7864341777550354,0.7154007368936297,0.7934400583423064
50.0,55.0,0.05935784214941294,-0.006058720132578446,-0.009140762485662451,-0.05246970617587311,0.07997927931208987,0.010660890704541771,0.010660890704541771,-19.722065090141804,0.0047275946304896,0.00593329607405217,1.269153655302592,1.269153655302592,1.0351420492393812,0.5628088845820952,0.7063447707204964,1.5015339020481366,1.5015339020481366,1.765351422667444,0.665858398660507,0.8356755033876295
50.0,60.0,0.059751683350780634,-0.007509675598767827,-0.0038754950410109846,-0.051835067528625954,0.07955220033638792,0.010547339144846167,0.010547339144846167,-19.76857089225379,0.004503050058070244,0.0060442890867759246,1.2556356124816868,1.2556356124816868,0.9886362471273946,0.5360773878655052,0.7195582246161815,1.4855407246262209,1.4855407246262209,1.718845620555458,0.6342324025451047,0.851308322081116
50.0,65.0,0.05916778809220958,-0.008905676048085757,0.0013470989142511272,-0.051424376624067646,0.07890766376123931,0.01037712119152028,0.01037712119152028,-19.83923111231557,0.0044103647402333945,0.0059667564512868795,1.235371570419081,1.235371570419081,0.9179760270656147,0.5250434214563565,0.7103281489627239,1.461566365002856,1.461566365002856,1.6481854004936771,0.6211781324272386,0.8403882325756169
50.0,70.0,0.057668937251815135,-0.010175417677946368,0.006431350702323691,-0.05124602677682248,0.07808177111811399,0.010161032250187876,0.010161032250187876,-19.93062170222519,0.004445757815751858,0.005715274434436023,1.2096466964509378,1.2096466964509378,0.826585437155996,0.5292568828276022,0.6803898136233362,1.4311313028433628,1.4311313028433628,1.5567948105840588,0.6261630726411068,0.8049682302022567
50.0,75.0,0.0553473144592279,-0.011255923502543218,0.011287816844130232,-0.05129703449818168,0.07712860422150808,0.00991446907268713,0.00991446907268713,-20.037305376337663,0.004597892606839312,0.005316576465847817,1.1802939372246584,1.1802939372246584,0.7199017630435203,0.5473681674808706,0.6329257697437879,1.396404094744666,1.396404094744666,1.4501111364715835,0.647590508005537,0.7488135867391292
50.0,80.0,0.05232098134101671,-0.012096529556548304,0.015837027629694637,-0.05156397743142268,0.07611482331643059,0.009655549738147775,0.009655549738147775,-20.15222994650264,0.0048493111091100095,0.004806238629037765,1.1494702069223541,1.1494702069223541,0.6049771928785426,0.5772989415607155,0.5721712653616386,1.3599365828377148,1.3599365828377148,1.3351865663066065,0.6830015646633815,0.676935018174333
50.0,85.0,0.04872839428728797,-0.01266193125478192,0.02001310056992822,-0.05202438947940355,0.07511219746515847,0.009402848824141571,0.009402848824141571,-20.26740546276763,0.005178313495503099,0.004224535328638471,1.1193867647787583,1.1193867647787583,0.489801676613552,0.6164658923217975,0.5029208724569609,1.3243449048086717,1.3243449048086717,1.2200110500416155,0.7293399289440984,0.5950049758645735
50.0,90.0,0.04472122425538348,-0.01293408314864505,0.02376675654497937,-0.0526486168094408,0.07418904214513095,0.009173140513139706,0.009173140513139706,-20.374819539671847,0.005561094933334055,0.0036120455798056526,1.0920405372785367,1.0920405372785367,0.38238759970933567,0.6620351111111971,0.4300054261673396,1.2919916215689726,1.2919916215689726,1.1125969731373984,0.7832528075118387,0.5087388140571342
50.0,95.0,0.040456016412310954,-0.012912788059930354,0.02706727432583232,-0.05340207942491449,0.07340196717914713,0.008979536426537557,0.008979536426537557,-20.467460834433222,0.00597389163774947,0.0030056447887880852,1.0689924317306616,1.0689924317306616,0.28974630494796383,0.711177575922556,0.35781485580810535,1.2647234403574024,1.2647234403574024,1.0199556783760273,0.8413931884154182,0.4233302519419837
50.0,100.0,0.03608544747587556,-0.012614894310897833,0.029903048678158184,-0.0542477915621347,0.07278949297547282,0.008830309111960928,0.008830309111960928,-20.540240933341863,0.006394874691907382,0.0024354344200535434,1.0512272752334437,1.0512272752334437,0.21696620603932287,0.7612946061794504,0.2899326690539933,1.2437055087268911,1.2437055087268911,0.9471755794673864,0.9006865763249835,0.34301893240190756
50.0,105.0,0.03175004019553251,-0.01207214408817343,0.03228064911819398,-0.05514890898554177,0.07236880671319017,0.008728534672115646,0.008728534672115646,-20.590586586115833,0.006805577116414353,0.0019229575557012926,1.0391112704899579,1.0391112704899579,0.16662055326534891,0.8101877519540898,0.22892351853586818,1.2293710805796685,1.2293710805796685,0.8968299266934127,0.9585319882273736,0.27083909235229475
50.0,110.0,0.027571144612548337,-0.011327866045960384,0.03422253913427931,-0.05607102935211744,0.07213619813799844,0.008672514153097478,0.008672514153097478,-20.618549827390453,0.007191734764916261,0.0014807793881812142,1.0324421610830332,1.0324421610830332,0.13865731199073256,0.8561589005852693,0.1762832604977636,1.2214808666334476,1.2214808666334476,0.8688666854187956,1.0129203894248258,0.2085604772086217
50.0,115.0,0.023645809858605125,-0.010432851759495194,0.03576382699781978,-0.05698399444876879,0.07207076844721585,0.00865678882818461,0.00865678882818461,-20.626431764382072,0.007543533855955047,0.001113254972229561,1.030570098593406,1.030570098593406,0.13077537499911368,0.8980397447565535,0.13253035383685252,1.2192660321386775,1.2192660321386775,0.8609847484271769,1.0624695571767673,0.15679647496191
50.0,120.0,0.020043901970900224,-0.009440864174264384,0.03694852204859575,-0.05786302859691795,0.07214021959045645,0.008673481131574186,0.008673481131574186,-20.61806561946799,0.007855353868284736,0.0008181272632894494,1.0325572775683556,1.0325572775683556,0.13914151991319126,0.935161174795802,0.0973961027725535,1.2216170607850967,1.2216170607850967,0.8693508933412547,1.106387868772498,0.11522919201259849
50.0,125.0,0.01680753860164085,-0.008404267724905703,0.03782575423893296,-0.05868917246363336,0.0723072037769944,0.00871368091031801,0.00871368091031801,-20.597983477082092,0.008125152992440028,0.0005885279178779813,1.037342965514049,1.037342965514049,0.1592236622990918,0.9672801181476226,0.07006284736642635,1.2272790014532409,1.2272790014532409,0.8894330357271552,1.1443877454140885,0.0828912560391523
50.0,130.0,0.013952661861689418,-0.007370230329475971,0.0384463132984089,-0.05944909928789953,0.072534898362913,0.00876864588617685,0.00876864588617685,-20.570674681581217,0.008353660549295157,0.0004149853368816915,1.0438864150210536,1.0438864150210536,0.18653245779996971,0.9944833987256141,0.04940301629543947,1.235020547348852,1.235020547348852,0.916741831228033,1.1765719083514306,0.05844863899742134
50.0,135.0,0.011472379201306764,-0.006377833646897272,0.03885973156089241,-0.060134494173520465,0.07279099101575588,0.008830672579113715,0.008830672579113715,-20.54006217569227,0.00854352559975963,0.0002871469793540848,1.051270545132585,1.051270545132585,0.2171449636889165,1.0170863809237656,0.034184164208819624,1.2437567012836217,1.2437567012836217,0.9473543371169802,1.2033134647548775,0.040443236528744334
50.0,140.0,0.009341569979296785,-0.005456266023277997,0.0391120185629956,-0.06074121221899558,0.07304985028389892,0.008893591519207473,0.008893591519207473,-20.509228214834515,0.008698536500202221,0.00019505501900525204,1.0587608951437468,1.0587608951437468,0.24797892454666987,1.0355400595478836,0.023220835595863343,1.2526185238320384,1.2526185238320384,0.9781882979747334,1.2251459859439748,0.02747253788806367
50.0,145.0,0.00752217608112624,-0.004624100315185102,0.03924407813360902,-0.061268403971405073,0.07329311311767606,0.008952923128042536,0.008952923128042536,-20.48035144448256,0.008822983794761576,0.00012993933328096088,1.0658241819098258,1.0658241819098258,0.27685569489862416,1.0503552136620924,0.015468968247733438,1.260975088456695,1.260975088456695,1.007065068326687,1.242673773910081,0.018301314546614204
50.0,150.0,0.005968568048826854,-0.0038895140900277706,0.03929079535177913,-0.06171772367700581,0.07350915684223723,0.009005781398043207,0.009005781398043207,-20.454785990981353,0.008921196516769713,8.458488127349362e-05,1.0721168331003816,1.0721168331003816,0.3024211483998301,1.0620472043773468,0.010069628723034955,1.2684199152173528,1.2684199152173528,1.0326305218278933,1.2565065516577059,0.01191336355964699
50.0,155.0,0.004632409898182747,-0.003251219493236447,0.03928075139712178,-0.062092646959874355,0.07369195265742427,0.009050626586210246,0.009050626586210246,-20.43321353003236,0.008997245094399864,5.338149181038278e-05,1.0774555459774102,1.0774555459774102,0.3239936093488225,1.0711006064761743,0.006354939501236045,1.2747361389028515,1.2747361389028515,1.0542029827768862,1.2672176189295583,0.007518519973293348
50.0,160.0,0.0034665413248577293,-0.002699844078687509,0.03923648827479892,-0.06239785206605863,0.07383969136854743,0.009086952621965547,0.009086952621965547,-20.41581736289131,0.009054776601993147,3.217601997240246e-05,1.0817800740435175,1.0817800740435175,0.341389776489873,1.0779495954753748,0.0038304785681431506,1.2798524819669783,1.2798524819669783,1.0715991499179363,1.2753206481680488,0.004531833798929924
50.0,165.0,0.002427551018719155,-0.0022195341602059123,0.03917519309225101,-0.06263858681654444,0.07395341539121592,0.009114964673065988,0.009114964673065988,-20.40245010203984,0.009096932871484224,1.80318015817658e-05,1.0851148420316654,1.0851148420316654,0.3547570373413436,1.0829681989862172,0.0021466430454483098,1.2837978412768998,1.2837978412768998,1.0849664107694068,1.281258150913271,0.002539690363628986
50.0,170.0,0.0014769124721598116,-0.0017896175021000725,0.0391096101256035,-0.06281996116189928,0.07403575572528105,0.009135273324258824,0.009135273324258824,-20.39278454174434,0.009126300200233755,8.973124025067123e-06,1.087532538602241,1.087532538602241,0.36442259763684254,1.0864643095516375,0.0010682290506032288,1.2866582146843415,1.2866582146843415,1.0946319710649064,1.2853943943991204,0.0012638202852207215
50.0,175.0,0.0005807670558437906,-0.0013862355281723964,0.039048940944038914,-0.06294616453870186,0.07408979928638684,0.009148615064078857,0.009148615064078857,-20.386446453381332,0.009144850253919836,3.764810159018065e-06,1.0891208409617685,1.0891208409617685,0.37076068599984924,1.088672649276171,0.0004481916855973888,1.288537332968853,1.288537332968853,1.1009700594279133,1.2880070780168782,0.0005302549519743754
50.0,180.0,-0.00029136445714320075,-0.0009839130386889614,0.0389994879209775,-0.06301968461896741,0.07411810632825946,0.009155607111669363,0.009155607111669363,-20.38312852180871,0.009153852189489426,1.75492217993743e-06,1.0899532275796862,1.0899532275796862,0.3740786175724714,1.0897443082725509,0.00020891930713540837,1.2895221284041354,1.2895221284041354,1.1042879910005339,1.2892749562661165,0.00024717213801935634
55.0,-180.0,-0.0003286923930165678,-0.0010532570793013553,0.03309346394582173,-0.06581826049692352,0.07367793536696458,0.009047183789776992,0.009047183789776992,-20.434865870818623,0.009045154855636305,2.0289341406920047e-06,1.077045689259166,1.077045689259166,0.32234126856256096,1.0768041494805123,0.0002415397786538101,1.2742512379967594,1.2742512379967594,1.0525506419906236,1.2739654726248313,0.00028576537192845136
55.0,-175.0,-0.0007033907923570806,-0.0007436109638723028,0.033063458501216024,-0.06583406458000422,0.07367743252216491,0.009047060297885606,0.009047060297885606,-20.43492515137959,0.009045314145902759,1.746151982847527e-06,1.0770309878435247,1.0770309878435247,0.32228198800159347,1.0768231126074714,0.00020787523605327702,1.2742338447726207,1.2742338447726207,1.052491361429657,1.273987907873628,0.0002459368989926094
55.0,-170.0,-0.001109522532026138,-0.0003756921682598803,0.03306511127414037,-0.06578965881217516,0.07364070189133227,0.009038042030330994,0.009038042030330994,-20.439256433656958,0.009035755109451501,2.2869208794916934e-06,1.0759573845632138,1.0759573845632138,0.31795070572422895,1.0756851320775598,0.00027225248565377306,1.272963666243802,1.272963666243802,1.0481600791522918,1.2726415647114788,0.00032210153232277374
55.0,-165.0,-0.0015786870366787664,7.91536895941301e-05,0.033096257689387315,-0.06567929679853114,0.07356378741648792,0.00901917221490368,0.00901917221490368,-20.448333204399546,0.009015008116228816,4.164098674864159e-06,1.0737109779647238,1.0737109779647238,0.30887393498163446,1.073215251932002,0.0004957260327219237,1.2703059457610817,1.2703059457610817,1.0390833084096982,1.269719452989974,0.000586492771107628
55.0,-160.0,-0.002147930047687166,0.0006452017846725396,0.033149984439616434,-0.06549481590562987,0.07344060367189162,0.008988992006978095,0.008988992006978095,-20.462890057474198,0.008980609056418315,8.3829505597825e-06,1.0701180960688208,1.0701180960688208,0.2943170819069867,1.0691201257640852,0.000997970304736012,1.2660552122504358,1.2660552122504358,1.0245264553350504,1.264874514988495,0.0011806972619411971
55.0,-155.0,-0.002860314407358536,0.001341026438472928,0.033213607688013395,-0.06522698867377145,0.07326447664127,0.008945928471228215,0.008945928471228215,-20.483745786287177,0.008929295945712738,1.6632525515476993e-05,1.0649914846700257,1.0649914846700257,0.2734613530940062,1.0630114221086593,0.001980062561366309,1.2599899255251006,1.2599899255251006,1.0036707265220692,1.2576473162975685,0.002342609227531971
55.0,-150.0,-0.003764262614651806,0.0021783167824111697,0.03326816354690764,-0.06486711591620052,0.07303032363413288,0.008888837537217215,0.008888837537217215,-20.511550314012386,0.008857313718162172,3.152381905504692e-05,1.0581949449068113,1.0581949449068113,0.24565682536879854,1.0544421093050205,0.0037528356017913003,1.2519489489038331,1.2519489489038331,0.9758661987968622,1.2475089743890384,0.004439974514795341
55.0,-145.0,-0.004911769420617793,0.0031607983348177263,0.03328853298798513,-0.0644084988123048,0.07273717943872685,0.008817621052672009,0.008817621052672009,-20.546485694096535,0.008760762183957604,5.685886871440052e-05,1.049716791984763,1.049716791984763,0.21072144528465067,1.0429478790425721,0.0067689129421905385,1.241918458122818,1.241918458122818,0.9409308187127137,1.233910166754592,0.008008291368225425
55.0,-140.0,-0.006355625728276535,0.004283227147494022,0.03324407803730707,-0.06384750764456477,0.07239069671006268,0.008733815856157737,0.008733815856157737,-20.587959689864256,0.00863591814054763,9.789771561010881e-05,1.0397399828759213,1.0397399828759213,0.16924744951692838,1.0280854929223369,0.011654489953584384,1.230114909317991,1.230114909317991,0.8994568229449909,1.2163264986686801,0.0137884106493111
55.0,-135.0,-0.008145776578535597,0.005530476252153875,0.03309950984923373,-0.06318414808768842,0.07200523568095253,0.00864105303373453,0.00864105303373453,-20.634333294107844,0.008479490433931255,0.00016156259980327388,1.0286967897303012,1.0286967897303012,0.12287384527334272,1.009463146896578,0.019233642833723082,1.2170497230612014,1.2170497230612014,0.8530832187014064,1.1942944273142613,0.022755295746939984
55.0,-130.0,-0.010324925157196763,0.006876835319338936,0.03281571878521647,-0.06242223356208815,0.07160517848438976,0.008545301323411074,0.008545301323411074,-20.68272618632252,0.008288815793459433,0.0002564855299516409,1.0172977765965565,1.0172977765965565,0.07448095305866534,0.9867637849356469,0.03053399166090963,1.2035635666776159,1.2035635666776159,0.804690326486728,1.1674388441492158,0.03612472252840012
55.0,-125.0,-0.012923551034853428,0.008285755977193414,0.032350464619755596,-0.061569410563211927,0.0712251135603129,0.008454828814691675,0.008454828814691675,-20.728951811575953,0.008062051529061936,0.0003927772856297395,1.0065272398442469,1.0065272398442469,0.028255327805228155,0.9597680391740401,0.046759200670207085,1.1908209598157287,1.1908209598157287,0.7584647012332918,1.135500215360836,0.055320744454892885
55.0,-120.0,-0.015954649633975432,0.00971034228572474,0.031659064918346955,-0.06063728933351489,0.07090852446264378,0.00837983398115182,0.00837983398115182,-20.767645854012123,0.007798445024400869,0.0005813889567509506,0.9975992834704547,0.9975992834704547,-0.010438714630938012,0.9283863124286748,0.06921297104177983,1.1802583072044814,1.1802583072044814,0.7197706587971252,1.0983725386480094,0.08188576855647191
55.0,-115.0,-0.019408684649863322,0.011094861180708255,0.030695409495078794,-0.05964180367546815,0.07070463842062051,0.008331713536028136,0.008331713536028136,-20.79265670536698,0.007498744852587334,0.0008329686834408032,0.9918706590509686,0.9918706590509686,-0.03544956598579775,0.8927077205461114,0.09916293850485751,1.1734807797222728,1.1734807797222728,0.6947598074422663,1.0561612468432866,0.11731953287898635
55.0,-110.0,-0.023249405779190904,0.012377415766572034,0.02941366894726515,-0.05860372449065133,0.07066325590616057,0.008321963500844885,0.008321963500844885,-20.797741933035162,0.007165765256254664,0.0011561982445902211,0.9907099405767721,0.9907099405767721,-0.040534793653979426,0.8530672924112697,0.13764264816550253,1.1721075353302652,1.1721075353302652,0.6896745797740831,1.0092627121485442,0.16284482318172128
55.0,-105.0,-0.027411247444352378,0.013493712407284955,0.027770921793991977,-0.05754907784416784,0.07082779976102702,0.008360765059596315,0.008360765059596315,-20.77753980221437,0.006805040442748866,0.001555724616847447,0.995329173761466,0.995329173761466,-0.020332662833187035,0.8101238622320079,0.18520531152945796,1.1775725436051145,1.1775725436051145,0.709876710594876,0.9584564003871641,0.21911614321795025
55.0,-100.0,-0.03179894118429343,0.014381622040865287,0.025730642387548682,-0.05650915050974369,0.07122747898091886,0.00845539040195747,0.00845539040195747,-20.728663353753372,0.0064254320376567866,0.0020299583643006843,1.0065940954711274,1.0065940954711274,0.028543785627811853,0.7649323854353317,0.24166171003579576,1.190900056613728,1.190900056613728,0.7587531590558747,0.9049904278389839,0.28590962877474424
55.0,-95.0,-0.03628973693283816,0.014986057839362547,0.023266673501306304,-0.05551983090048479,0.07187013743728428,0.008608658279899936,0.008608658279899936,-20.650645311296714,0.006039507246405301,0.0025691510334946363,1.0248402714166591,1.0248402714166591,0.1065618280844711,0.7189889579053931,0.30585131351126627,1.2124870816760474,1.2124870816760474,0.8367712015125346,0.8506348234373663,0.36185225823868117
55.0,-90.0,-0.04073827463100278,0.01526361682526794,0.02036707240165596,-0.05462019589493045,0.07273766875776595,0.008817739689231927,0.008817739689231927,-20.546427262398904,0.005663505635962714,0.0031542340532692147,1.0497309153847534,1.0497309153847534,0.21077987698228343,0.6742268614241327,0.3755040539606208,1.2419351674974546,1.2419351674974546,0.9409892504103468,0.7976768501355935,0.4442583173618612
55.0,-85.0,-0.04498375458381214,0.015186475737901821,0.017037155220383,-0.05385044006008583,0.07378551195500944,0.009073622524444741,0.009073622524444741,-20.42219291960087,0.0053167656629314365,0.0037568568615133054,1.080193157671993,1.080193157671993,0.3350142197803127,0.6329482932061233,0.44724486446586975,1.2779750034429214,1.2779750034429214,1.0652235932083767,0.7488402342156952,0.529134769227226
55.0,-80.0,-0.048858717681157036,0.014745164827563554,0.013301194103704877,-0.05324937852351469,0.07494672946142483,0.009361466547268934,0.009361466547268934,-20.286561102902066,0.00502057851592673,0.004340888031342205,1.1144603032463016,1.1144603032463016,0.47064603647911646,0.597687918562706,0.5167723846835959,1.3185164151083004,1.3185164151083004,1.2008554099071798,0.7071237346375676,0.6113926804707331
55.0,-75.0,-0.05219854617931333,0.013950015047715805,0.009202494560669414,-0.05285179722059601,0.07613993379726275,0.009661921571633333,0.009661921571633333,-20.149364921180883,0.004796550956915019,0.0048653706147183135,1.1502287585277777,1.1502287585277777,0.6078422182003009,0.5710179710613117,0.5792107874664659,1.3608340241737087,1.3608340241737087,1.3380515916283642,0.6755705573119745,0.6852634668617342
55.0,-70.0,-0.054850768205136395,0.012831228633340706,0.004801896625953007,-0.05268588143388451,0.07727941197114753,0.009953278034130332,0.009953278034130332,-20.02033864211309,0.0046646572943527635,0.005288620739777567,1.1849140516821823,1.1849140516821823,0.7368684972680954,0.5553163445658053,0.6295977071163772,1.4018701456521594,1.4018701456521594,1.467077870696159,0.6569939851201075,0.7448761605320517
55.0,-65.0,-0.05668337138159197,0.011437622968482278,0.00017499794484244807,-0.052770871531475395,0.07828549876461677,0.010214124892512113,0.010214124892512113,-19.90798836141999,0.00464121650126412,0.00557290839124799,1.215967249108585,1.215967249108585,0.849218777961193,0.5525257739600143,0.6634414751485703,1.4386091397904381,1.4386091397904381,1.5794281513892559,0.6536924649667774,0.7849166748236606
55.0,-60.0,-0.0575915349775747,0.0098341373469583,-0.004591474566839544,-0.053115032285578415,0.0790935108073224,0.010426060124515395,0.010426060124515395,-19.81879774932693,0.004737035555393663,0.005689024569121727,1.2411976338708806,1.2411976338708806,0.9384093900542533,0.5639328042135314,0.6772648296573485,1.468459172466957,1.468459172466957,1.6686187634823157,0.6671881063934737,0.8012710660734826
55.0,-55.0,-0.05750240057376926,0.00809819759669521,-0.009403715591221874,-0.053714018695872626,0.07966010637353231,0.01057597175209069,0.01057597175209069,-19.756797178364533,0.004955926028507702,0.005620045723582988,1.2590442562012727,1.2590442562012727,1.0004099610166504,0.5899911938699645,0.6690530623313082,1.489573486209956,1.489573486209956,1.7306193344447132,0.6980177504940424,0.7915557357159139
55.0,-50.0,-0.056377675716167384,0.006315047308126881,-0.01416495808611611,-0.054549775502165256,0.07996653166531148,0.01065749256342886,0.01065749256342886,-19.72344961722157,0.005293748692273303,0.005363743871155557,1.2687491146939118,1.2687491146939118,1.033757522159616,0.6302081776515838,0.6385409370423283,1.501055290623783,1.501055290623783,1.76396689558768,0.745598407362437,0.7554568832613461
55.0,-45.0,-0.054214009318200786,0.004572212911497854,-0.018779380229435073,-0.055590177258232884,0.0800187282244943,0.010671410035689515,0.010671410035689515,-19.717781925473624,0.005738086364889264,0.0049333236708002486,1.2704059566297043,1.2704059566297043,1.0394252139075606,0.6831055196296744,0.5873004370000297,1.5030154979844386,1.5030154979844386,1.7696345873356234,0.8081811781534174,0.6948343198310208
55.0,-40.0,-0.051041227969327134,0.002953382496105057,-0.023155578937903237,-0.05678964112100781,0.07984468420244051,0.010625039009352175,0.010625039009352175,-19.73669466782094,0.006268592608640892,0.00435644640071128,1.2648855963514494,1.2648855963514494,1.0205124715602438,0.7462610248382016,0.5186245715132477,1.4964843675143906,1.4964843675143906,1.7507218449883069,0.8829003674142102,0.6135840001001802
55.0,-35.0,-0.04691870662030973,0.0015321208489514956,-0.027209414252063916,-0.05809088261659955,0.07948971815483091,0.01053077739164883,0.01053077739164883,-19.775395676139947,0.006858009876693421,0.0036727675149554094,1.2536639751962895,1.2536639751962895,0.9818114632412374,0.8164297472254072,0.43723422797088213,1.4832080833308212,1.4832080833308212,1.7120208366693008,0.9659168840413268,0.5172911992894943
55.0,-30.0,-0.04193035407383988,0.0003659685031586991,-0.03086606693695898,-0.059427835573743565,0.07901057052597214,0.01040420531108099,0.01040420531108099,-19.827910862541568,0.007473793472757695,0.002930411838323295,1.2385958703667848,1.2385958703667848,0.929296276839614,0.88973731818544,0.34885855218134465,1.4653810297297167,1.4653810297297167,1.6595056502676764,1.0526469679940416,0.4127340617356753
55.0,-25.0,-0.03617887226745542,-0.0005084681012664464,-0.03406122996689443,-0.060729565397003214,0.0784692094934148,0.010262119631293887,0.010262119631293887,-19.88762926836358,0.008080222137564104,0.0021818974937297827,1.2216809084873677,1.2216809084873677,0.8695778710176048,0.9619312068528695,0.25974970163449795,1.4453689621540686,1.4453689621540686,1.5997872444456678,1.1380594559949442,0.3073095061591243
55.0,-20.0,-0.029780034726998146,-0.001078864575694702,-0.0367414752882265,-0.06192483525297831,0.07792711751744555,0.010120820970256253,0.010120820970256253,-19.947842574180704,0.00864083180893696,0.0014799891613192914,1.2048596393162205,1.2048596393162205,0.8093645652004782,1.0286704534448763,0.17618918587134422,1.4254677422896127,1.4254677422896127,1.539573938628541,1.2170185646390086,0.20844917765060444
55.0,-15.0,-0.02285768062526683,-0.001358526261046735,-0.03886397264160576,-0.06294689074427187,0.07744054868754116,0.009994828832599651,0.009994828832599651,-20.002246390340062,0.0091209841576408,0.0008738446749588487,1.1898605753094824,1.1898605753094824,0.7549607490411179,1.0858314473381907,0.10402912797129153,1.407722370788683,1.407722370788683,1.4851701224691802,1.2846456560057464,0.12307671478293643
55.0,-10.0,-0.015539932751074322,-0.0013854999371028561,-0.04039584568570411,-0.06373802671319534,0.07705692388058873,0.009896049387939566,0.009896049387939566,-20.04538145952086,0.009490377078572296,0.00040567230936727365,1.1781011176118532,1.1781011176118532,0.7118256798603223,1.1298067950681303,0.04829432254372306,1.3938097729492347,1.3938097729492347,1.4420350532883859,1.336672827967929,0.05713694498130614
55.0,-5.0,-0.007956855239602986,-0.00121944819670087,-0.041313495882040405,-0.06425356622386917,0.07681226668761276,0.009833308858966425,0.009833308858966425,-20.07300319666488,0.009725313737886251,0.00010799512108017358,1.1706320070198126,1.1706320070198126,0.6842039427163007,1.1577754449864586,0.012856562033353997,1.3849730787276653,1.3849730787276653,1.4144133161443633,1.3697624982938381,0.015210580433827264
55.0,0.0,-0.00023943259707669688,-0.0009365150395060676,-0.0416021875938891,-0.06446497026906113,0.07672945192542327,0.009812116823376411,0.009812116823376411,-20.082372897108925,0.009810559546084844,1.5572772915643584e-06,1.168109145640049,1.168109145640049,0.6748342422722602,1.1679237554862911,0.00018539015375766173,1.381988284982593,1.381988284982593,1.4050436157003234,1.381768950152795,0.00021933482979779695
55.0,5.0,0.007480548024723371,-0.0006226139816730025,-0.041256072066755634,-0.06436186697756706,0.07681705312061729,0.009834534390838659,0.009834534390838659,-20.072461966268204,0.009740626191696813,9.390819914184766e-05,1.1707779036712689,1.1707779036712689,0.6847451731129801,1.1595983561543826,0.011179547516886625,1.3851456888505151,1.3851456888505151,1.4149545465410434,1.3719191819291283,0.013226506921386992
55.0,10.0,0.015070319782984374,-0.000365735941773029,-0.0402786608530891,-0.06395283047756518,0.07706869239419388,0.009899072365741002,0.009899072365741002,-20.04405500888861,0.009520334119903441,0.00037873824583756086,1.1784609959215477,1.1784609959215477,0.7131521304925753,1.1333731095123147,0.045087886409233446,1.3942355444705634,1.3942355444705634,1.4433615039206389,1.3408921295638652,0.053343414906698715
55.0,15.0,0.022396304036399424,-0.00024799704678818467,-0.0386835890585726,-0.06326477728033988,0.07746294626342057,0.010000611134344108,0.010000611134344108,-19.99973459583645,0.009164537603102327,0.0008360735312417847,1.1905489445647748,1.1905489445647748,0.7574725435447338,1.0910163813217058,0.09953256324306961,1.4085367794850856,1.4085367794850856,1.4876819169727973,1.2907799440989194,0.11775683538616685
55.0,20.0,0.02932513137159419,-0.00033821153952617216,-0.03649539161963322,-0.062340926117235324,0.07796398139930846,0.010130398663037731,0.010130398663037731,-19.943734634501208,0.008696969571650668,0.0014334290913870624,1.2059998408378254,1.2059998408378254,0.8134725048799758,1.0353535204346036,0.17064632040322172,1.426816713103906,1.426816713103906,1.543681878308039,1.2249252917817843,0.20189142132212148
55.0,25.0,0.03572577999772012,-0.0006857562669129232,-0.03374999338869291,-0.061237416228103636,0.07852314829484318,0.010276232598159362,0.010276232598159362,-19.881660742233368,0.0081482800339555,0.0021279525642038674,1.2233610235904004,1.2233610235904004,0.8755463971478149,0.970033337375655,0.25332768621474616,1.4473567039661073,1.4473567039661073,1.6057557705758776,1.147645075205,0.2997116287611081
55.0,30.0,0.04147282480803399,-0.001316365916860106,-0.03049469231979728,-0.06001888716005484,0.07908173678160749,0.010422956265251884,0.010422956265251884,-19.820090845303746,0.0075534771729381806,0.002869479092313701,1.2408281268157004,1.2408281268157004,0.9371162940774393,0.8992234729688312,0.3416046538468691,1.468022009190406,1.468022009190406,1.6673256675055026,1.0638700243574901,0.40415198483291553
55.0,35.0,0.04645057468167831,-0.002230259724760703,-0.02678755937262629,-0.05875352904670544,0.0795749989587314,0.010553385470602385,0.010553385470602385,-19.766081986274074,0.006949087140109056,0.0036042983304933277,1.2563554131669508,1.2563554131669508,0.9911251531071084,0.8272722785844115,0.42908313458253905,1.4863923198031528,1.4863923198031528,1.7213345265351712,0.9787446676209938,0.5076476521821588
55.0,40.0,0.050557757930482644,-0.003402686233689671,-0.022696327489235942,-0.05750823035226966,0.07993738174540481,0.010649724102665613,0.010649724102665613,-19.726616431399805,0.0063703829857952,0.004279341116870414,1.2678242979363827,1.2678242979363827,1.0305907079813772,0.758378926880381,0.5094453710560017,1.499961141220509,1.499961141220509,1.7608000814094404,0.897237040252845,0.602724100967664
55.0,45.0,0.05371238784836845,-0.004786652428758821,-0.01829693515751421,-0.05634441466785601,0.08010869834336899,0.010695420609361168,0.010695420609361168,-19.70802131641053,0.0058489803706905106,0.004846440238670653,1.273264358257282,1.273264358257282,1.0491858229706557,0.6963071869869657,0.5769571712703159,1.506397268924108,1.506397268924108,1.7793951963987187,0.823800052209931,0.6825972167141765
55.0,50.0,0.0558564591923428,-0.00631735575732919,-0.013671893782577136,-0.05531496396676462,0.08004073297713518,0.01067728001215081,0.01067728001215081,-19.715393677347322,0.005410982385901162,0.005266297626249654,1.2711047633512873,1.2711047633512873,1.0418134620338617,0.6441645697501384,0.6269401936011494,1.5038422552325088,1.5038422552325088,1.772022835461925,0.7621101951973467,0.7417320600351626
55.0,55.0,0.05696014486024518,-0.007917716192709917,-0.008908565828550433,-0.05446233791577259,0.07970355781633486,0.010587512448767912,0.010587512448767912,-19.752060660186835,0.005075728414392478,0.005511784034375436,1.260418148662847,1.260418148662847,1.0051464791943499,0.6042533826657712,0.6561647659970757,1.4911989364461846,1.4911989364461846,1.7353558526224122,0.7148913259707715,0.7763076104754135
55.0,60.0,0.057025152626834476,-0.009504416975768686,-0.004097310881897204,-0.053817725771066534,0.07909069185305992,0.010425316951969958,0.010425316951969958,-19.819107326708355,0.004855111557357793,0.005570205394612165,1.2411091609488045,1.2411091609488045,0.9380998126728278,0.577989471114023,0.6631196898347816,1.4683545002774585,1.4683545002774585,1.6683091861008903,0.6838185292053229,0.7845359710721359
55.0,65.0,0.05608686613609254,-0.010993966043973433,0.0006706588736825187,-0.05340090946143832,0.07822218839292076,0.010197611015152059,0.010197611015152059,-19.915015580868168,0.004753399538602395,0.005444211476549664,1.2140013113276262,1.2140013113276262,0.8421915585130175,0.565880897452666,0.6481204138749601,1.4362832415707125,1.4362832415707125,1.5724009319410805,0.6694928927609005,0.7667903488098119
55.0,70.0,0.054214860377789095,-0.012308419846523975,0.005305907832849578,-0.053220518662084625,0.07714482840407037,0.009918640574969363,0.009918640574969363,-20.03547847124681,0.0047675147893238914,0.0051511257856454735,1.18079054463921,1.18079054463921,0.7217286681343718,0.5675612844433204,0.6132292601958897,1.3969916302773748,1.3969916302773748,1.4519380415624346,0.6714809562428016,0.7255106740345737
55.0,75.0,0.05151139510132883,-0.01338050902967057,0.009723996318719275,-0.0532744920017572,0.07592884464832884,0.00960842271698205,0.00960842271698205,-20.173478986511203,0.004887764186123315,0.004720658530858737,1.143859847259768,1.143859847259768,0.5837281528699843,0.5818766888242042,0.561983158435564,1.353298974222824,1.353298974222824,1.3139375262980477,0.6884174910032838,0.6648814832195404
55.0,80.0,0.04810759798577937,-0.014157945359662331,0.01384918786232236,-0.053550738937954374,0.07466103432189637,0.009290231207261315,0.009290231207261315,-20.319734775253817,0.005099015947215005,0.004191215260046309,1.1059799056263473,1.1059799056263473,0.43747236412736595,0.6070257080017865,0.4989541976245606,1.3084832686283543,1.3084832686283543,1.1676817375554287,0.7181712601711275,0.5903120084572265
55.0,85.0,0.044157280390456057,-0.01460668402767182,0.017618280587253263,-0.05402812932570079,0.0734347547081859,0.008987560259641385,0.008987560259641385,-20.46358184749033,0.005382277480561551,0.0036052827790798345,1.0699476499573077,1.0699476499573077,0.2936252918908532,0.6407473191144704,0.42920033084283754,1.2658535576959695,1.2658535576959695,1.0238346653189163,0.758067250783317,0.5077863069126528
55.0,90.0,0.03982866516244226,-0.01471290427154219,0.02098399113124935,-0.05467796131309058,0.07233809133421816,0.008721126967945463,0.008721126967945463,-20.594273907170304,0.005716544218650601,0.0030045827492948614,1.0382294009458886,1.0382294009458886,0.16293323221087633,0.6805409784107859,0.3576884225351025,1.2283277419641496,1.2283277419641496,0.8931426056389392,0.8051470730493803,0.4231806689147692
55.0,95.0,0.03529467747964405,-0.014483496767062622,0.02391726844935297,-0.05546596882028379,0.0714422519539013,0.008506458535950959,0.008506458535950959,-20.702512105867378,0.006080705789498773,0.0024257527464521854,1.012673635232257,1.012673635232257,0.05469503351380662,0.7238935463689015,0.28878008886335543,1.1980927515423885,1.1980927515423885,0.7849044069418702,0.856437435140672,0.3416553164017162
55.0,100.0,0.030722750139739744,-0.013944934355945167,0.026408065295535004,-0.056354773473495594,0.07079261950403264,0.008352461517311255,0.008352461517311255,-20.78185516630612,0.006455258596459181,0.0018972029208520708,0.9943406568227685,0.9943406568227685,-0.024648026924935108,0.7684831662451407,0.22585749057762747,1.1764030306072188,1.1764030306072188,0.7055613465031276,0.909191351613969,0.2672116789932494
55.0,105.0,0.02626522621075262,-0.013140553088086423,0.028464406185192293,-0.05730653119751962,0.07040452528588434,0.008261134009717905,0.008261134009717905,-20.829603327814446,0.0068236074709361605,0.0014375265387817436,0.9834683344902269,0.9834683344902269,-0.07239618843326008,0.8123342227304954,0.17113411175973137,1.163540001368719,1.163540001368719,0.6578131849948031,0.9610714747797409,0.20246852658897793
55.0,110.0,0.02205136029126669,-0.01212645934794861,0.03010995117977621,-0.05828543174618506,0.07026460147827217,0.008228329849503668,0.008228329849503668,-20.846883070419718,0.007172832204384147,0.0010554976451195215,0.9795630773218653,0.9795630773218653,-0.0896759310385353,0.8539085957600177,0.1256544815618478,1.1589196971131925,1.1589196971131925,0.6405334423895276,1.0102580569555137,0.14866164015767905
55.0,115.0,0.018181654901465397,-0.010966467555214916,0.03138053608315054,-0.05925971346916223,0.07033695807261416,0.00824528520006476,0.00824528520006476,-20.837943177426645,0.007493909592467449,0.0007513756075973113,0.9815815714362811,0.9815815714362811,-0.08073603804546078,0.8921320943413631,0.08944947709491803,1.1613077746570084,1.1613077746570084,0.6494733353826021,1.05548022429119,0.10582755036581849
55.0,120.0,0.014724908011647197,-0.009726618639857696,0.03232028470827032,-0.060202954610572235,0.0705721373743418,0.008300515403348353,0.008300515403348353,-20.808949401684252,0.007781477587881248,0.0005190378154671082,0.9881565956367088,0.9881565956367088,-0.05174226230306798,0.9263663795096725,0.0617902161270367,1.1690866765279369,1.1690866765279369,0.6784671111249947,1.0959827588565139,0.07310391767142368
55.0,125.0,0.011717991253357821,-0.00846989420399773,0.03297782782162995,-0.06109456528213228,0.07091638359142745,0.008381691637748993,0.008381691637748993,-20.7666832089271,0.00803328246788559,0.00034840916986339824,0.9978204330653565,0.9978204330653565,-0.009476069545913218,0.9563431509387608,0.04147728212659504,1.1805199489787315,1.1805199489787315,0.72073330388215,1.1314482349134634,0.04907171406526736
55.0,130.0,0.009168093887175056,-0.00725170172374903,0.0334029871637247,-0.06191958016282282,0.0713192476293355,0.008477192089058203,0.008477192089058203,-20.71747975829026,0.008249462248476476,0.00022772984058173066,1.009189534411691,1.009189534411691,0.039727381090926606,0.9820788391043426,0.02711069530734889,1.193970716768761,1.193970716768761,0.7699367545189896,1.161896091334715,0.03207462543404657
55.0,135.0,0.00705697256957088,-0.006116562959950464,0.03364408418752222,-0.06266798587859397,0.07173851168784762,0.008577154695318046,0.008577154695318046,-20.666567570300614,0.00843180277919299,0.00014535191612505694,1.02108984468072,1.02108984468072,0.09063956908057169,1.0037860451420226,0.01730379953869726,1.2080499570870489,1.2080499570870489,0.8208489425086352,1.1875778562243646,0.020472100862684077
55.0,140.0,0.005346622366623761,-0.005096219733119318,0.0337458886602592,-0.06333386768239452,0.07214237051401336,0.008673998354092067,0.008673998354092067,-20.617806645954655,0.008583070785764011,9.092756832805735e-05,1.0326188516776271,1.0326188516776271,0.13940049342652958,1.0217941411623823,0.010824710515244923,1.2216899090270519,1.2216899090270519,0.8696098668545936,1.2088832092625368,0.012806699764515119
55.0,145.0,0.003985705959581705,-0.004209129889058816,0.03374816274536357,-0.06391461541835683,0.07250944200021965,0.008762492195594055,0.008762492195594055,-20.57372355834066,0.008706489137610008,5.6003057984044086e-05,1.0431538328088161,1.0431538328088161,0.18348358104052168,1.0364868020964295,0.006667030712386201,1.2341538303653599,1.2341538303653599,0.9136929544685852,1.2262660757197195,0.007887754645640012
55.0,150.0,0.0029160395571150486,-0.003461120623135616,0.033684764053294104,-0.06441031119050698,0.07282742724860325,0.008839515348443988,0.008839515348443988,-20.535715457636737,0.008805378414901624,3.413693354236188e-05,1.0523232557671414,1.0523232557671414,0.22149168174444847,1.0482593351073362,0.004063920659804986,1.245002161752674,1.245002161752674,0.9517010551725115,1.2401941429438905,0.004808018808783364
55.0,155.0,0.002078449789203397,-0.002846843413841436,0.03358330020119802,-0.0648232791176853,0.07309117620426075,0.008903656969444994,0.008903656969444994,-20.5043158038347,0.008882950005700349,2.070696374464646e-05,1.059959163029166,1.059959163029166,0.2528913355464835,1.0574940482976607,0.0024651147315055315,1.2540361928795765,1.2540361928795765,0.9831007089745463,1.2511197191127252,0.002916473766851614
55.0,160.0,0.0014174046190690442,-0.0023516544612067277,0.03346532959552735,-0.06515766684007121,0.0733006763102365,0.008954770946272292,0.008954770946272292,-20.47945518474051,0.008942205718032567,1.2565228239725428e-05,1.0660441602705113,1.0660441602705113,0.2777519546406795,1.0645482997657818,0.001495860504729218,1.2612353445453932,1.2612353445453932,1.0079613280687416,1.259465594089094,0.001769750456299356
55.0,165.0,0.000883989654061198,-0.0019536141099184487,0.0333470508692916,-0.06541889137130417,0.0734592076987533,0.00899354677973297,0.00899354677973297,-20.46069002027196,0.008985883550606774,7.663229126196907e-06,1.0706603309205918,1.0706603309205918,0.2965171191092196,1.0697480417389016,0.0009122891816901081,1.266696729539855,1.266696729539855,1.0267264925372832,1.2656174014939117,0.0010793280459432263
55.0,170.0,0.0004370365133527654,-0.0016254196677331781,0.03324032230514111,-0.06561283254346849,0.07357170523602914,0.009021113822959375,0.009021113822959375,-20.447398374800848,0.009016392284177454,4.721538781919284e-06,1.073942121780878,1.073942121780878,0.30980876458033746,1.0733800338306494,0.0005620879502284861,1.2705794116844187,1.2705794116844187,1.0400181380084,1.2699144062221766,0.0006650054622421526
55.0,175.0,4.248241673135094e-05,-0.0013362091055314199,0.033153742421320166,-0.0657447771052359,0.07364328627027607,0.009038676411448489,0.009038676411448489,-20.438951612602455,0.009035697715741465,2.9786957070216368e-06,1.0760329061248202,1.0760329061248202,0.31825552677872687,1.0756782994930316,0.0003546066317882901,1.2730530156969702,1.2730530156969702,1.04846490020679,1.2726334810903472,0.0004195346066227658
55.0,180.0,-0.00032869239301656314,-0.0010532570793013647,0.03309346394582173,-0.06581826049692352,0.07367793536696458,0.009047183789776992,0.009047183789776992,-20.434865870818623,0.009045154855636305,2.0289341406920326e-06,1.077045689259166,1.077045689259166,0.32234126856256096,1.0768041494805123,0.00024153977865381342,1.2742512379967594,1.2742512379967594,1.0525506419906236,1.2739654726248313,0.00028576537192845526
60.0,-180.0,-0.0003828873935969904,-0.0010857590938854395,0.027226064052816155,-0.06800818125004175,0.07326456685405783,0.008945950502031706,0.008945950502031706,-20.48373509109256,0.008943741428131936,2.2090738997708873e-06,1.0649941073847269,1.0649941073847269,0.2734720482886271,1.0647311223966591,0.00026298498806796275,1.25999302845517,1.25999302845517,1.003681421716691,1.2596818912861882,0.0003111371689818151
60.0,-175.0,-0.00029616117640538295,-0.0009339443230736971,0.02719984739587479,-0.06801720023516782,0.07326070699652577,0.008945007913101736,0.008945007913101736,-20.484192709026562,0.008943408011725612,1.5999013761253122e-06,1.0648818944168732,1.0648818944168732,0.2730144303546186,1.064691429967335,0.00019046444953872764,1.2598602694509486,1.2598602694509486,1.0032238037826826,1.2596349312289592,0.00022533822198948057
60.0,-170.0,-0.000235613457967228,-0.0007145370881145957,0.027215583532680814,-0.06795811447073237,0.07320901164742874,0.008932388538340365,0.008932388538340365,-20.49032394379454,0.008931445098980499,9.434393598676331e-07,1.0633795878976626,1.0633795878976626,0.26688319558664414,1.0632672736881548,0.00011231420950805158,1.258082892723995,1.258082892723995,0.9970925690147074,1.2579500139409154,0.00013287878307994834
60.0,-165.0,-0.0002308318653250264,-0.00039108328240969564,0.027271807783095237,-0.06782431082363913,0.07310331639497304,0.008906614948126432,0.008906614948126432,-20.50287322750943,0.008906271240417492,3.4370770894070536e-07,1.0603113033483849,1.0603113033483849,0.25433391187175586,1.0602703857639872,4.091758439770302e-05,1.254452809595272,1.254452809595272,0.984543285299819,1.2544044000588017,4.840953647052187e-05
60.0,-160.0,-0.00031900909508561254,6.809961742760936e-05,0.027362018380167753,-0.06760642213587972,0.07293431817883846,0.008865482417619105,0.008865482417619105,-20.522976271685863,0.008865305081195925,1.7733642318307007e-07,1.055414573526084,1.055414573526084,0.234230867695321,1.0553934620471341,2.1111478950365487e-05,1.2486594954393104,1.2486594954393104,0.9644402411233838,1.2486345184782992,2.497696101170001e-05
60.0,-155.0,-0.000545924701310184,0.0006883977603423265,0.027473473350571487,-0.067294276996223,0.07269170089937979,0.008806598157267014,0.008806598157267014,-20.55191819946448,0.008805311645482827,1.2865117841894212e-06,1.0484045425317876,1.0484045425317876,0.20528893991670208,1.048251386367003,0.00015315616478445493,1.2403659376432414,1.2403659376432414,0.935498313344765,1.240184738800398,0.00018119884284358045
60.0,-150.0,-0.0009653814535052227,0.0014875237797358936,0.027586786097090813,-0.06687910077224751,0.0723670475811825,0.008728110332989448,0.008728110332989448,-20.590797724213616,0.008722869309219802,5.2410237696473174e-06,1.0390607539273153,1.0390607539273153,0.16640941516756946,1.038436822526167,0.0006239314011484903,1.2293113145055559,1.2293113145055559,0.8966187885956322,1.2285731421436341,0.0007381723619221574
60.0,-145.0,-0.001637265591176913,0.0024742162958268604,0.02767646585224466,-0.06635538056953263,0.07195710998568912,0.008629506159140172,0.008629506159140172,-20.640140569495703,0.008614835863268073,1.4670295872097891e-05,1.0273221618024015,1.0273221618024015,0.11706656988548046,1.025575698008104,0.001746463794297368,1.2154234026957988,1.2154234026957988,0.8472759433135436,1.2133571638405736,0.002066238855225055
60.0,-140.0,-0.002624438197691394,0.003646932705839124,0.027712148830742796,-0.06572195839153122,0.07146696300844063,0.008512344126300293,0.008512344126300293,-20.699508275851734,0.008478698595601148,3.364553069914491e-05,1.0133743007500349,1.0133743007500349,0.057698863529450195,1.009368880428708,0.004005420321326775,1.1989217079296186,1.1989217079296186,0.7879082369575136,1.194182900788894,0.004738807140724635
60.0,-135.0,-0.003988605787761061,0.0049925331480221895,0.02766000164705939,-0.06498223974630944,0.07091263312644953,0.008380805117367855,0.008380805117367855,-20.767142580720698,0.008312749448423994,6.805566894386196e-05,0.9977148949247449,0.9977148949247449,-0.00993544133951476,0.9896130295742849,0.008101865350459756,1.1803950869532192,1.1803950869532192,0.7202739320885486,1.1708097814681682,0.009585305485050979
60.0,-130.0,-0.005785266209519655,0.006485115014632053,0.027483784314045336,-0.06414376180124014,0.07032287394655606,0.008241983493174202,0.008241983493174202,-20.83968259604022,0.008116109755532069,0.00012587373764213323,0.9811885110921671,0.9811885110921671,-0.08247545665903303,0.9662035423252464,0.014984968766920624,1.1608427455174934,1.1608427455174934,0.6477339167690306,1.1431140500749393,0.017728695442553975
60.0,-125.0,-0.008057872534087377,0.008085334459813574,0.02714533474697177,-0.06321759372762555,0.06973976841328713,0.008105867863661305,0.008105867863661305,-20.9120048010956,0.007888703074695917,0.0002171647889653878,0.9649842694834887,0.9649842694834887,-0.15479766171441334,0.9391313184161807,0.025852951067308075,1.1416715300931415,1.1416715300931415,0.5754117117136501,1.1110849400980165,0.030586589995125046
60.0,-120.0,-0.01083152965925056,0.009740654802996304,0.026604646337482694,-0.06221803644499648,0.06921772646196783,0.007984967975661273,0.007984967975661273,-20.977268212939997,0.007631305656374524,0.00035366231928674806,0.9505914256739612,0.9505914256739612,-0.22006107355881482,0.9084887686160148,0.0421026570579462,1.1246433768537003,1.1246433768537003,0.5101482998692481,1.074831782587961,0.04981159426573916
60.0,-115.0,-0.014106787189368065,0.011386921019798515,0.025820057046671726,-0.06116285711911238,0.06882030116167458,0.007893537122055663,0.007893537122055663,-21.027283442732852,0.0073457776682434184,0.0005477594538122438,0.9397068002447219,0.9397068002447219,-0.27007630335166927,0.8744973414575499,0.0652094587871719,1.1117657918388257,1.1117657918388257,0.4601330700763939,1.0346165729920307,0.0771492188467949
60.0,-110.0,-0.017854321016632195,0.01295146008154464,0.024749185587840488,-0.06007395322521156,0.06861427796439365,0.007846347048130201,0.007846347048130201,-21.05332486704238,0.007035504322168934,0.0008108427259612693,0.9340889343012146,0.9340889343012146,-0.29611772766119376,0.8375600383534444,0.09652889594777016,1.1051193025535495,1.1051193025535495,0.43409164576686915,0.9909161017139342,0.11420320083961538
60.0,-105.0,-0.022011403363542906,0.014357601154192877,0.02335107474000205,-0.05897805705183504,0.06866095319800142,0.007857025719022165,0.007857025719022165,-21.047418252423874,0.006705981855013725,0.0011510438640084369,0.9353602046454959,0.9353602046454959,-0.2902111130426909,0.7983311732159197,0.13702903142957581,1.1066233407073471,1.1066233407073471,0.4399982603853725,0.9445044866216513,0.16211885408569532
60.0,-100.0,-0.02648097746087957,0.01553019521356957,0.021589597100800374,-0.057906991683308005,0.0690055035445781,0.007936078898905264,0.007936078898905264,-21.0039402316375,0.006365400684902418,0.0015706782140028452,0.9447712974887219,0.9447712974887219,-0.2467330922563163,0.7577857958217165,0.1869855016670054,1.1177575913951077,1.1177575913951077,0.4834762811717477,0.8965353077327349,0.22122228366237254
60.0,-95.0,-0.031133863468689436,0.016401490889131478,0.019437702488083818,-0.05689710451013372,0.06966657116239894,0.00808886132963096,0.00808886132963096,-20.921126097923086,0.00602503268844198,0.0020638286411889814,0.9629596820989241,0.9629596820989241,-0.1639189585418978,0.7172657962430931,0.24569388585583116,1.1392762436099946,1.1392762436099946,0.5662904148861653,0.8485961533016874,0.29068009030830727
60.0,-90.0,-0.0358141736860657,0.0169166551255258,0.01688172324774144,-0.05598776472106981,0.07062896456643593,0.008313888525196203,0.008313888525196203,-20.801958029253925,0.005699236361613068,0.0026146521635831343,0.989748633951929,0.989748633951929,-0.04475088987274451,0.6784805192396511,0.31126811471227794,1.1709702148163668,1.1709702148163668,0.6854584835553192,0.8027093467060661,0.3682608681103006
60.0,-85.0,-0.040347508904325806,0.017038319087218277,0.013924840563496771,-0.055219092855378425,0.07184201551036988,0.00860192266748169,0.00860192266748169,-20.654044661340475,0.005404954998306236,0.0031969676691754535,1.0240384127954394,1.0240384127954394,0.10316247804070919,0.6434470236078852,0.380591389187554,1.2115384038706605,1.2115384038706605,0.8333718514687721,0.7612612673670754,0.450277136503585
60.0,-80.0,-0.044551072996910746,0.016749735378421175,0.010588987678447633,-0.05462927744948184,0.0732245611467217,0.008936183396831318,0.008936183396831318,-20.488479267977155,0.005160686110088405,0.0037754972867429116,1.063831356765633,1.063831356765633,0.26872787140403054,0.6143673940581434,0.4494639627074895,1.2586173798353968,1.2586173798353968,0.9989372448320942,0.7268571986040006,0.531760181231396
60.0,-75.0,-0.04824459260272412,0.016056376364989057,0.006914849713945447,-0.05425186684936284,0.0746754855396632,0.009293827946807156,0.009293827946807156,-20.31805371715542,0.004985016229546089,0.004308811717261069,1.106408088905614,1.106408088905614,0.43915342222576653,0.5934543130412011,0.512953775864413,1.3089898516629799,1.3089898516629799,1.16936279565383,0.7021149619078999,0.6068748897550802
60.0,-70.0,-0.05126091459727156,0.014986007518910003,0.002960063672001656,-0.05411331824594822,0.07608728524027633,0.009648564313957586,0.009648564313957586,-20.155373039528076,0.004894906661316101,0.004753657652641484,1.1486386088044747,1.1486386088044747,0.6018340998531079,0.5827269834900121,0.5659116253144624,1.3589527202757163,1.3589527202757163,1.3320434732811712,0.6894234734248029,0.6695292468509132
60.0,-65.0,-0.053455342675530676,0.013587380252152986,-0.0012039331693384334,-0.054230916349994045,0.07735975895716903,0.009973985531788703,0.009973985531788703,-20.01131266102505,0.0049039540393459174,0.005070031492442783,1.1873792299748456,1.1873792299748456,0.7458944783561328,0.5838040523030855,0.6035751776717598,1.404786694618127,1.404786694618127,1.4761038517841962,0.6906977520205517,0.7140889425975749
60.0,-60.0,-0.054713065027725785,0.011927694372039103,-0.005495811383226109,-0.05461104014398555,0.07841147254151604,0.010247023632954442,0.010247023632954442,-19.89402262168622,0.005020831127713788,0.005226192505240651,1.2198837658279098,1.2198837658279098,0.8631845176949664,0.5977179913944988,0.6221657744334108,1.443242765204851,1.443242765204851,1.5933938911230296,0.7071593137625054,0.7360834514423451
60.0,-55.0,-0.05495430372698628,0.010088918747339626,-0.009828469485271853,-0.05524773342028345,0.0791875788246484,0.010450874853705987,0.010450874853705987,-19.808473527841446,0.005248061127936879,0.005202813725769108,1.2441517682983319,1.2441517682983319,0.9487336115397372,0.6247691818972476,0.6193825864010843,1.471954204747322,1.471954204747322,1.6789429849678004,0.7391635391460394,0.7327906656012828
60.0,-50.0,-0.05413701704738148,0.008163002762370145,-0.014112984326912886,-0.05612163512631595,0.0796634513735751,0.010576859960011117,0.010576859960011117,-19.75643245764619,0.005581225604485974,0.004995634355525144,1.2591499952394187,1.2591499952394187,1.0007746817349927,0.6644316195816635,0.5947183756577552,1.4896985859170586,1.4896985859170586,1.730984055163056,0.7860881133078835,0.7036104726091751
60.0,-45.0,-0.052257119488576156,0.006246034512548189,-0.01826217365891218,-0.057199485911292605,0.07984427130132565,0.01062492911902816,0.01062492911902816,-19.73673958531074,0.006008672066570225,0.0046162570524579385,1.2648725141700194,1.2648725141700194,1.0204675540704435,0.715318103163122,0.5495544110068975,1.4964688900039662,1.4964688900039662,1.750676927498506,0.8462918403620034,0.6501770496419631
60.0,-40.0,-0.04934631497611893,0.004431539431685599,-0.022193644332272323,-0.05843454020007962,0.07976121037571489,0.010602834674485515,0.010602834674485515,-19.745780103100493,0.006511768817196044,0.004091065857289471,1.2622422231530375,1.2622422231530375,1.0114270362806907,0.7752105734757196,0.487031649677318,1.4933569964064104,1.4933569964064104,1.7416364097087538,0.9171505376332456,0.5762064587731649
60.0,-35.0,-0.04546782438450832,0.002803337736789721,-0.02583221829829247,-0.05976818649608961,0.07946522117234045,0.010524287683931348,0.010524287683931348,-19.778072888801134,0.007065732903137126,0.003458554780794217,1.252891390944208,1.252891390944208,0.9791342505800517,0.8411586789448962,0.41173271199931155,1.4822940399903306,1.4822940399903306,1.709343624008115,0.9951736483291728,0.4871203916611573
60.0,-30.0,-0.04071052963213261,0.0014286098048346377,-0.02911162708962248,-0.06113289135244519,0.07901965189633733,0.01040659713969619,0.01040659713969619,-19.826912575256618,0.0076410153794583555,0.0027655817602378315,1.2388806118685942,1.2388806118685942,0.9302945641245662,0.9096446880307567,0.3292359238378371,1.4657179069994635,1.4657179069994635,1.6605039375526296,1.0761993492194868,0.38951855777997624
60.0,-25.0,-0.03518228962688273,0.00035195880548380713,-0.03197540184132726,-0.06245630035865979,0.07849288602030186,0.01026831334750001,0.01026831334750001,-19.88500886882775,0.008205166322723832,0.002063147024776181,1.2224182556547631,1.2224182556547631,0.872198270553433,0.97680551460998,0.24561274104478345,1.446241316549297,1.446241316549297,1.6024076439814963,1.1556572285526523,0.2905840879966452
60.0,-20.0,-0.029003318439260947,-0.0004087566153168011,-0.03437698272878094,-0.06366606996790163,0.07795194012436372,0.010127269692621227,0.010127269692621227,-19.94507624457486,0.008725036790525184,0.0014022329020960424,1.20562734435967,1.20562734435967,0.8121308948063227,1.038694856014903,0.16693248834476695,1.4263760130452434,1.4263760130452434,1.542340268234387,1.22887842120073,0.19749759184451302
60.0,-15.0,-0.022300486172094278,-0.0008642268971815802,-0.03627920743653064,-0.06469487116628986,0.077457509765595,0.009999207459542851,0.009999207459542851,-20.000344209587407,0.009169129396027405,0.000830078063515445,1.190381840421768,1.190381840421768,0.7568629297937777,1.0915630233365958,0.09881881708517204,1.4083390788088521,1.4083390788088521,1.4870723032218405,1.2914266754968176,0.1169124033120345
60.0,-10.0,-0.015203191932743821,-0.0010528335635913498,-0.0376534657417825,-0.06548503582865789,0.07706048860022019,0.00989696500864474,0.00989696500864474,-20.044979652083054,0.009509898288491896,0.0003870667201528452,1.178210120076755,1.178210120076755,0.7122274872981282,1.1321307486299876,0.046079371446767284,1.3939387336119353,1.3939387336119353,1.4424368607261917,1.339422294153788,0.05451643945814721
60.0,-5.0,-0.007841101314826838,-0.0010371552718111878,-0.038478877794126704,-0.06599246317618998,0.0767996601115093,0.009830081400926421,0.009830081400926421,-20.07442885847743,0.009725819589094882,0.0001042618118315414,1.1702477858245741,1.1702477858245741,0.6827782809037558,1.1578356653684385,0.012412120456135881,1.3845185071727353,1.3845185071727353,1.4129876543318185,1.3698337449429412,0.014684762229794564
60.0,0.0,-0.00034361196956652533,-0.0008981553416292057,-0.03874183290230375,-0.0661895716316647,0.07670015489956082,0.009804625281271661,0.009804625281271661,-20.085689997917868,0.009803084063909135,1.541217362525935e-06,1.1672172953894835,1.1672172953894835,0.6715171414633164,1.1670338171320398,0.0001834782574435637,1.380933138207276,1.380933138207276,1.4017265148913793,1.3807160653393147,0.0002170728679613993
60.0,5.0,0.007159490318261485,-0.0007275909453865887,-0.03843610326203599,-0.06606718347552852,0.07677235476758629,0.009823092671102528,0.009823092671102528,-20.07751758797714,0.009736781887504587,8.631078359794362e-05,1.1694157941788725,1.1694157941788725,0.6796895514040407,1.1591407008934034,0.01027509328546948,1.3835341790285252,1.3835341790285252,1.4098989248321043,1.371377730634449,0.012156448394076567
60.0,10.0,0.0145369900862971,-0.0006193435475995704,-0.03756354537730957,-0.06563523783707509,0.07701111643419839,0.009884287225883475,0.009884287225883475,-20.05054642994379,0.009531449426423965,0.0003528377994595114,1.1767008602242235,1.1767008602242235,0.7066607094373965,1.1346963602885671,0.042004499935656116,1.3921531304061234,1.3921531304061234,1.4368700828654597,1.3424576656935159,0.04969546471260723
60.0,15.0,0.021655673856479023,-0.0006604842650813989,-0.03613517911055191,-0.06492218821208205,0.07739538837191323,0.009983175040838841,0.009983175040838841,-20.007313140813334,0.009200852722239593,0.0007823223185992473,1.1884732191474812,1.1884732191474812,0.7498939985678504,1.095339609790428,0.09313360935705325,1.4060809916674424,1.4060809916674424,1.4801033719959138,1.2958947496112103,0.11018624205623201
60.0,20.0,0.0283809176131413,-0.000922957394273428,-0.034172270564160945,-0.06397294668889643,0.07788844791422002,0.010110778996683379,0.010110778996683379,-19.95215382398338,0.0087669300983534,0.0013438488983299778,1.2036641662718308,1.2036641662718308,0.8050533153978034,1.043682154565881,0.15998201170594975,1.4240533798145603,1.4240533798145603,1.5352626888258667,1.234778887092028,0.18927449272253208
60.0,25.0,0.03457877328498702,-0.0014567599838765772,-0.03170700928578698,-0.06284536826374323,0.07843907483900893,0.010254239188747016,0.010254239188747016,-19.890965564936856,0.008257930034073602,0.001996309154673414,1.220742760565121,1.220742760565121,0.8662415744443255,0.9830869088182859,0.237655851746835,1.4442590406685938,1.4442590406685938,1.5964509478723887,1.1630887371934648,0.2811703034751287
60.0,30.0,0.04011951936206011,-0.0022853688982664485,-0.02878248348041697,-0.061605533608486515,0.07898399756489108,0.01039720817007913,0.01039720817007913,-19.830832606146707,0.007705940332504827,0.0026912678375742975,1.2377628773903726,1.2377628773903726,0.9263745332344744,0.9173738491077176,0.3203890282826545,1.4643955169125533,1.4643955169125533,1.6565839066625376,1.0853437088034967,0.379051808109056
60.0,35.0,0.04488234847816768,-0.0034038949800716,-0.02545187606678179,-0.060322402606493485,0.07945188454334957,0.01052075540301663,0.01052075540301663,-19.779530761914398,0.007144148776224743,0.003376606626791885,1.2524708813115037,1.2524708813115037,0.977676377466786,0.850493901931517,0.40197697937998633,1.481796535636145,1.481796535636145,1.707885750894849,1.0062181374964425,0.47557839813970215
60.0,40.0,0.04876072407045433,-0.004780057956542212,-0.02177704023373529,-0.059062628813438815,0.07976898375708859,0.010604901440860395,0.010604901440860395,-19.74493363346323,0.006604233749728756,0.004000667691131643,1.2624882667690949,1.2624882667690949,1.0122735059179535,0.7862183035391376,0.47626996322995746,1.4936480902620275,1.4936480902620275,1.7424828793460165,0.9301737675674303,0.5634743226945975
60.0,45.0,0.05166793521269487,-0.006357666289984867,-0.017826770032287987,-0.05788631745577542,0.07986623146344728,0.01063077442887336,0.01063077442887336,-19.7343509691268,0.0061142217517660335,0.0045165526771073225,1.2655683843896854,1.2655683843896854,1.0228561702543821,0.7278835418769088,0.5376848425127765,1.4972921730807547,1.4972921730807547,1.753065543682446,0.8611579932064837,0.6361341798742708
60.0,50.0,0.05354244441609027,-0.008061968882681597,-0.013675096978365385,-0.05684424124211841,0.07968729344177337,0.010583191896378654,0.010583191896378654,-19.753833290947615,0.0056969925169504335,0.004886199379428219,1.259903797187935,1.259903797187935,1.0033738484335692,0.6782133948750517,0.5816904023128832,1.4905904079406556,1.4905904079406556,1.7335832218616332,0.80239331224654,0.6881970956941152
60.0,55.0,0.05435268064324371,-0.009806106230465671,-0.00939981028345241,-0.05597659011636424,0.07919664567978849,0.010453268208687472,0.010453268208687472,-19.80747906386066,0.005369431958414599,0.005083836250272876,1.2444366915104135,1.2444366915104135,0.9497280755205224,0.6392180902874522,0.6052186012229613,1.4722912969982356,1.4722912969982356,1.679937448948586,0.7562580223119153,0.7160332746863205
60.0,60.0,0.054100932166875296,-0.011497940551584582,-0.005081166707585251,-0.0553129033309799,0.0783865360139432,0.010240507123371321,0.010240507123371321,-19.896785359941326,0.005142104740025016,0.005098402383346307,1.2191079908775382,1.2191079908775382,0.8604217794398594,0.6121553261934544,0.6069526646840842,1.4423249469537072,1.4423249469537072,1.5906311528679231,0.7242401042288755,0.7180848427248319
60.0,65.0,0.052825939100184294,-0.013046723563534477,-0.0008005220613014267,-0.054872594392716745,0.07728155852800786,0.009953830977622757,0.009953830977622757,-20.020097381257496,0.005019285835103217,0.004934545142519542,1.1849798782884235,1.1849798782884235,0.7371097581236873,0.5975340279884781,0.5874458502999456,1.4019480250172898,1.4019480250172898,1.4673191315517506,0.706941666915946,0.6950063581013439
60.0,70.0,0.05060371263830042,-0.014369261526642238,0.0033615068640295218,-0.05466551799214431,0.07593964705835218,0.00961115689542902,0.00961115689542902,-20.172243331367838,0.0049992465318579316,0.004611910363571086,1.144185344693931,1.144185344693931,0.5849638080133472,0.5951483966497538,0.549036948044177,1.3536840697787351,1.3536840697787351,1.3151731814414105,0.7041192298391453,0.6495648399395896
60.0,75.0,0.04754608530949712,-0.01539536841420205,0.0073276684286989035,-0.054692294782663936,0.0744485690262865,0.00923743142458696,0.00923743142458696,-20.344487726332773,0.005074783498022754,0.0041626479265642075,1.0996942172127335,1.0996942172127335,0.41271941304841175,0.6041408926217565,0.4955533245909772,1.30104667951929,1.30104667951929,1.1429287864764746,0.7147582391581345,0.586288440361156
60.0,80.0,0.0437965983627778,-0.016072425136187497,0.011027531621844486,-0.05494445409941331,0.07291751756513752,0.008861398513249016,0.008861398513249016,-20.52497731989152,0.005234042507289034,0.003627356005959981,1.0549283944344066,1.0549283944344066,0.23222981948966562,0.6231002984867898,0.4318280959476168,1.2480842976407065,1.2480842976407065,0.96243919291773,0.7371890855336667,0.5108952121070395
60.0,85.0,0.03952360489814213,-0.016368816611093625,0.014401422411459587,-0.05540470711410283,0.07146422908885862,0.008511692871001687,0.008511692871001687,-20.699840554949432,0.005461675557659739,0.003050017313341947,1.0132967703573437,1.0132967703573437,0.05736658443175123,0.6501994711499689,0.36309729920737466,1.1988299818312234,1.1988299818312234,0.7875759578598145,0.769250078543625,0.42957990328759815
60.0,90.0,0.03491089131499643,-0.01627596847604185,0.0174041549766068,-0.0560477200142499,0.0701992094790682,0.008213021527796679,0.008213021527796679,-20.854970388077703,0.005740283979518865,0.0024727375482778108,0.9777406580710333,0.9777406580710333,-0.09776324869651948,0.6833671404189127,0.2943735176521204,1.156763595464321,1.156763595464321,0.6324461247315438,0.8084907013406851,0.3482728941236353
60.0,95.0,0.030146596992939662,-0.015808716490476042,0.020007748826618793,-0.05684161903472703,0.06920991616039623,0.007983166082054375,0.007983166082054375,-20.978248355580263,0.006051990199923715,0.0019311758821306626,0.9503769145302831,0.9503769145302831,-0.22104121619908168,0.7204750238004421,0.2299018907298408,1.1243895890217432,1.1243895890217432,0.5091681572289817,0.8523929859047484,0.27199660311699475
60.0,100.0,0.025411594646689354,-0.015003843729947487,0.02220248973615765,-0.05775021037172841,0.06854853621794858,0.007831318530602347,0.007831318530602347,-21.061651112043485,0.006379911942492807,0.0014514065881095415,0.932299825071708,0.932299825071708,-0.3044439726623043,0.759513326487239,0.1727864985844692,1.1030026099439925,1.1030026099439925,0.4257654007657588,0.8985791468299728,0.2044234631140199
60.0,105.0,0.020868647644827317,-0.0139168019053906,0.02399609450193347,-0.05873565042681266,0.06822658581670564,0.007757928917229972,0.007757928917229972,-21.102542039827025,0.00670932390508437,0.0010486050121456044,0.9235629663369015,0.9235629663369015,-0.3453349004458406,0.7987290363195678,0.12483393001733387,1.0926660446802776,1.0926660446802776,0.3848744729822223,0.9449751978992069,0.14769084678107103
60.0,110.0,0.01665353155738217,-0.012616856287382046,0.025411216508331037,-0.059761145070205614,0.06821766311187016,0.007755899878766133,0.007755899878766133,-21.103678058826624,0.0070283750587431856,0.0007275248200229488,0.9233214141388254,0.9233214141388254,-0.3464709194454402,0.8367113165170459,0.08661009762177962,1.0923802646149483,1.0923802646149483,0.3837384539826233,0.989911980104674,0.10246828451027448
60.0,115.0,0.01286894747565707,-0.011181114467494677,0.026481894246367613,-0.06079323370251493,0.06846703671658964,0.007812707800933322,0.007812707800933322,-21.07198418211263,0.007328340662406908,0.00048436713852641504,0.9300842620158716,0.9300842620158716,-0.314777042731444,0.8724215074293937,0.05766275458647799,1.1003813804131437,1.1003813804131437,0.4154323306966192,1.0321606566770292,0.06822072373611479
60.0,120.0,0.009581593512925568,-0.009688075219412404,0.027249673879462442,-0.06180332224831051,0.06890472482471359,0.0079129154174971,0.0079129154174971,-21.016634764954908,0.007603479814679694,0.0003094356028174062,0.9420137401782264,0.9420137401782264,-0.2594276255737255,0.9051761684142494,0.03683757176397693,1.1144951292249439,1.1144951292249439,0.47078174785433824,1.0709126499548864,0.043582479270057206
60.0,125.0,0.006822337064017898,-0.008211425419781305,0.027760019109603913,-0.06276833098754654,0.06945828839215284,0.008040566948805955,0.008040566948805955,-20.947133276126145,0.007850618439754575,0.00018994850905137725,0.9572103510483282,0.9572103510483282,-0.18992613674495953,0.934597433304116,0.02261291774421158,1.1324742181416838,1.1324742181416838,0.5402832366831033,1.1057209070076865,0.026753311133996798
60.0,130.0,0.004589127287837958,-0.006814787035911275,0.028059351032291985,-0.06367055531991633,0.0700626020549388,0.008181087605501985,0.008181087605501985,-20.87188956760247,0.008068587903211716,0.00011249970229026916,0.9739390006549983,0.9739390006549983,-0.114682428221284,0.9605461789537757,0.01339282170122252,1.152265859929857,1.152265859929857,0.6155269452067792,1.1364208314382696,0.015845028491587206
60.0,135.0,0.0028521091780811776,-0.005547958475966528,0.028192777746344922,-0.06449702500455658,0.07066550305140368,0.008322492798789112,0.008322492798789112,-20.797465719535126,0.008257637043374049,6.485575541506304e-05,0.9907729522367992,0.9907729522367992,-0.040258580153940605,0.9830520289731011,0.007720923263697982,1.1721820843364945,1.1721820843364945,0.6899507932741221,1.1630474708977534,0.009134613438741272
60.0,140.0,0.0015602990713409989,-0.0044449260783164714,0.028202393636626442,-0.06523872482863188,0.07122961550601621,0.008455897661936329,0.008455897661936329,-20.728402817466673,0.008418912031561395,3.698563037493026e-05,1.006654483563849,1.006654483563849,0.02880432191451352,1.0022514323287375,0.004403051235110745,1.190971501681173,1.190971501681173,0.7590136953425762,1.1857622579663936,0.005209243714778909
60.0,145.0,0.0006491071294900674,-0.003523602833897156,0.028125995380300292,-0.06588997874819132,0.07173142987956102,0.00857546135750977,0.00857546135750977,-20.66742505730581,0.008554066666554967,2.1394690954801247e-05,1.020888256846401,1.020888256846401,0.0897820820753735,1.0183412698279724,0.00254698701842872,1.2078114588041926,1.2078114588041926,0.8199914555034366,1.2047981220499953,0.003013336754197359
60.0,150.0,4.7933187948828406e-05,-0.0027869673736154676,0.02799614344548479,-0.0664481262778367,0.0721589011722573,0.008677973918775388,0.008677973918775388,-20.615816594555913,0.008665025082618065,1.2948836157324189e-05,1.0330921331875462,1.0330921331875462,0.14139054482527005,1.0315506050735792,0.0015415281139671655,1.2222498477148434,1.2222498477148434,0.8715999182533335,1.220426067974375,0.0018237797404681954
60.0,155.0,-0.00031295445968757257,-0.00222510458625597,0.027839614193645737,-0.06691340785671178,0.07250860156121697,0.008762289069013031,0.008762289069013031,-20.573824234921943,0.008753874215736656,8.414853276372847e-06,1.04312965107298,1.04312965107298,0.18338290445924113,1.0421278828257925,0.0010017682471872436,1.2341252209877507,1.2341252209877507,0.913592277887304,1.2329400303854445,0.0011851906023060347
60.0,160.0,-0.0004969825980860223,-0.0018176293248797928,0.027677352428648893,-0.06728881579811394,0.07278304292235664,0.008828744231180102,0.008828744231180102,-20.54101064514523,0.008822826423822507,5.917807357591915e-06,1.0510409799023932,1.0510409799023932,0.21619649423595322,1.050336479026489,0.0007045008759037994,1.2434851029831129,1.2434851029831129,0.9464058676640162,1.2426516089890853,0.0008334939940270301
60.0,165.0,-0.0005578338047714394,-0.0015360918065718675,0.02752499165606003,-0.06757962806916082,0.07298836929418444,0.008878627581284626,0.008878627581284626,-20.516541603406225,0.008874176425163227,4.451156121399197e-06,1.0569794739624556,1.0569794739624556,0.24066553597495835,1.0564495744241937,0.0005298995382618092,1.2505109269414965,1.2505109269414965,0.970874909403021,1.2498840035441163,0.0006269233973801685
60.0,170.0,-0.0005382891881043003,-0.0013461563272197223,0.02739385856371318,-0.06779244255985702,0.0731323502107486,0.008913691080425907,0.008913691080425907,-20.499424212248442,0.008910188009442844,3.5030709830606207e-06,1.0611537000507032,1.0611537000507032,0.25778292713274287,1.0607366677908148,0.00041703225988816916,1.2554494479473108,1.2554494479473108,0.9879923005608067,1.254956057668006,0.0004933902793043128
60.0,175.0,-0.00047130048846896316,-0.0012095330291520786,0.027292179635528574,-0.06793373333133079,0.0732225394799263,0.008935689963055138,0.008935689963055138,-20.48871908118746,0.008932881538720669,2.8084243344683775e-06,1.063772614649421,1.063772614649421,0.26848805819372074,1.0634382784191272,0.0003343362302938545,1.2585478821204419,1.2585478821204419,0.9986974316217846,1.2581523293972772,0.00039555272316456016
60.0,180.0,-0.0003828873935969871,-0.001085759093885448,0.027226064052816155,-0.06800818125004175,0.07326456685405783,0.008945950502031706,0.008945950502031706,-20.48373509109256,0.008943741428131936,2.2090738997709135e-06,1.0649941073847269,1.0649941073847269,0.2734720482886271,1.0647311223966591,0.0002629849880679659,1.25999302845517,1.25999302845517,1.003681421716691,1.2596818912861882,0.00031113716898181873
65.0,-180.0,-0.00044951780261456744,-0.0010777092457497522,0.021489815154954257,-0.06966965464900728,0.07291801188855389,0.008861518660280373,0.008861518660280373,-20.524918436591186,0.008859246174696,2.2724855843682138e-06,1.0549426976524254,1.0549426976524254,0.2322887027900004,1.0546721636542857,0.00027053399813907307,1.2481012197577988,1.2481012197577988,0.9624980762180629,1.2477811513656338,0.00032006839216453713
65.0,-175.0,5.487661155744883e-05,-0.0011229353056239149,0.021467160202544265,-0.06967068898100001,0.07291164423733737,0.008859971042762116,0.008859971042762116,-20.5256769752482,0.008857864433820055,2.1066089420562573e-06,1.0547584574716806,1.0547584574716806,0.23153016413298352,1.0545076706928636,0.0002507867788162211,1.2478832454594528,1.2478832454594528,0.9617395375610462,1.2475865399746553,0.0002967054847966559
65.0,-170.0,0.0005397854863405906,-0.001091600896264614,0.021492098508636332,-0.06959208563360472,0.07284539547581502,0.008843877716299374,0.008843877716299374,-20.533572710123153,0.008841406173046707,2.47154325266276e-06,1.052842585273735,1.052842585273735,0.2236344292580313,1.052548353934132,0.0002942313396027095,1.245616579760475,1.245616579760475,0.953843802686094,1.2452684750770011,0.0003481046834736281
65.0,-165.0,0.0009789525938995582,-0.0009388372759920157,0.02156345953222855,-0.06942613799281118,0.07271046133265018,0.008811144396098284,0.008811144396098284,-20.549676815273884,0.008808078195648694,3.0662004495864558e-06,1.0489457614402722,1.0489457614402722,0.20753032410730332,1.0485807375772256,0.00036502386304600664,1.2410062529715893,1.2410062529715893,0.9377396975353658,1.2405743937533371,0.0004318592182516135
65.0,-160.0,0.0013362698906934389,-0.0006248855338237368,0.02167453054345956,-0.0691621538827475,0.07249389562667578,0.00875873515735338,0.00875873515735338,-20.575586054578356,0.008755108410877649,3.626746475731975e-06,1.042706566351593,1.042706566351593,0.18162108480282854,1.0422748108187678,0.00043175553282523513,1.233624670049772,1.233624670049772,0.9118304582308917,1.2331138606869927,0.0005108093627791514
65.0,-155.0,0.001564320140147075,-0.00011683945470942357,0.021811711450631068,-0.06878916921386184,0.07218144710725849,0.00868339760451553,0.00868339760451553,-20.61310312590859,0.008679296452869868,4.101151645660161e-06,1.0337378100613728,1.0337378100613728,0.144104013472592,1.0332495777226034,0.00048823233876906685,1.2230137471148634,1.2230137471148634,0.8743133869006553,1.2224361201225167,0.0005776269923465016
65.0,-150.0,0.001604792303492935,0.0006097648480664207,0.02195432300548412,-0.06829890351698563,0.07176126874407202,0.008582597288047954,0.008582597288047954,-20.66381264928381,0.008577685451254233,4.911836793720936e-06,1.0217377723866614,1.0217377723866614,0.09339449009737662,1.0211530299112186,0.0005847424754429686,1.2088165194433738,1.2088165194433738,0.8236038635254392,1.2081247114442584,0.0006918079991156247
65.0,-145.0,0.0013905347101381379,0.0015693946504056642,0.022075746334310132,-0.06768808471962463,0.0712278876254007,0.008455487422337543,0.008455487422337543,-20.72861352143108,0.008448159951051429,7.327471286116087e-06,1.006605645516374,1.006605645516374,0.028593617950102485,1.0057333275061224,0.0008723180102519153,1.190913721455992,1.190913721455992,0.7588029913781664,1.1898816832466799,0.0010320382093121248
65.0,-140.0,0.0008489785558503961,0.0027648634831074024,0.02214547908012451,-0.06695951341563483,0.0705858620066039,0.008303744230000716,0.008303744230000716,-20.807260363272686,0.008289802500674372,1.3941729326344922e-05,0.9885409797619901,0.9885409797619901,-0.05005322389150048,0.9868812500802825,0.001659729681707729,1.1695414408451712,1.1695414408451712,0.6801561495365627,1.1675778169963904,0.0019636238487809746
65.0,-135.0,-9.323771812057074e-05,0.004185552395117018,0.02213129025370493,-0.06612174257222778,0.06985274791449542,0.008132152399199994,0.008132152399199994,-20.897944911368732,0.008102940517198225,2.9211882001774017e-05,0.9681133808571424,0.9681133808571424,-0.14073777198754994,0.9646357758569314,0.003477605000211192,1.1453735773521119,1.1453735773521119,0.5894716014405129,1.1412592277743976,0.00411434957771465
65.0,-130.0,-0.0015045245618705914,0.005805725003498181,0.02200065096933883,-0.0651878017188449,0.06906119151146774,0.007948893019587592,0.007948893019587592,-20.99693347942104,0.007888944370300934,5.994864928665816e-05,0.9462967880461419,0.9462967880461419,-0.2397263400398566,0.9391600440834447,0.007136743962697401,1.1195623971250128,1.1195623971250128,0.49048303338820654,1.1111189253944977,0.008443471730515234
65.0,-125.0,-0.0034416032828895257,0.0075834002625468,0.021721021905002278,-0.06417373937480715,0.06825997517317198,0.007765524069024668,0.007765524069024668,-21.098292298767763,0.007649939137602955,0.00011558493142171159,0.9244671510743653,0.9244671510743653,-0.34108515938657924,0.910707040190828,0.013760110883537097,1.0937357843696716,1.0937357843696716,0.38912421404148434,1.0774562165637964,0.016279567805874872
65.0,-120.0,-0.005942109986918315,0.009460380016752255,0.021259199305807303,-0.063097731710814,0.06751358947154194,0.007596628969189954,0.007596628969189954,-21.193790846748822,0.007388621434395704,0.00020800753479425227,0.9043605915702327,0.9043605915702327,-0.4365837073676385,0.8795977898090125,0.024762801761220515,1.0699477421394301,1.0699477421394301,0.2936256660604245,1.0406509062529161,0.029296835886514404
65.0,-115.0,-0.009017191212281681,0.011363953600580203,0.02058046645114711,-0.06198013164262233,0.06689948801432322,0.007459060098932373,0.007459060098932373,-21.27315893648506,0.007108319730732719,0.0003507403681996523,0.8879833451109967,0.8879833451109967,-0.5159517971038787,0.8462285393729428,0.041754805738053846,1.0505718449200523,1.0505718449200523,0.2142575763241841,1.0011717930609463,0.04940005185910595
65.0,-110.0,-0.012645033003180184,0.013210514551363486,0.01964851433303523,-0.06084430560824434,0.0665019412860123,0.007370673344960311,0.007370673344960311,-21.324928355272633,0.006813328884885372,0.0005573444600749365,0.8774611124952751,0.8774611124952751,-0.5677212158914497,0.8111105815339729,0.06635053096130197,1.038123006332438,1.038123006332438,0.16248815753661328,0.9596237866035734,0.0784992197288643
65.0,-105.0,-0.0167664079251039,0.014910913831509307,0.018426884392599957,-0.05971768350076404,0.06640180402005168,0.007348492838028167,0.007348492838028167,-21.33801724758909,0.006509432962182581,0.0008390598758455873,0.874820575955734,0.874820575955734,-0.5808101082079079,0.7749324954979263,0.09988808045780802,1.0349989912715727,1.0349989912715727,0.1493992652201559,0.9168215439693775,0.11817744730219538
65.0,-100.0,-0.021283232099474823,0.01637697962592193,0.016882135277162546,-0.05863231531571903,0.06666285563240067,0.007406386047364838,0.007406386047364838,-21.303936547128856,0.006204445313553032,0.0012019407338118078,0.8817126246862902,0.8817126246862902,-0.546729407747673,0.7386244420896466,0.1430881825966438,1.0431529644175828,1.0431529644175828,0.1834799656803907,0.8738655371201453,0.1692874272974377
65.0,-95.0,-0.026060777963953626,0.01752838242434038,0.014988271159859338,-0.057624414075973615,0.06731738043374202,0.007552538249809451,0.007552538249809451,-21.219070665658887,0.005908563082874374,0.0016439751669350766,0.8991116964058871,0.8991116964058871,-0.46186352627770016,0.703400367008854,0.19571132939703298,1.063737781663303,1.063737781663303,0.26834584715036314,0.8321919835034329,0.23154579815986995
65.0,-90.0,-0.03093364523943034,0.0182989798590334,0.01273145508974707,-0.05673274962871636,0.06835523316335848,0.007787213041677202,0.007787213041677202,-21.086179437629248,0.005634358641509479,0.002152854400167724,0.9270491716282384,0.9270491716282384,-0.328972298248065,0.6707569811320808,0.25629219049615765,1.09679056925031,1.09679056925031,0.4012370751799975,0.7935716396492223,0.30321892960108787
65.0,-85.0,-0.03571497702677391,0.01864192735225232,0.010113860268595258,-0.0559961553581708,0.06972044623966998,0.008101376845331945,0.008101376845331945,-20.91441165625637,0.005396305508645977,0.002705071336685967,0.9644496244442793,0.9644496244442793,-0.15720451687518627,0.6424173224578544,0.32203230198642463,1.141038992300274,1.141038992300274,0.5730048565528769,0.7600430293867573,0.38099596291351645
65.0,-80.0,-0.04020788061900769,0.01853312020292183,0.007155735017673841,-0.055450657679829034,0.07131711007252796,0.008476683945500591,0.008476683945500591,-20.717740092791583,0.005209843895412126,0.0032668400500884686,1.009129041131023,1.009129041131023,0.03946704658959886,0.6202195113585864,0.3889095297724368,1.1938991472536045,1.1938991472536045,0.7696764200176619,0.7337808303397361,0.46011831691386884
65.0,-75.0,-0.044217716421789316,0.01797284642006272,0.0038952686015403695,-0.05512675919859802,0.07302302617130636,0.00888706121424762,0.00888706121424762,-20.5124182839273,0.005090101243856537,0.0037969599703910864,1.0579834778866215,1.0579834778866215,0.2447888554538854,0.6059644337924449,0.452019044094177,1.2516987625700873,1.2516987625700873,0.9749982288819486,0.7169156681488079,0.5347830944212798
65.0,-70.0,-0.04756392022822286,0.016985784151152327,0.0003864359961971728,-0.05504722447906482,0.07470735992078689,0.009301763569433656,0.009301763569433656,-20.314347035038466,0.005050458108495148,0.004251305460938509,1.107352805884959,1.107352805884959,0.4428601043427153,0.601245012916089,0.5061077929688702,1.3101075449906558,1.3101075449906558,1.173069477770779,0.7113321279570629,0.5987754170335928
65.0,-65.0,-0.0500902821185668,0.015619602879660466,-0.0033045513091377572,-0.055225438797867954,0.07624813116796826,0.009689400904172049,0.009689400904172049,-20.137030745545633,0.005101161737537035,0.004588239166635016,1.1535001076395297,1.1535001076395297,0.6201763938355493,0.6072811592305994,0.5462189484089305,1.3647043527002887,1.3647043527002887,1.3503857672636133,0.7184734841601458,0.646230868540143
65.0,-60.0,-0.05167298705252708,0.013942400168440155,-0.007103393470756529,-0.05566418032143894,0.07754642018201491,0.01002217602502153,0.01002217602502153,-19.990379737723302,0.005248141641300778,0.004774034383720752,1.1931161934549444,1.1931161934549444,0.7668274016578824,0.6247787668215211,0.568337426633423,1.4115740880312015,1.4115740880312015,1.4970367750859457,0.7391748790564474,0.6723992089747539
65.0,-55.0,-0.05222607336322191,0.012039067256748682,-0.010931769728774536,-0.056354587319490675,0.07853562873439167,0.010279499458815542,0.010279499458815542,-19.880280319912103,0.005492109113139813,0.004787390345675727,1.2237499355732788,1.2237499355732788,0.8769268194690805,0.6538225134690254,0.5699274221042533,1.4478168251852874,1.4478168251852874,1.6071361928971437,0.7735364948084245,0.6742803303768629
65.0,-50.0,-0.05170419273582515,0.010006529366584744,-0.01471092314605607,-0.057275250456012575,0.07918535060878253,0.010450286719105091,0.010450286719105091,-19.808717938766613,0.005827971989273195,0.004622314729831893,1.2440817522744159,1.2440817522744159,0.9484892006145718,0.6938061891991899,0.5502755630752253,1.4718713688880412,1.4718713688880412,1.678698574042635,0.8208411252497457,0.6510302436382948
65.0,-45.0,-0.05010267212225743,0.007947771403277779,-0.018364633700773028,-0.0583916344796289,0.07950023630301577,0.010533564459156198,0.010533564459156198,-19.774246427751578,0.006244590796708213,0.004288973662447983,1.2539957689471666,1.2539957689471666,0.9829607116296067,0.7434036662747873,0.510592102672379,1.4836006280501686,1.4836006280501686,1.7131700850576694,0.8795198305222833,0.604080797527885
65.0,-40.0,-0.04745497770751283,0.005964712100988375,-0.021821600669407897,-0.059656266717910834,0.07951481065915857,0.010537426938037178,0.010537426938037178,-19.772654235669442,0.006724928924256186,0.0038124980137809903,1.2544555878615689,1.2544555878615689,0.9845529037117401,0.8005867766971652,0.4538688111644037,1.484144639160166,1.484144639160166,1.7147622771398041,0.9471730879234065,0.5369715512367592
65.0,-35.0,-0.04382785652925071,0.004150307479384408,-0.025017266212049697,-0.06101016015011788,0.0792856185596708,0.010476768694136749,0.010476768694136749,-19.797726443271376,0.007246668025512242,0.003230100668624504,1.247234368349613,1.247234368349613,0.9594806961098057,0.8626985744657432,0.38453579388386955,1.4756012245263026,1.4756012245263026,1.6896900695378692,1.0206574683820058,0.45494375614429633
65.0,-30.0,-0.039314700395232174,0.002580627875947226,-0.027895054929887347,-0.06238571036267649,0.07888229366846643,0.010370449438936356,0.010370449438936356,-19.84202421564637,0.007783334876676738,0.002587114562259617,1.2345773141590903,1.2345773141590903,0.9151829237348172,0.9265874853186595,0.3079898288404307,1.460626681540332,1.460626681540332,1.64539229716288,1.0962443488277096,0.3643823327126221
65.0,-25.0,-0.034027965888625764,0.0013079010372360764,-0.03040697153453106,-0.06371090925481657,0.07837905934379369,0.010238553694980187,0.010238553694980187,-19.89761387759764,0.008305910780228633,0.0019326429147515593,1.218875439878594,1.218875439878594,0.8595932617835473,0.9887989024081708,0.23007653747042373,1.4420498161943924,1.4420498161943924,1.58980263521161,1.1698465887645964,0.272203227429797
65.0,-20.0,-0.028091676082525024,0.0003555275687165912,-0.03251354413031577,-0.06491434265710516,0.07784774305974246,0.010100213880603802,0.010100213880603802,-19.95669429565622,0.008784797095668876,0.0013154167849349248,1.2024064143575954,1.2024064143575954,0.8005128437249636,1.0458091780558185,0.15659723630177677,1.4225653352963101,1.4225653352963101,1.5307222171530275,1.2372953655871657,0.18526996970914433
65.0,-15.0,-0.021635029366259533,-0.00028416408222367703,-0.03418321821564048,-0.0659302601625043,0.07735274305141439,0.009972176493852737,0.009972176493852737,-20.012100436833038,0.009191936134101207,0.0007802403597515268,1.1871638683158021,1.1871638683158021,0.7451067025481477,1.0942781112025248,0.092885757113277,1.4045319005426389,1.4045319005426389,1.4753160759762107,1.2946388921269307,0.109893008415708
65.0,-10.0,-0.01478791606085312,-0.0006490633288644814,-0.03539144888985004,-0.06670308646140817,0.07694777542352135,0.009868034422429825,0.009868034422429825,-20.05769344240545,0.00950287011765718,0.00036516430477264784,1.1747660026702174,1.1747660026702174,0.6995136969757326,1.1312940616258547,0.04347194104436285,1.3898640031591303,1.3898640031591303,1.4297230704037958,1.3384324109376307,0.0514315922214997
65.0,-5.0,-0.00767872667125809,-0.0008034036759037911,-0.03611984443237383,-0.06719100536229136,0.07667387210890486,0.00979790694380973,0.00979790694380973,-20.088666895971667,0.00969856211635329,9.934482745644083e-05,1.1664174933106823,1.1664174933106823,0.6685402434095147,1.1545907281372965,0.011826765173385812,1.3799868934943282,1.3799868934943282,1.398749616837578,1.3659946642751113,0.013992229219217016
65.0,0.0,-0.00043431068179591913,-0.0008313061295028861,-0.03635572808512769,-0.06736852473652542,0.07655806153126431,0.009768331176008279,0.009768331176008279,-20.101796249154663,0.009766865051133401,1.4661248748779885e-06,1.1628965685724142,1.1628965685724142,0.6554108902265181,1.1627220298968337,0.00017453867558071292,1.3758212923955322,1.3758212923955322,1.3856202636545814,1.3756147959342817,0.0002064964612504209
65.0,5.0,0.006818565425296989,-0.0008284061727474533,-0.036092373700662365,-0.06722807111545068,0.07661234937331225,0.009782189667970776,0.009782189667970776,-20.095639208487643,0.009703559701678048,7.86299662927296e-05,1.16454638904414,1.16454638904414,0.66156793089354,1.1551856787711963,0.009360710272944,1.3777731926719405,1.3777731926719405,1.3917773043216042,1.3666985495321196,0.011074643139821068
65.0,10.0,0.013951266902016077,-0.0008923605651245414,-0.03532994418320097,-0.06678061564030846,0.07683286885725525,0.009838584439923916,0.009838584439923916,-20.070673826818485,0.009512868520913433,0.00032571591901048644,1.1712600523718946,1.1712600523718946,0.6865333125626966,1.1324843477277895,0.038775704644105534,1.3857161182991429,1.3857161182991429,1.4167426859907604,1.3398406367483706,0.04587548155077274
65.0,15.0,0.020831936238199424,-0.0011131150463356563,-0.03407688413733547,-0.06605517541587155,0.0771992799465755,0.009932647369609087,0.009932647369609087,-20.029349826447888,0.00920731680350882,0.0007253305661002659,1.182458020191558,1.182458020191558,0.7278573129332957,1.0961091432748598,0.08634887691669833,1.398964418254801,1.398964418254801,1.4580666863613592,1.2968051835927916,0.10215923466200927
65.0,20.0,0.027325606581508965,-0.0015638796426928072,-0.0323512970988415,-0.06509692588501352,0.07767464630264298,0.010055347568855144,0.010055347568855144,-19.97602913169969,0.008806819492071837,0.0012485280767833078,1.1970651867684696,1.1970651867684696,0.7811780076814929,1.0484308919133138,0.1486342948551557,1.4162461364584709,1.4162461364584709,1.511387381109556,1.2403971115594135,0.17584902489905743
65.0,25.0,0.03329621411277299,-0.002293771714071349,-0.030181776937757594,-0.06396374934975517,0.07820613884420302,0.010193426773630955,0.010193426773630955,-19.91679792568837,0.008336971738496608,0.0018564550351343417,1.2135031873370183,1.2135031873370183,0.8404092136928122,0.9924966355353104,0.22100655180170736,1.4356939117790075,1.4356939117790075,1.5706185871208755,1.1742213716192405,0.2614725401597664
65.0,30.0,0.03861044629861745,-0.0033229753824605872,-0.027607306423847552,-0.06272137390158372,0.07872701468272085,0.010329661377291416,0.010329661377291416,-19.859139151100234,0.007826705796705968,0.002502955580585445,1.2297215925346925,1.2297215925346925,0.8980679882809507,0.931750690084044,0.2979709024506482,1.4548818841255515,1.4548818841255515,1.628277361709014,1.1023529291135168,0.3525289550120345
65.0,35.0,0.04314298650355725,-0.00464097453907115,-0.024676137598314905,-0.06143771559851553,0.07916034735809008,0.010443688279254461,0.010443688279254461,-19.81146099374949,0.007305668992948657,0.003138019286305805,1.2432962237207694,1.2432962237207694,0.945746145631696,0.8697224991605544,0.3735737245602149,1.4709420111626001,1.4709420111626001,1.6759555190597588,1.0289674637955855,0.44197454736701475
65.0,40.0,0.046782549151998656,-0.006207965627212129,-0.02144390987753344,-0.06017740226772747,0.07942484974436832,0.010513596904040605,0.010513596904040605,-19.782486780410846,0.006801774780560841,0.0037118221234797638,1.251618679052453,1.251618679052453,0.9747203589703384,0.8097350929239098,0.4418835861285433,1.4807882963437469,1.4807882963437469,1.704929732398401,0.9579964479663157,0.5227918483774314
65.0,45.0,0.04943812424133675,-0.00795905705281488,-0.017971504023312768,-0.05899750944753822,0.07944278315582931,0.010518345189889679,0.010518345189889679,-19.780525806603883,0.00633931911450512,0.004179026075384563,1.2521839511773427,1.2521839511773427,0.9766813327773011,0.7546808469648953,0.497503104212448,1.4814570689985462,1.4814570689985462,1.7068907062053644,0.8928618471133972,0.5885952218851497
65.0,50.0,0.05104496759029426,-0.009810472507928769,-0.014323171469059677,-0.05794519107288686,0.0791494314352824,0.010440808184898528,0.010440808184898528,-19.81265882880021,0.005937857458466615,0.004502950726431916,1.242953355345063,1.242953355345063,0.9445483105809737,0.706887792674597,0.5360655626704662,1.4705363640702152,1.4705363640702152,1.674757684009037,0.8363179518967063,0.6342184121735092
65.0,55.0,0.051569973518222956,-0.011666819935457207,-0.010565291721734347,-0.05705725639342612,0.07850307479574996,0.010270979279011437,0.010270979279011437,-19.88388146938698,0.0056117942850613615,0.004659184993950077,1.2227356284537425,1.2227356284537425,0.8733256699942026,0.6680707482215907,0.554664880232152,1.4466167998607657,1.4466167998607657,1.6035350434222662,0.790393561276248,0.6562232385845178
65.0,60.0,0.05101608146412454,-0.013428588227003622,-0.006765755798456438,-0.05636110645412915,0.07749398248885288,0.010008626409133253,0.010008626409133253,-19.996255213085867,0.005370456430675096,0.0046381699784581575,1.191503143944435,1.191503143944435,0.7609519262953168,0.6393400512708449,0.5521630926735902,1.4096656914272185,1.4096656914272185,1.4911612997233794,0.756402314179591,0.6532633772476278
65.0,65.0,0.049425292189859596,-0.01499929752883783,-0.002993587738528312,-0.05587609107413024,0.07615075545051644,0.009664668235312434,0.009664668235312434,-20.148130496588212,0.005218375595253035,0.004446292640059398,1.1505557422990995,1.1505557422990995,0.6090766427929736,0.6212351899110756,0.5293205523880236,1.361220878213019,1.361220878213019,1.3392860162210372,0.7349824782046528,0.6262384000083658
65.0,70.0,0.04687975592703027,-0.016292002545431727,0.0006818268809185913,-0.055614430275357625,0.07454240810080152,0.009260732834634675,0.009260732834634675,-20.33354644695507,0.0051555947767712345,0.00410513805786344,1.102468194599366,1.102468194599366,0.42366069242611437,0.6137612829489565,0.4887069116504095,1.3043285682584047,1.3043285682584047,1.1538700658541778,0.7261401094043991,0.5781884588540056
65.0,75.0,0.04350033785932633,-0.017235002675572302,0.004192496330333154,-0.05558129001634434,0.07277486885225806,0.008826761276939626,0.008826761276939626,-20.54198618910542,0.00517797272058828,0.003648788556351345,1.0508049139213842,1.0508049139213842,0.21522095027576443,0.6164253238795573,0.43437959004182675,1.2432058136534685,1.2432058136534685,0.9454303237038276,0.7292919324772226,0.5139138811762457
65.0,80.0,0.03944216794734458,-0.017776610355271383,0.007474801366798158,-0.05577416623363918,0.07098114371183646,0.008397006778527984,0.008397006778527984,-20.75875496227524,0.005277592788912832,0.003119413989615154,0.9996436641104743,0.9996436641104743,-0.001547822894055557,0.6282848558229563,0.3713588082875183,1.1826770110602793,1.1826770110602793,0.7286615505340076,0.743322928015892,0.43935408304438783
65.0,85.0,0.03488700444773703,-0.017888730200142405,0.01047339668872599,-0.05618214020096101,0.0693053725426086,0.00800520251013058,0.00800520251013058,-20.96627677121347,0.005443413284380767,0.002561789225749812,0.9530002988250691,0.9530002988250691,-0.20906963183228458,0.6480253909977103,0.3049749078273586,1.127493311285997,1.127493311285997,0.5211397415957785,0.7666779273775727,0.3608153839084242
65.0,90.0,0.03003275672330359,-0.0175689150423096,0.01314524051831692,-0.0567856628747628,0.06788256115215192,0.007679889249726083,0.007679889249726083,-21.14645042804378,0.005662214697368959,0.002017674552357123,0.9142725297292957,0.9142725297292957,-0.3892432886625991,0.6740731782582096,0.2401993514710861,1.0816745422149414,1.0816745422149414,0.3409660847654645,0.7974950277984449,0.2841795144164962
65.0,95.0,0.02508109253621233,-0.016840577279150087,0.015462742128190743,-0.05755731918723673,0.06681771944663666,0.007440837420693614,0.007440837420693614,-21.28378184518622,0.005919762845990829,0.0015210745747027848,0.8858139786540017,0.8858139786540017,-0.5265747058050331,0.7047336721417655,0.1810803065122363,1.0480052705202274,1.0480052705202274,0.20363466762303092,0.8337694149282858,0.2142358555919415
65.0,100.0,0.020224506651265097,-0.015751166894465433,0.017415191861358648,-0.05846365521821391,0.06616961399967883,0.0072971911128989035,0.0072971911128989035,-21.368442794578257,0.006202000368226738,0.0010951907446721653,0.86871322772606,0.86871322772606,-0.6112356551970722,0.7383333771698499,0.13037985055621015,1.027773396182944,1.027773396182944,0.11897371823099093,0.8735211786234842,0.1542522175594599
65.0,105.0,0.015634385947371904,-0.0143683445665028,0.01900813362904548,-0.05946779133963565,0.06594399669725233,0.007247513755820322,0.007247513755820322,-21.398109516789063,0.006496059210186769,0.0007514545456335501,0.8627992566452765,0.8627992566452765,-0.6409023774078788,0.7733403821650916,0.08945887448018452,1.0207765853268058,1.0207765853268058,0.08930699602018433,0.914937916927714,0.10583866839909155
65.0,110.0,0.01145141476083377,-0.01277442306447174,0.02026094190576629,-0.060532312933487736,0.06609831662486777,0.007281474222799227,0.007281474222799227,-21.37780683597738,0.00679095113798748,0.0004905230848117472,0.8668421693808603,0.8668421693808603,-0.6205996965961964,0.8084465640461286,0.058395605334731815,1.025559749690032,1.025559749690032,0.10960967683186723,0.9564719912658423,0.06908775842418974
65.0,115.0,0.007779203505185439,-0.011059579461827403,0.021203323750018772,-0.06162187449843066,0.06655574099802371,0.007382603838868325,0.007382603838868325,-21.31790435818303,0.00707789384248052,0.00030470999638780246,0.8788814093890863,0.8788814093890863,-0.5606972188018461,0.8426064098191096,0.036274999569976485,1.039803357587088,1.039803357587088,0.16951215462621738,0.9968864566873973,0.04291690089969049
65.0,120.0,0.004681467444735307,-0.009314527961446729,0.021871614563490637,-0.06270506488161673,0.06722327910777895,0.00753143798948113,0.00753143798948113,-21.231220953433283,0.007350314642281955,0.00018112334719917313,0.8965997606525156,0.8965997606525156,-0.4740138140520978,0.8750374574145185,0.021562303237996804,1.0607659140114267,1.0607659140114267,0.25619555937596533,1.0352555834199935,0.025510330591432834
65.0,125.0,0.0021826065037382,-0.007623459975534408,0.0223055596608376,-0.06375531884743757,0.06800852583515062,0.007708417707112644,0.007708417707112644,-21.130347596394596,0.007603618654168832,0.0001047990529438116,0.9176687746562673,0.9176687746562673,-0.37314045701341303,0.905192696924861,0.012476077731406144,1.0856926348045979,1.0856926348045979,0.3570689164146506,1.0709322048125116,0.014760429992086141
65.0,130.0,0.0002712349651375006,-0.00605806292665822,0.02254589927549627,-0.06475095287513942,0.06883151289350695,0.007896109253500955,0.007896109253500955,-21.0258685123706,0.007834821206009056,6.128804749189658e-05,0.9400130063691613,0.9400130063691613,-0.2686613729894161,0.9327168102391733,0.007296196129987688,1.1121280638733737,1.1121280638733737,0.46154800043864674,1.1034959445083177,0.008632119365055854
65.0,135.0,-0.0010939335893638592,-0.0046732827177207075,0.02263269445880877,-0.06567465577388089,0.06963070825103838,0.008080535515805643,0.008080535515805643,-20.925598565703808,0.008042142650210634,3.839286559501017e-05,0.961968513786386,0.961968513786386,-0.16839142632262777,0.957397934548885,0.004570579237501211,1.1381035937754427,1.1381035937754427,0.5618179471054361,1.1326961479169906,0.005407445858452137
65.0,140.0,-0.0019765096415155824,-0.0035051946253740465,0.022604106497681294,-0.06651288062395364,0.07036406681808251,0.008251642097420181,0.008251642097420181,-20.834596171611143,0.008224654433683832,2.6987663736349744e-05,0.9823383449309739,0.9823383449309739,-0.07738903222995995,0.9791255278195038,0.0032128171114702083,1.1622031123127015,1.1622031123127015,0.6528203411981035,1.1584020329132156,0.0038010793994858794
65.0,145.0,-0.0024538947919924723,-0.0025709530582143088,0.022495336940026152,-0.06725550963226315,0.07100686698635883,0.008403093962749564,0.008403093962749564,-20.755607801821668,0.008382042126582237,2.1051836167326743e-05,1.0003683288987577,1.0003683288987577,0.001599337559516728,0.9978621579264567,0.002506170972300803,1.1835343609506428,1.1835343609506428,0.7318087109875799,1.1805693136031317,0.002965047347510809
65.0,150.0,-0.0026086193567758592,-0.0018704138223353806,0.02233760483491521,-0.06789592433744088,0.0715480850492286,0.008531679791705911,0.008531679791705911,-20.689654527191884,0.008514507958233209,1.7171833472708004e-05,1.0156761656792752,1.0156761656792752,0.06755261218930066,1.0136318997896678,0.0020442658896080964,1.2016450410853396,1.2016450410853396,0.7977619856173643,1.1992264729905928,0.0024185680947476063
65.0,155.0,-0.0025204428642063847,-0.0013887822091899426,0.022157265490563495,-0.0684313163169636,0.07198660163633185,0.008636581221883726,0.008636581221883726,-20.636581383430194,0.008622779299950686,1.3801921933041726e-05,1.028164431176634,1.028164431176634,0.12062575595098896,1.0265213452322246,0.0016430859444097293,1.2164198904061585,1.2164198904061585,0.8508351293790524,1.214475957739533,0.001943932666625595
65.0,160.0,-0.0022600823521834617,-0.001099607513849583,0.02197532766285334,-0.0688628562188263,0.07232789988260185,0.008718669765084917,0.008718669765084917,-20.595497716904617,0.008708141498249404,1.0528266835513817e-05,1.0379368767958235,1.0379368767958235,0.16170942247656583,1.0366835116963578,0.0012533650994659305,1.2279816570542137,1.2279816570542137,0.8919187959046295,1.2264988025703387,0.0014828544838751852
65.0,165.0,-0.0018852685749261814,-0.0009676090421346313,0.021807608738666766,-0.06919530453698143,0.07258135072952558,0.008779880610170739,0.008779880610170739,-20.565113896402046,0.008772396611723585,7.4839984471513434e-06,1.0452238821631832,1.0452238821631832,0.19209324297913913,1.0443329299670936,0.0008909521960894458,1.2366029028409489,1.2366029028409489,0.9223026164072019,1.2355488185526178,0.0010540842883311752
65.0,170.0,-0.0014395257151827944,-0.0009510941621008943,0.021665564959884125,-0.06943581707234797,0.07275786013844403,0.008822635833234713,0.008822635833234713,-20.544016465219546,0.008817674592800622,4.961240434094777e-06,1.0503137896707992,1.0503137896707992,0.21319067416163753,1.049723165809598,0.0005906238612017593,1.2426247652443259,1.2426247652443259,0.9434000475897013,1.241925998986003,0.0006987662583232081
65.0,175.0,-0.0009536623317786534,-0.001003995201192746,0.021557527060305448,-0.06959200681672378,0.07286763248481319,0.008849277958931069,0.008849277958931069,-20.53092163341105,0.00884608223720759,3.1957217234772123e-06,1.0534854713013178,1.0534854713013178,0.22628550597013397,1.0531050282389989,0.00038044306231871573,1.246377177314235,1.246377177314235,0.9564948793981971,1.2459270756630407,0.00045010165119397353
65.0,180.0,-0.0004495178026145653,-0.0010777092457497598,0.021489815154954257,-0.06966965464900728,0.07291801188855389,0.008861518660280373,0.008861518660280373,-20.524918436591186,0.008859246174696,2.272485584368238e-06,1.0549426976524254,1.0549426976524254,0.2322887027900004,1.0546721636542857,0.00027053399813907594,1.2481012197577988,1.2481012197577988,0.9624980762180629,1.2477811513656338,0.0003200683921645405
70.0,-180.0,-0.0005224749546744134,-0.001028130544286249,0.015964825985496804,-0.07088540328473805,0.07267011834365968,0.00880136948117757,0.00880136948117757,-20.554497469584327,0.008799152812576346,2.216668601223171e-06,1.0477820810925678,1.0477820810925678,0.20270966979685773,1.0475181919733745,0.00026388911919323466,1.239629504391207,1.239629504391207,0.9329190432249213,1.2393172975459643,0.0003122068452427001
70.0,-175.0,0.00035509516403808616,-0.0013067174495734874,0.01594587752521818,-0.07087732536114917,0.07266154322245022,0.00879929246908759,0.00879929246908759,-20.55552247068515,0.008796236535968366,3.0559331192226123e-06,1.0475348177485226,1.0475348177485226,0.2016846686960351,1.0471710161867103,0.00036380156181221575,1.2393369674771253,1.2393369674771253,0.9318940421240985,1.2389065543617417,0.0004304131153834665
70.0,-170.0,0.0012206138215026822,-0.0015002945747818396,0.015976744623353713,-0.07077353102492485,0.07258023039649451,0.008779609567699291,0.008779609567699291,-20.56524796891614,0.008773375078057614,6.2344896416773555e-06,1.0451916152022964,1.0451916152022964,0.19195917046504146,1.044449414054478,0.0007422011478187329,1.2365647278449703,1.2365647278449703,0.9221685438931048,1.23568663071234,0.0008780971326306134
70.0,-165.0,0.002052177197155005,-0.0015551233960899116,0.016055993017572125,-0.07056512519106686,0.07241451266864157,0.008739563512195786,0.008739563512195786,-20.585102571800704,0.008728514039135384,1.1049473060406669e-05,1.0404242276423556,1.0404242276423556,0.17210456758048068,1.0391088141827838,0.0013154134595722224,1.2309244383374347,1.2309244383374347,0.9023139410085439,1.2293681745261102,0.0015562638113248827
70.0,-160.0,0.002815865220225516,-0.0014228376255657686,0.016175890166365524,-0.07024018973442697,0.07214774591385253,0.008675291018752463,0.008675291018752463,-20.617159475781932,0.008658702136492826,1.6588882259631116e-05,1.0327727403276743,1.0327727403276743,0.1400476635992503,1.0307978733920033,0.0019748669356703715,1.221871974472178,1.221871974472178,0.8702570370273138,1.219535512182088,0.0023364622900888896
70.0,-155.0,0.0034637339834622588,-0.001062411601034147,0.016320998581169574,-0.06978736508888272,0.0717619501703636,0.008582760285032595,0.008582760285032595,-20.663730170732812,0.0085608838478913,2.1876437141298117e-05,1.0217571767895948,1.0217571767895948,0.09347696864837313,1.0191528390346787,0.002604337754916443,1.2088394767651542,1.2088394767651542,0.8236863420764363,1.2057582884353943,0.0030811883297602984
70.0,-150.0,0.003933984173283677,-0.00044199167937194377,0.016468320625662895,-0.06919964338441352,0.07124231759902201,0.008458913743788534,0.008458913743788534,-20.72685403552894,0.008432795045587596,2.6118698200932755e-05,1.0070135409272065,1.0070135409272065,0.0303531038522413,1.0039041720937616,0.003109368833444376,1.191396301942047,1.191396301942047,0.7605624772803046,1.187717612054591,0.0036786898874553173
70.0,-145.0,0.004153035421424058,0.00045924285761226387,0.016589206434191577,-0.06847717690512396,0.0705817549670291,0.008302777951116056,0.008302777951116056,-20.807765766611787,0.008273680957925068,2.9096993190984724e-05,0.9884259465614352,0.9884259465614352,-0.05055862723060362,0.9849620188006034,0.003463927760831515,1.1694053452276134,1.1694053452276134,0.6796507461974598,1.1653071771725447,0.004098168055068271
70.0,-140.0,0.00403920940659398,0.0016490051411499752,0.01665243006771792,-0.06762825018359388,0.06978479834921684,0.008116338920809244,0.008116338920809244,-20.90639826059094,0.00808461561720511,3.1723303604133236e-05,0.9662308239058625,0.9662308239058625,-0.14919112120975467,0.9624542401434656,0.0037765837623968137,1.1431463268745412,1.1431463268745412,0.581018252218308,1.1386782559443815,0.00446807093015961
70.0,-135.0,0.0035078472798987545,0.0031195976085505407,0.01662727681123216,-0.06666828169450599,0.06887062508815867,0.007905085430071526,0.007905085430071526,-21.020934322962034,0.007868358159035478,3.6727271036045416e-05,0.9410815988180389,0.9410815988180389,-0.26372718358084846,0.9367093046470809,0.0043722941709577875,1.1133923140945812,1.1133923140945812,0.4664821898472152,1.1082194590190815,0.005172855075499354
70.0,-130.0,0.002477788819394238,0.004845678205115974,0.01648546289690673,-0.06561750543913884,0.06787523511327054,0.007678231677287169,0.007678231677287169,-21.14738787940231,0.007628866115793328,4.936556149384443e-05,0.9140751996770439,0.9140751996770439,-0.3901807400211243,0.9081983471182533,0.005876852558791003,1.0814410813080517,1.0814410813080517,0.3400286334069387,1.0744881853230037,0.0069528959850485095
70.0,-125.0,0.0008790792063914086,0.006782706651322284,0.01620125487622826,-0.06449846376893112,0.06685290104315317,0.007448675145770884,0.007448675145770884,-21.279209659158056,0.00737071383285379,7.796131291709688e-05,0.8867470411632006,0.8867470411632006,-0.522002519776872,0.8774659324825941,0.00928110868060677,1.0491091754606878,1.0491091754606878,0.20820685365119107,1.0381287088526465,0.010980466608041813
70.0,-120.0,-0.0013384892655598805,0.008866824729903624,0.015750014858029297,-0.06333438930901629,0.06587655099865983,0.007232696223360967,0.007232696223360967,-21.406997750920937,0.00709867915684023,0.00013401706652073792,0.8610352646858296,0.8610352646858296,-0.6497906115397523,0.8450808520047893,0.015954412681040232,1.0186896089240798,1.0186896089240798,0.08041876188831022,0.9998139657521451,0.01887564317193492
70.0,-115.0,-0.004196765228361449,0.011016791857862404,0.015106168221904512,-0.06214900825527716,0.06503597532661776,0.00704929740274671,0.00704929740274671,-21.518541665994984,0.006817665291087007,0.00023163211165970227,0.8392020717555608,0.8392020717555608,-0.7613345266137974,0.8116268203675009,0.027575251388059795,0.992858789119255,0.992858789119255,-0.031125153185734236,0.9602345480404234,0.0326242410788313
70.0,-110.0,-0.007681657000768786,0.013138207079391999,0.014241922247654578,-0.06096755075096007,0.0644320955224768,0.006918995217103396,0.006918995217103396,-21.599569696113235,0.006532970412267345,0.0003860248048360507,0.8236899067980235,0.8236899067980235,-0.8423625567320487,0.7777345728889697,0.04595533390905366,0.9745063686061122,0.9745063686061122,-0.11215318330398547,0.9201366777841331,0.05436969082197898
70.0,-105.0,-0.011737837659542933,0.01512973581285934,0.013127816968817575,-0.059818176510185526,0.06416571949303762,0.006861904269850415,0.006861904269850415,-21.635553450623757,0.006250775769669739,0.0006111285001806767,0.8168933654583828,0.8168933654583828,-0.8783463112425716,0.7441399725797309,0.07275339287865198,0.9664653901197767,0.9664653901197767,-0.14813693781450804,0.880390953474611,0.08607443664516572
70.0,-100.0,-0.01626687222113705,0.016890605562846717,0.01173548020275551,-0.05873286296889801,0.06432087045626082,0.006895128184111591,0.006895128184111591,-21.614576556469622,0.0059786436287599986,0.0009164845553515892,0.8208485933466179,0.8208485933466179,-0.857369417088436,0.7117432891380951,0.10910530420852253,0.9711448146636042,0.9711448146636042,-0.12716004366037206,0.8420624829239436,0.12908233173966044
70.0,-95.0,-0.021129493903732095,0.018328381370966283,0.01004209148508475,-0.057747076145975414,0.0649457733891231,0.007029756853815834,0.007029756853815834,-21.530596961568843,0.005725812446385739,0.0013039444074300951,0.8368758159304566,0.8368758159304566,-0.7733898221876611,0.6816443388554452,0.15523147707501134,0.9901065991289907,0.9901065991289907,-0.04318044875959808,0.8064524572374281,0.18365414189156268
70.0,-90.0,-0.02615212839196188,0.01936603009856881,0.008035385164574504,-0.05689806995620107,0.06603737366591851,0.0072680533057353355,0.0072680533057353355,-21.385818961271,0.005503133316970833,0.0017649199887645013,0.8652444411589686,0.8652444411589686,-0.6286118218898146,0.655134918687004,0.21010952247196446,1.0236694796810333,1.0236694796810333,0.10159755153824926,0.7750891995733566,0.24858028010767622
70.0,-85.0,-0.031137061225899328,0.019947495756271874,0.0057177925708692635,-0.056222181592014905,0.06753551675659908,0.007601564286666639,0.007601564286666639,-21.19097027303217,0.005322586029443318,0.002278978257223321,0.9049481293650762,0.9049481293650762,-0.4337631336509846,0.6336411939813473,0.2713069353837287,1.0706428572769913,1.0706428572769913,0.29644623977707796,0.7496600041469461,0.3209828531300452
70.0,-80.0,-0.03587504618285462,0.020041348729291083,0.003108597892866989,-0.055751801345407,0.06932965694151581,0.008010813491871775,0.008010813491871775,-20.963233794098997,0.005196422133864195,0.0028143913580075787,0.9536682728418779,0.9536682728418779,-0.20602665471781326,0.6186216826028804,0.3350465902389975,1.1282835904044752,1.1282835904044752,0.5241827187102501,0.7318904413893232,0.39639314901515194
70.0,-75.0,-0.04015882407464029,0.019642438941422334,0.00024362432592090182,-0.055512703446880175,0.07127605597547367,0.008466927452557702,0.008466927452557702,-20.722741613915492,0.005136078326636593,0.0033308491259211124,1.0079675538759172,1.0079675538759172,0.03446552546569138,0.611437896028166,0.3965296578477515,1.1925249933179862,1.1925249933179862,0.764674898893754,0.7233913136107878,0.4691336797071989
70.0,-70.0,-0.043796038822457216,0.01877177994455532,-0.002827291811145322,-0.055522163585297435,0.07322005850177182,0.008935084442509858,0.008935084442509858,-20.489013387663082,0.0051510523595027025,0.003784032083007153,1.0637005288702213,1.0637005288702213,0.26819375171810184,0.613220518988417,0.4504800098818039,1.2584625975365997,1.2584625975365997,0.9984031251461654,0.7255003323243243,0.5329622652122751
70.0,-65.0,-0.04662035380152698,0.017475035899473294,-0.006044224059966899,-0.055787893043317646,0.07501770406355532,0.009379205572692164,0.009379205572692164,-20.27833945203794,0.0052479124551029896,0.004131293117589174,1.1165720919871625,1.1165720919871625,0.47886768734324187,0.624751482750356,0.4918206092368064,1.3210148693932624,1.3210148693932624,1.2090770607713048,0.7391425993102803,0.5818722700829821
70.0,-60.0,-0.04850003127937451,0.015819934533867208,-0.009341469191567975,-0.05630747909491412,0.07655271785793993,0.00976696758482076,0.00976696758482076,-20.102402536405783,0.005429530832974326,0.004337436751846432,1.1627342362881856,1.1627342362881856,0.6548046029754001,0.6463727182112293,0.5163615180769563,1.3756292372986985,1.3756292372986985,1.385013976403464,0.7647226525315951,0.6109065847671031
70.0,-55.0,-0.04934365451393025,0.01389272022431763,-0.012651426947161825,-0.05706791133939997,0.07774708370390662,0.010074111037174116,0.010074111037174116,-19.96793266644255,0.005694541022507314,0.004379570014666802,1.1992989329969186,1.1992989329969186,0.7892744729386346,0.6779215502984899,0.5213773826984288,1.4188888784752274,1.4188888784752274,1.5194838463666978,0.8020480313390583,0.6168408471361692
70.0,-50.0,-0.049102926990346955,0.011793515788323996,-0.01590762632074372,-0.05804496467261189,0.07856497281024141,0.010287182564421477,0.010287182564421477,-19.877035527660258,0.006036975272673586,0.0042502072917478895,1.2246645910025569,1.2246645910025569,0.8801716117209244,0.7186875324611413,0.5059770585414156,1.4488989527354195,1.4488989527354195,1.6103809851489883,0.8502782074188148,0.5986207453166043
70.0,-45.0,-0.047772586956923,0.00963035065900712,-0.0190468802052697,-0.059202607886308434,0.0790107343622757,0.010404248459441913,0.010404248459441913,-19.827892851501193,0.006446068846614097,0.003958179612827814,1.2386010070764182,1.2386010070764182,0.9293142878799898,0.7673891484064402,0.47121185866997783,1.4653871069636497,1.4653871069636497,1.6595236613080537,0.9078970206498728,0.5574900863137765
70.0,-40.0,-0.04538754416947809,0.007511763911037299,-0.022010776863131725,-0.06049298072523609,0.07912225210352551,0.010433638822811167,0.010433638822811167,-19.815642011554303,0.006906295652501607,0.003527343170309559,1.2420998598584723,1.2420998598584723,0.9415651278268784,0.822178053869239,0.4199218059892333,1.469526594762136,1.469526594762136,1.6717745012549416,0.9727176975354377,0.4968088972266985
70.0,-35.0,-0.04201750573838782,0.005538297681229168,-0.024746727467397762,-0.06185758652798916,0.07896141501451634,0.010391263626400471,0.010391263626400471,-19.833316369852593,0.007397761601127362,0.0029935020252731064,1.2370551936191037,1.2370551936191037,0.9238907695285925,0.8806859048961146,0.35636928872298895,1.4635582572395027,1.4635582572395027,1.6541001429566558,1.0419382536799102,0.42162000355959245
70.0,-30.0,-0.037759647278828516,0.0037937031015637633,-0.027208666789546098,-0.06323007926932066,0.07860367433341446,0.010297320102322781,0.010297320102322781,-19.87275786577273,0.007897071406933673,0.002400248695389107,1.225871440752712,1.225871440752712,0.8844492736084535,0.940127548444485,0.2857438923082271,1.4503267749750395,1.4503267749750395,1.6146586470365167,1.1122635784413624,0.3380631965336771
70.0,-25.0,-0.03273022562077454,0.0023370531995553904,-0.029357378554810583,-0.0645404998810829,0.07812849216102198,0.010173195807647705,0.010173195807647705,-19.92542596378834,0.008378688939863226,0.0017945068677844792,1.2110947390056794,1.2110947390056794,0.8317811755928457,0.9974629690313364,0.21363176997434277,1.4328444799503808,1.4328444799503808,1.561990549020908,1.1800970337835528,0.25274744616682804
70.0,-20.0,-0.027056277857664436,0.0011970107875431055,-0.031160381879710763,-0.06572031087264504,0.07761187838483971,0.010039102931868174,0.010039102931868174,-19.9830509288278,0.008816673387306422,0.0012224295445617543,1.195131301412878,1.195131301412878,0.7741562105533829,1.0496039746793362,0.14552732673354218,1.4139581594180526,1.4139581594180526,1.5043655839814463,1.2417849841276651,0.17217317529038792
70.0,-15.0,-0.020868585416400253,0.0003691976898181895,-0.032591392027481625,-0.06670735352666952,0.07712135899371084,0.009912606489699213,0.009912606489699213,-20.038121340864127,0.009186566654180398,0.000726039835518813,1.1800722011546683,1.1800722011546683,0.7190857985170591,1.0936388874024283,0.08643331375223964,1.396141759112565,1.396141759112565,1.4492951719451221,1.2938826273493516,0.10225913176321309
70.0,-10.0,-0.014296849960350638,-0.00018292267351383137,-0.033629517584550475,-0.06745000207360848,0.07671297551387665,0.009807903288338143,0.009807903288338143,-20.084238252021038,0.0094671890161023,0.0003407142722358466,1.1676075343259695,1.1676075343259695,0.6729688873601465,1.1270463114407498,0.040561222885219836,1.3813948293434004,1.3813948293434004,1.4031782607882097,1.33340690367638,0.04798792566702064
70.0,-5.0,-0.007467558006335169,-0.0005238012512741437,-0.03425850404447267,-0.06791019203979373,0.0764295628181637,0.009735567426477168,0.009735567426477168,-20.116387310462272,0.00964217164291586,9.33957835613102e-05,1.1589961221996632,1.1589961221996632,0.6408198289189146,1.1478775765376021,0.011118545662060742,1.371206679785517,1.371206679785517,1.3710292023469781,1.3580523440726562,0.013154335712860591
70.0,0.0,-0.0005043963145343561,-0.0007387736292058013,-0.03446639939629116,-0.06806540345525623,0.07629962016280809,0.009702491479738442,0.009702491479738442,-20.13116729964315,0.009701157840962225,1.3336387762215276e-06,1.155058509492672,1.155058509492672,0.6260398397380368,1.1548997429716936,0.00015876652097875332,1.3665480957378089,1.3665480957378089,1.3562492131661,1.366360259290454,0.00018783644735514474
70.0,5.0,0.0064695340075669044,-0.0009250462141582587,-0.034245937241559034,-0.06790985678162152,0.0763363835037169,0.00971184360847368,0.00971184360847368,-20.126983197329608,0.009640660984182831,7.118262429084647e-05,1.1561718581516287,1.1561718581516287,0.6302239420515764,1.147697736212242,0.008474121939386485,1.3678652969681242,1.3678652969681242,1.3604333154796406,1.3578395752370185,0.010025721731105138
70.0,10.0,0.013328895923221928,-0.001181582413300789,-0.03359569578858254,-0.06745505634705667,0.07653699109473194,0.009762955003349746,0.009762955003349746,-20.10418712311646,0.009464536027944625,0.0002984189754051242,1.162256548017827,1.162256548017827,0.6530200162647247,1.1267304795172173,0.03552606850061002,1.3750640849788374,1.3750640849788374,1.3832293896927874,1.3330332433724823,0.042030841606355514
70.0,15.0,0.019943994725126334,-0.0015988112241736361,-0.03252176373984707,-0.0667295080896147,0.07688180207018301,0.00985112039912576,0.00985112039912576,-20.065143730062992,0.009183937579137895,0.0006671828199878624,1.1727524284673525,1.1727524284673525,0.6920634093181904,1.093325902278321,0.07942652618903126,1.3874817463557407,1.3874817463557407,1.4222727827462534,1.2935123350898443,0.09396941126589613
70.0,20.0,0.02618040820280694,-0.0022491320108582184,-0.031039360894115558,-0.06577718406663406,0.07733403026429489,0.009967352239742362,0.009967352239742362,-20.0142019378347,0.00881659206982968,0.0011507601699126783,1.1865895523502812,1.1865895523502812,0.7430052015464851,1.0495942940273428,0.1369952583229379,1.403852428132727,1.403852428132727,1.4732145749745484,1.2417735309619267,0.16207889717079976
70.0,25.0,0.0319008892567522,-0.0031792208076760397,-0.029173765191855574,-0.0646543350189702,0.07784000123670533,0.010098205082986932,0.010098205082986932,-19.957558135271306,0.008385288470558002,0.0017129166124289306,1.2021672717841585,1.2021672717841585,0.7996490041098768,0.9982486274473811,0.2039186443367775,1.4222824060544974,1.4222824060544974,1.5298583775379406,1.181026545149014,0.2412558609054832
70.0,30.0,0.03696945963293321,-0.004405054896725728,-0.026960062853589088,-0.06342464834389717,0.07833055892058181,0.010225886522061984,0.010225886522061984,-19.902990310027683,0.00791569852434128,0.0023101879977207047,1.2173674431026174,1.2173674431026174,0.8542168293535025,0.9423450624215809,0.27502238068103624,1.4402657073326737,1.4402657073326737,1.584426202781565,1.1148871161044054,0.32537859122826823
70.0,35.0,0.04125715689467954,-0.005910274579070734,-0.02444162162684417,-0.062153378296868164,0.07872432687610376,0.010328956062645134,0.010328956062645134,-19.859435699753497,0.007433883700206925,0.0028950723624382125,1.2296376265053732,1.2296376265053732,0.8977714396276875,0.8849861547865387,0.34465147171883487,1.4547825440345261,1.4547825440345261,1.6279808130557514,1.0470258732685809,0.40775667076594546
70.0,40.0,0.04464870351877021,-0.007647999592734047,-0.02166764322869406,-0.06090162774131656,0.07893347609414762,0.01038391144496235,0.01038391144496235,-19.83639024234787,0.0069639943089827155,0.0034199171359796353,1.2361799339240893,1.2361799339240893,0.9208168970333122,0.8290469415455614,0.40713299237852807,1.4625227387270916,1.4625227387270916,1.6510262704613758,0.980844268870805,0.48167846985628665
70.0,45.0,0.047049413668303106,-0.009545641589487813,-0.018690494157408682,-0.059722103675832874,0.07887224378196124,0.010367807142524709,0.010367807142524709,-19.843130899569225,0.006526619970937872,0.00384118717158684,1.2342627550624656,1.2342627550624656,0.9140762398119586,0.7769785679687944,0.45728418709367147,1.4602545271161562,1.4602545271161562,1.6442856132400216,0.9192422494278693,0.5410122776882873
70.0,50.0,0.048391814991442864,-0.011511803026613974,-0.01556359445168739,-0.05865724378228596,0.07846774552311742,0.01026173672191371,0.01026173672191371,-19.887791319225794,0.006138018261168879,0.00412371846074483,1.2216353240373465,1.2216353240373465,0.869415820155391,0.7307164596629618,0.4909188643743845,1.4453150312554521,1.4453150312554521,1.5996251935834542,0.8645096142491379,0.5808054170063139
70.0,55.0,0.048641598146300064,-0.013444188703736024,-0.01234040569892743,-0.05773975647911897,0.07767185057155447,0.010054623740856538,0.010054623740856538,-19.97634176715892,0.005810138270209368,0.00424448547064717,1.1969790167686356,1.1969790167686356,0.7808653722222613,0.6916831274058772,0.5052958893627583,1.4161441888530335,1.4161441888530335,1.5110747456503246,0.8183293338323053,0.5978148550207281
70.0,60.0,0.047802528077264914,-0.015237607439339558,-0.00907456879604514,-0.05699472220737805,0.0764722990983236,0.009746457931253134,0.009746457931253134,-20.11153187419715,0.005551112818028143,0.004195345113224991,1.1602926108634684,1.1602926108634684,0.6456752651840314,0.6608467640509694,0.49944584681249893,1.3727405536976245,1.3727405536976245,1.3758846386120949,0.7818468757786117,0.5908936779190128
70.0,65.0,0.04591985304113598,-0.01679148381143531,-0.005820680801182594,-0.056441904681943836,0.07490097303122376,0.00935003932325082,0.00935003932325082,-20.291865626210726,0.005365821801290873,0.003984217521959948,1.1130999194346214,1.1130999194346214,0.4653415131704568,0.6387883096774848,0.4743116097571367,1.3169069469367352,1.3169069469367352,1.1955508865985205,0.7557495494775877,0.5611573974591475
70.0,70.0,0.04308160044104369,-0.01801663020616944,-0.0026348136447754294,-0.056097051431600334,0.07303728282740193,0.008890531685144148,0.008890531685144148,-20.5107226591173,0.005256245204728584,0.003634286480415565,1.0583966291838272,1.0583966291838272,0.24648448026388478,0.6257434767534028,0.4326531524304244,1.252187561287908,1.252187561287908,0.9766938536919483,0.7403162260181102,0.5118713352697979
70.0,75.0,0.03941707274208515,-0.018841185820422438,0.00042612914035583646,-0.055971623730455236,0.07100493050304633,0.008402635634420669,0.008402635634420669,-20.755844684681215,0.005221550733441583,0.003181084900979087,1.0003137660024608,1.0003137660024608,0.0013624546999692652,0.6216131825525695,0.3787005834498913,1.1834698076648829,1.1834698076648829,0.7315718281280317,0.73542968076642,0.44804012689846295
70.0,80.0,0.035091977327235645,-0.01921558051281338,0.003306696756361865,-0.056071225391294784,0.06896087272866802,0.00792581655410809,0.00792581655410809,-21.00955983788426,0.00525807039182484,0.002667746162283249,0.9435495897747725,0.9435495897747725,-0.25235269850307795,0.6259607609315286,0.3175888288432439,1.116312190719449,1.116312190719449,0.4778566749249853,0.7405732946232169,0.37573889609623223
70.0,85.0,0.03030000944437388,-0.019116228054887646,0.005956596907004987,-0.05639359469325913,0.06707636928543276,0.00749855553501763,0.00749855553501763,-21.250223877534545,0.005359404685847693,0.0021391508491699356,0.8926851827401941,0.8926851827401941,-0.49301673815336255,0.6380243673628205,0.2546608153773733,1.0561345823968493,1.0561345823968493,0.23719263527470075,0.7548457304010834,0.30128885199576555
70.0,90.0,0.02525131309236121,-0.01854754648453672,0.008334939146408123,-0.05692715816287496,0.06551192899434279,0.007152852886198963,0.007152852886198963,-21.455207070636394,0.005516824273743448,0.0016360286124555137,0.8515301054998764,0.8515301054998764,-0.6979999312552105,0.6567647944932677,0.1947653110066088,1.007444068478727,1.007444068478727,0.03220944217285276,0.7770175033441478,0.23042656513457935
70.0,95.0,0.020158905195680307,-0.017541942979168012,0.010413810268547414,-0.057650852295447204,0.06439075583399827,0.0069101195986316045,0.0069101195986316045,-21.6051443589986,0.005719978933646146,0.0011901406649854574,0.8226332855513815,0.8226332855513815,-0.8479372196174183,0.6809498730531127,0.14168341249826877,0.973256281497409,0.973256281497409,-0.11772784618935515,0.8056308357248094,0.16762544577259963
70.0,100.0,0.015224637290452238,-0.01615758564848916,0.012180145744515617,-0.058535411985742705,0.06377779834168285,0.006779186224034596,0.006779186224034596,-21.688224358707934,0.005957776984668657,0.0008214092393659412,0.8070459790517377,0.8070459790517377,-0.9310172193267499,0.7092591648415069,0.09778681421023111,0.9548149611316332,0.9548149611316332,-0.20080784589868672,0.8391235189674164,0.11569144216421706
70.0,105.0,0.010626404289164412,-0.014474039687099115,0.01363543887190488,-0.05954584005755189,0.06367142651432822,0.0067565917447686185,0.0067565917447686185,-21.702723217662637,0.006219240582641044,0.000537351162127573,0.8043561600915023,0.8043561600915023,-0.9455160782814536,0.7403857836477434,0.0639703764437587,0.9516326401082561,0.9516326401082561,-0.21530670485339073,0.8759493778367667,0.07568326227148915
70.0,110.0,0.006508045535162002,-0.012586091606438402,0.014793550089749113,-0.06064446140126967,0.06401065678089395,0.006828779422678832,0.006828779422678832,-21.65656915259418,0.006494180041181469,0.0003345993814973624,0.8129499312712896,0.8129499312712896,-0.899362013212993,0.7731166715692225,0.039833259702066956,0.9617999186871593,0.9617999186871593,-0.1691526397849301,0.9146732452368266,0.04712667345033273
70.0,115.0,0.002972831759047628,-0.010596290351844324,0.01567743236212042,-0.06179387317542033,0.0646945418515116,0.0069754752397509145,0.0069754752397509145,-21.56426198524555,0.006773614832252256,0.00020186040749865507,0.8304137190179661,0.8304137190179661,-0.8070548458643673,0.8063827181252686,0.024031000892697035,0.9824613013733682,0.9824613013733682,-0.07684547243630444,0.954030258063698,0.02843104330966973
70.0,120.0,8.080403395304873e-05,-0.008606904553578936,0.0163157648150525,-0.06295921201817702,0.06560603550540293,0.007173417492009446,0.007173417492009446,-21.442738925439578,0.007049944842102687,0.00012347264990675993,0.8539782728582673,0.8539782728582673,-0.6855317860583959,0.8392791478693676,0.014699124988899992,1.0103404918323162,1.0103404918323162,0.04467758736966754,0.9929499777609417,0.017390514071374638
70.0,125.0,-0.002150271417266806,-0.00671212908215293,0.016740261879747968,-0.06410942651720933,0.0666328093370781,0.007399711136428209,0.007399711136428209,-21.307852335533294,0.0073169191802926956,8.279195613551291e-05,0.8809179924319297,0.8809179924319297,-0.5506451961521095,0.8710618071777019,0.009856185254227729,1.042212836116649,1.042212836116649,0.17956417727595309,1.0305519972243231,0.011660838892325763
70.0,130.0,-0.003740850702026467,-0.0049914259011628066,0.01698395161140774,-0.06521759616311562,0.06768085222672307,0.007634316405980797,0.007634316405980797,-21.17229844580279,0.0075694707728490825,6.48456331317134e-05,0.9088471911881902,0.9088471911881902,-0.415091306421606,0.901127472958224,0.007719718229965882,1.0752558318282812,1.0752558318282812,0.31511806700645695,1.066122644063251,0.009133187765030056
70.0,135.0,-0.004743080785368246,-0.0035047804985113545,0.017080234661497082,-0.06626066269554197,0.06868034754297235,0.007861465022045086,0.007861465022045086,-21.044965135404723,0.0078034992182014545,5.796580384363234e-05,0.9358886931006055,0.9358886931006055,-0.2877579960235425,0.92898800216684,0.006900690933765756,1.1072485946542374,1.1072485946542374,0.44245137740452084,1.0990843969297823,0.00816419772445526
70.0,140.0,-0.005232445644919232,-0.0022903536605268964,0.01706225437886819,-0.06721910198513344,0.069585576116709,0.008070063882429632,0.008070063882429632,-20.93123027399755,0.008015691484531863,5.437239789776812e-05,0.9607218907654325,0.9607218907654325,-0.17402313461636496,0.9542489862537932,0.006472904511639063,1.1366287158351596,1.1366287158351596,0.5561862388116988,1.1289706316242059,0.0076580842109532565
70.0,145.0,-0.005298324492206324,-0.0013645529296379658,0.016962121098972074,-0.06807697654761972,0.07037131898127147,0.008253343117319489,0.008253343117319489,-20.83370099533697,0.008203453880793873,4.988923652561159e-05,0.9825408472999394,0.9825408472999394,-0.07649385595578345,0.9766016524754613,0.005939194824477571,1.1624426925802098,1.1624426925802098,0.6537155174722796,1.155416039548433,0.00702665303177628
70.0,150.0,-0.005034332103892756,-0.0007240726911561167,0.016809792111326487,-0.06882249588467752,0.0710279792167624,0.008408091632339623,0.008408091632339623,-20.753025639633282,0.008364978013066831,4.311361927279316e-05,1.000963289564241,1.000963289564241,0.00418149974790202,0.9958307158412895,0.005132573722951567,1.1842382580760031,1.1842382580760031,0.7343908731759643,1.1781659173333563,0.006072340742646923
70.0,155.0,-0.004529436706240645,-0.0003491233126124447,0.016631762101330456,-0.0694488201435753,0.07155691311042679,0.008533785308237717,0.008533785308237717,-20.688582872583467,0.008499389978621779,3.4395329615943133e-05,1.0159268224092521,1.0159268224092521,0.06862426679772075,1.0118321403121167,0.004094682097136088,1.2019415927095376,1.2019415927095376,0.798833640225784,1.1970971800875745,0.004844412621963822
70.0,160.0,-0.003860867858063392,-0.00020700344285014114,0.01644998177675809,-0.06995456819525511,0.0719666079712185,0.008631784414450687,0.008631784414450687,-20.63899415033168,0.008606869749679655,2.491466477103349e-05,1.027593382672701,1.027593382672701,0.11821298904950647,1.02462735115234,0.00296603152036113,1.2157442837254488,1.2157442837254488,0.8484223624775691,1.2122351760112189,0.003509107714230069
70.0,165.0,-0.0030896679922717335,-0.0002553693926439882,0.016281450555251764,-0.07034347519328397,0.07226964367063417,0.00870463058725649,0.00870463058725649,-20.602496550257197,0.008688612194920023,1.6018392336467677e-05,1.036265546101963,1.036265546101963,0.15471058912398553,1.034358594633336,0.0019069514686271046,1.2260043080642942,1.2260043080642942,0.884919962552049,1.2237481964676087,0.0022561115966855884
70.0,170.0,-0.0022593978524206916,-0.0004449133257416522,0.016138683185428923,-0.07062290286482441,0.07248002711462667,0.008755384281973061,0.008755384281973061,-20.577247875727878,0.008746546445979556,8.837835993499953e-06,1.0423076526158406,1.0423076526158406,0.1799592636533074,1.0412555292832806,0.0010521233325595184,1.2331527157708535,1.2331527157708535,0.9101686370813706,1.2319079501379657,0.0012447656328873173
70.0,175.0,-0.0013980232264431207,-0.000721514000180969,0.016030827952328665,-0.07080133282525368,0.0726105448682465,0.008786945030974774,0.008786945030974774,-20.561620904325846,0.00878282004249888,4.124988475894396e-06,1.0460648846398541,1.0460648846398541,0.1955862350553378,1.0455738145832,0.0004910700566540947,1.237597891686588,1.237597891686588,0.9257956084834014,1.2370169073942083,0.0005809842923794924
70.0,180.0,-0.0005224749546744122,-0.001028130544286255,0.015964825985496804,-0.07088540328473805,0.07267011834365968,0.00880136948117757,0.00880136948117757,-20.554497469584327,0.008799152812576346,2.216668601223189e-06,1.0477820810925678,1.0477820810925678,0.20270966979685773,1.0475181919733745,0.00026388911919323683,1.239629504391207,1.239629504391207,0.9329190432249213,1.2393172975459643,0.0003122068452427027
75.0,-180.0,-0.0005948175629115259,-0.0009387766099063643,0.010719927504549972,-0.07173518541360947,0.07254025628217886,0.008769941357266843,0.008769941357266843,-20.570033106591094,0.008767882890001709,2.058467265134871e-06,1.0440406377698623,1.0440406377698623,0.18717403279009073,1.0437955821430607,0.00024505562680177036,1.2352030080657523,1.2352030080657523,0.9173834062181535,1.2349130830988322,0.00028992496692040436
75.0,-175.0,0.0006124717941565615,-0.0014828330090277547,0.01070497575226125,-0.0717166010833804,0.07252889970377685,0.008767195606548128,0.008767195606548128,-20.57139303711798,0.008762905848558773,4.289757989354071e-06,1.043713762684301,1.043713762684301,0.18581410226320438,1.0432030772093779,0.0005106854749231038,1.2348162826124123,1.2348162826124123,0.9160234756912677,1.2342120913463062,0.0006041912661062072
75.0,-170.0,0.0018151384467694049,-0.001934092073305832,0.010739661844028706,-0.07158086015553242,0.0724306241644992,0.008743452873602764,0.008743452873602764,-20.583170264254033,0.008731727416962296,1.1725456640472092e-05,1.040887246857472,1.040887246857472,0.174036875127152,1.0394913591621784,0.0013958876952942967,1.2314722357186991,1.2314722357186991,0.9042462485552155,1.2298207629524363,0.0016514727662636749
75.0,-165.0,0.0029962851285700465,-0.0022296885818890192,0.010821618709736542,-0.07131801887366626,0.072230993924405,0.008695322618255471,0.008695322618255471,-20.607142999489238,0.008672074439721672,2.3248178533801975e-05,1.0351574545542228,1.0351574545542228,0.15006413989194606,1.03238981425258,0.0027676403016430925,1.224693326514855,1.224693326514855,0.8802735133200091,1.2214189351720663,0.00327439134278901
75.0,-160.0,0.004125097460518911,-0.002312297294553947,0.010941171668040296,-0.07091536026139737,0.07191008765333613,0.008618231472791442,0.008618231472791442,-20.64581845591581,0.008580960437801296,3.727103499014881e-05,1.0259799372370764,1.0259799372370764,0.11138868346537682,1.021542909262059,0.004437027975017716,1.2138354187030198,1.2138354187030198,0.8415980568934401,1.208585977155112,0.0052494415479082835
75.0,-155.0,0.005154209148445872,-0.0021323244178234313,0.011079996219159923,-0.07036184918846539,0.07144696506364503,0.008507580930443358,0.008507580930443358,-20.701939108800765,0.0084557276864442,5.185324399916175e-05,1.0128072536242094,1.0128072536242094,0.055268030580421124,1.0066342483862145,0.006173005237995447,1.1982508352737125,1.1982508352737125,0.7854774040084844,1.190947561471014,0.007303273802698837
75.0,-150.0,0.006019484975014291,-0.0016500171354190897,0.011211733518224595,-0.06965274809047725,0.07082488998191781,0.00836007811238454,0.00836007811238454,-20.7778966471181,0.008295151715472305,6.49263969122395e-05,0.9952473943314931,0.9952473943314931,-0.020689507736916905,0.9875180613657505,0.0077293329657427984,1.177475790476696,1.177475790476696,0.7095198656911462,1.1683312275313102,0.009144562945385844
75.0,-145.0,0.006641971435428174,-0.000837701305774904,0.011304801462993095,-0.06879287206263476,0.0700362428373372,0.008174932923936958,0.008174932923936958,-20.875158020785094,0.008100238803618195,7.469412031876048e-05,0.9732063004686856,0.9732063004686856,-0.11795088140390561,0.9643141432878806,0.008892157180804819,1.1513990033714026,1.1513990033714026,0.6122584920241576,1.1408787047349571,0.010520298636445137
75.0,-140.0,0.006931742996539338,0.000317646077197058,0.011326620548964678,-0.06779740461369448,0.06908639783208892,0.007954696536912043,0.007954696536912043,-20.99376383567167,0.00787444849414918,8.024804276286257e-05,0.9469876829657194,0.9469876829657194,-0.2365566962904837,0.9374343445415694,0.009553338424150307,1.1203797939312736,1.1203797939312736,0.49365267713757977,1.1090772526970676,0.011302541234205994
75.0,-135.0,0.006793493505725649,0.0018115146509157221,0.011247749575843492,-0.06669012938356782,0.06799645848910606,0.007705682406204479,0.007705682406204479,-21.131888946320313,0.007623295781587353,8.238662461712488e-05,0.9173431435957715,0.9173431435957715,-0.37468180693912645,0.9075352120937326,0.009807931502038677,1.0853073811555602,1.0853073811555602,0.3555275664889356,1.0737036312094863,0.011603749946073924
75.0,-130.0,0.006133799528216896,0.0036190805547133696,0.011044384303047956,-0.06549995929200172,0.06680527174258895,0.007438065320254634,0.007438065320254634,-21.28540012034914,0.007353531910595422,8.453340965921304e-05,0.8854839666969804,0.8854839666969804,-0.5281929809679546,0.8754204655470741,0.010063501149906316,1.0476148338386808,1.0476148338386808,0.20201639246010833,1.035708719802172,0.01190611403650888
75.0,-125.0,0.004869871080021197,0.005693296121984701,0.010698359707007374,-0.06425727013759018,0.06557118979418011,0.0071657993986318225,0.0071657993986318225,-21.447353537594537,0.007072252827389908,9.354657124191572e-05,0.853071356979979,0.853071356979979,-0.6901463982133513,0.8419348604035605,0.01113649657641854,1.0092675209340596,1.0092675209340596,0.04006297521471185,0.9960919475197052,0.013175573414354326
75.0,-120.0,0.0029392870377975546,0.007964739384859375,0.010194896828718299,-0.06299146323048258,0.06437341720791856,0.006906398696544626,0.006906398696544626,-21.607483540619647,0.006786274056973484,0.00012012463957114025,0.8221903210172176,0.8221903210172176,-0.8502764012384605,0.8078897686873195,0.014300552329897648,0.9727322107809333,0.9727322107809333,-0.12006702781039735,0.9558132474610539,0.016918963319878907
75.0,-115.0,0.00030979469039821696,0.010343897883452656,0.009519336209133469,-0.0617304550525153,0.06331160272040684,0.006680441013239413,0.006680441013239413,-21.75194866372626,0.00650195822450973,0.00017848278872968152,0.7952905968142159,0.7952905968142159,-0.994741524345075,0.774042645774968,0.0212479510392478,0.9409071849632975,0.9409071849632975,-0.264532150917012,0.9157687640154549,0.025138420947842466
75.0,-110.0,-0.003012096707480993,0.012726063225835197,0.00865455169886921,-0.060501816528622965,0.06250117183041233,0.0065105074186344565,0.0065105074186344565,-21.86385161888778,0.006225471780810575,0.0002850356378238815,0.7750604069802923,0.7750604069802923,-1.106644479506596,0.7411275929536398,0.03393281402665256,0.9169728758640079,0.9169728758640079,-0.376435106078532,0.8768270113817711,0.04014586448223683
75.0,-105.0,-0.00697512836001079,0.014998416643314345,0.007580459379378109,-0.05933454872880774,0.06206171891511495,0.006419277025479887,0.006419277025479887,-21.9251388182605,0.005963279572624984,0.00045599745285490237,0.7641996458904629,0.7641996458904629,-1.1679316788793135,0.7099142348363077,0.054285411054155054,0.9041235247154769,0.9041235247154769,-0.43772230545125135,0.8398985313556315,0.06422499335984541
75.0,-100.0,-0.011481135636527142,0.017048405384716206,0.006276173952739763,-0.05826029583815681,0.06209764111703885,0.006426710313028062,0.006426710313028062,-21.920112756752246,0.0057226192313328365,0.0007040910816952252,0.7650845610747693,0.7650845610747693,-1.1629056173710626,0.6812641942062901,0.0838203668684792,0.9051704666236706,0.9051704666236706,-0.43269624394299927,0.8060027086384277,0.09916775798524298
75.0,-95.0,-0.01638747053275535,0.0187722859434381,0.0047243027240686936,-0.057313159984609244,0.06267427904375275,0.006546621190292474,0.006546621190292474,-21.839827881027894,0.005511732387994912,0.0010348888022975633,0.779359665511009,0.779359665511009,-1.082620741646711,0.6561586176184421,0.12320104789256707,0.9220593225764048,0.9220593225764048,-0.35241136821864855,0.7763003363373117,0.14575898623909342
75.0,-90.0,-0.02151405615835968,0.02008276580848568,0.0029160405941022465,-0.05652794708667593,0.06379721145539216,0.006783313840411122,0.006783313840411122,-21.685580891703225,0.005339727691820447,0.0014435861485906783,0.8075373619537051,0.8075373619537051,-0.9283737523220442,0.6356818680738627,0.17185549387984267,0.9553963155508621,0.9553963155508621,-0.19816437889398142,0.7520743227916121,0.20332199275925045
75.0,-85.0,-0.026654371680619907,0.02091494241838516,0.0008554428483465422,-0.05593731266431782,0.06540340263797777,0.007129173837498609,0.007129173837498609,-21.469607953380788,0.005216068331776195,0.0019131055057224127,0.8487111711307868,0.8487111711307868,-0.712400813999605,0.6209605156876423,0.22775065544314438,1.0041089911969872,1.0041089911969872,0.01780855942845886,0.7346575115177739,0.26945147967921307
75.0,-80.0,-0.03158903857437475,0.021230115355887227,-0.0014384265969604234,-0.055568644510024655,0.06736860158734148,0.0075640359312224865,0.0075640359312224865,-21.21246416805503,0.005149784215343095,0.0024142517158793936,0.900480468002677,0.900480468002677,-0.45525702867384227,0.6130695494456067,0.2874109185570707,1.0653571734116176,1.0653571734116176,0.2749523447542205,0.7253217204708584,0.3400354529407597
75.0,-75.0,-0.036100341943751627,0.021017441047652866,-0.003932015820385003,-0.055441515200377815,0.0695283386308981,0.008056793310536513,0.008056793310536513,-20.93837777629981,0.005148582630933244,0.0029082106796032682,0.9591420607781562,0.9591420607781562,-0.1811706369186271,0.6129265036825291,0.3462155570956272,1.1347596212023257,1.1347596212023257,0.5490387365094365,0.7251524832300345,0.40960713797229126
75.0,-70.0,-0.03998605086133929,0.020293722034821864,-0.006580143815131058,-0.05556620483592493,0.07170509626245544,0.008569166168221428,0.008569166168221428,-20.67061435504847,0.005218046088387602,0.0033511200798338244,1.02013882955017,1.02013882955017,0.08659278433271242,0.621195962903286,0.39894286664688383,1.2069248124255532,1.2069248124255532,0.8168021577607754,0.7349360687869863,0.4719887436385668
75.0,-65.0,-0.04307125052631197,0.019101789551758903,-0.00933021135167025,-0.05594328960633542,0.07373408629545204,0.009060979001251905,0.009060979001251905,-20.42824876068059,0.005361047858311083,0.003699931142940821,1.0786879763395125,1.0786879763395125,0.32895837870059574,0.6382199831322718,0.44046799320724067,1.276194225528437,1.276194225528437,1.0591677521286587,0.755077163142406,0.5211170623860311
75.0,-60.0,-0.04521740510837265,0.017507885800952548,-0.012126560489386113,-0.056563842835668475,0.07548285617009219,0.009495878911686764,0.009495878911686764,-20.22464831998026,0.005577404910794582,0.003918474000892182,1.1304617752008053,1.1304617752008053,0.5325588194009205,0.6639767750945932,0.4664850001062122,1.3374477340403892,1.3374477340403892,1.2627681928289838,0.7855499874358567,0.5518977466045326
75.0,-55.0,-0.04632833221384239,0.015598195497190664,-0.014914021515261312,-0.05740962690381297,0.07686293884231468,0.00984628697619451,0.00984628697619451,-20.06727510594397,0.005863684021904302,0.00398260295429021,1.1721770209755369,1.1721770209755369,0.6899320334372114,0.6980576216552742,0.47411939932026315,1.386800982562607,1.386800982562607,1.4201414068652753,0.8258709890006061,0.5609299935620013
75.0,-50.0,-0.046353051914753945,0.013474346175372834,-0.017640211714087205,-0.058452876485910465,0.07783366408862288,0.01009656090993932,0.01009656090993932,-19.958265303934414,0.00621304669090672,0.0038835142190326005,1.201971536897538,1.201971536897538,0.7989418354467692,0.7396484155841334,0.46232312131340486,1.4220508323858196,1.4220508323858196,1.5291512088748327,0.8750769987192561,0.5469738336665634
75.0,-45.0,-0.04528557755288469,0.011247507046205264,-0.020256685835053904,-0.05965578744027812,0.07839921074342833,0.010243819073556898,0.010243819073556898,-19.895381006496997,0.006615087981419457,0.0036287310921374427,1.2195022706615357,1.2195022706615357,0.8618261328841867,0.7875104739785068,0.4319917966830289,1.4427914188108306,1.4427914188108306,1.5920355063122493,0.9317025325942896,0.5110888862165412
75.0,-40.0,-0.04316176773719834,0.009030848324064158,-0.022719355349473922,-0.060970339482451716,0.07860054592528723,0.01029650045669907,0.01029650045669907,-19.873103569058493,0.0070557527796916205,0.0032407476770074492,1.2257738638927465,1.2257738638927465,0.8841035703226919,0.8399705690109073,0.38580329488183923,1.4502113319294463,1.4502113319294463,1.614312943750755,0.9937679971396648,0.45644333478978155
75.0,-35.0,-0.040053507532891705,0.006930598388190004,-0.024988616834269776,-0.06233926433055596,0.07850434069700014,0.010271310531013374,0.010271310531013374,-19.883741406212035,0.007517514308447987,0.0027537962225653847,1.222775063215878,1.222775063215878,0.8734657331691495,0.8949421795771414,0.32783288363873625,1.446663455072306,1.446663455072306,1.6036751065972124,1.0588048321757728,0.387858622896533
75.0,-30.0,-0.03606078893389979,0.005036571609612377,-0.027029443200517044,-0.06369866992021622,0.07819116894796149,0.010189524779774889,0.010189524779774889,-19.91846070197116,0.007979997580710664,0.0022095271990642254,1.2130386642589153,1.2130386642589153,0.8387464374100245,0.9499997119893651,0.26303895226955065,1.4351443351795616,1.4351443351795616,1.568955810838088,1.1239433212268541,0.3112010139527078
75.0,-25.0,-0.03130263917567188,0.003413532819634301,-0.028811457721592635,-0.0649821866168741,0.07774504549632985,0.010073582840891502,0.010073582840891502,-19.968160377596334,0.008421109395547148,0.0016524734453443578,1.1992360524870835,1.1992360524870835,0.7890467617848498,1.0025130232794226,0.19672302920766166,1.4188144846326058,1.4188144846326058,1.5192561352129137,1.186071745851711,0.23274273878089544
75.0,-20.0,-0.025908140565524946,0.002094862817376273,-0.030308870009969485,-0.06612587345770303,0.07724557553421431,0.009944563947769092,0.009944563947769092,-20.024142551971153,0.00881855681249941,0.001126007135269678,1.1838766604487017,1.1838766604487017,0.7330645874100297,1.0498281919642154,0.1340484684844855,1.4006428095449424,1.4006428095449424,1.463273960838092,1.2420502552816068,0.15859255426333493
75.0,-15.0,-0.020008849220326228,0.0010796331132610602,-0.031500165353884585,-0.06707286268852862,0.07676294015563295,0.009820683602486596,0.009820683602486596,-20.078582805985228,0.00915149994321238,0.0006691836592742159,1.1691290002960235,1.1691290002960235,0.6786243333959562,1.089464278953855,0.07966472134216857,1.3831948735896613,1.3831948735896613,1.4088337068240189,1.2889436539735746,0.09425121961608673
75.0,-10.0,-0.013733682563014164,0.00033354378455805345,-0.03236758149015959,-0.06777695092737826,0.07635509607571861,0.00971660558012874,0.00971660558012874,-20.124854259467288,0.009402070843285766,0.00031453473684297227,1.1567387595391356,1.1567387595391356,0.6323528799138929,1.1192941480102103,0.03744461152892527,1.3685359972012308,1.3685359972012308,1.3625622533419564,1.3242353300402487,0.04430066716098201
75.0,-5.0,-0.0072068297486566615,-0.00020650488464881496,-0.03289659853925149,-0.06820489381483034,0.07606625253710395,0.009643230772616487,0.009643230772616487,-20.15777439992203,0.009556597748122885,8.663302449360331e-05,1.1480036634067248,1.1480036634067248,0.5994327394591552,1.1376902081098674,0.010313455296857538,1.358201517269928,1.358201517269928,1.3296421128872193,1.3459996828342091,0.012201834435718775
75.0,0.0,-0.0005485486631957982,-0.0006249229249377577,-0.033075798188946626,-0.06833768612771943,0.07592587968159888,0.009607672327651499,0.009607672327651499,-20.173818170871964,0.009606519964303456,1.1523633480412403e-06,1.143770515196607,1.143770515196607,0.5833889685092215,1.1436333290837448,0.0001371861128620524,1.3531932855847182,1.3531932855847182,1.313598341937285,1.3530309808878105,0.00016230469690721694
75.0,5.0,0.00612198521236077,-0.001017956221931448,-0.032897417396596726,-0.06817131087666976,0.07594789421583452,0.009613244580365875,0.009613244580365875,-20.171300082182437,0.009549054529608433,6.419005075744364e-05,1.1444338786149852,1.1444338786149852,0.5859070571987481,1.1367922059057658,0.007641672709219482,1.3539781099106865,1.3539781099106865,1.3161164306268107,1.3449372576913285,0.00904085221935826
75.0,10.0,0.012683117978293463,-0.0014831879883585126,-0.032358691908443246,-0.06771722773923666,0.07612994944812007,0.00965938777186363,0.00965938777186363,-20.150503990221157,0.009387625293907877,0.00027176247795575195,1.1499271156980515,1.1499271156980515,0.6067031491600269,1.1175744397509377,0.03235267594711333,1.3604771509667084,1.3604771509667084,1.3369125225880893,1.3222007456208276,0.03827640534588055
75.0,15.0,0.019007925183859898,-0.002108959571877664,-0.03146372009051288,-0.06700240115839419,0.07645283757451751,0.00974149778779644,0.00974149778779644,-20.11374263761458,0.009131930598195488,0.000609567189600951,1.1597021175948143,1.1597021175948143,0.6434645017666021,1.0871345950232725,0.0725675225715418,1.3720419419431604,1.3720419419431604,1.3736738751946653,1.2861874081965474,0.08585453374661282
75.0,20.0,0.02496338770736642,-0.0029646803517903303,-0.030225236107190072,-0.06606825889333923,0.07688003503087956,0.009850667571111433,0.009850667571111433,-20.065343367484942,0.008797425625509872,0.00105324194560156,1.1726985203704086,1.1726985203704086,0.6918637718962406,1.047312574465461,0.12538594590494762,1.3874179677621734,1.3874179677621734,1.422073145324304,1.239074031761954,0.1483439360002197
75.0,25.0,0.030412137136536985,-0.004093037175830771,-0.02866554519949649,-0.06496793220431715,0.07735759002853819,0.009973426260151465,0.009973426260151465,-20.01155618994854,0.008404044835798973,0.001569381424352491,1.1873126500180315,1.1873126500180315,0.7456509494326469,1.0004815280713064,0.18683112194672513,1.4047079239649949,1.4047079239649949,1.4758603228607101,1.1836682867322497,0.22103963723274522
75.0,30.0,0.03521669077912017,-0.005505045846858306,-0.02681605017162396,-0.06376158805832365,0.07781491822095936,0.010091698078293245,0.010091698078293245,-19.9603575110855,0.007974213232304303,0.0021174848459889423,1.2013926283682435,1.2013926283682435,0.7968496282956817,0.9493110990838457,0.2520815292843979,1.4213659265201755,1.4213659265201755,1.527059001723746,1.1231286242682117,0.2982373022519637
75.0,35.0,0.03924557775156861,-0.007178592068167537,-0.024715254245498745,-0.06251046941846768,0.07816744934096545,0.010183343650436268,0.010183343650436268,-19.92109600141881,0.007530493553955303,0.0026528500964809664,1.2123028155281272,1.2123028155281272,0.8361111379623722,0.8964873278518217,0.3158154876763056,1.434273753582573,1.434273753582573,1.5663205113904355,1.060632894923282,0.3736408586592911
75.0,40.0,0.042380538101600196,-0.00906057882142154,-0.022405693599956717,-0.06127101523958049,0.07832213296728087,0.01022368666011155,0.01022368666011155,-19.903924694233353,0.0070934202424186,0.0031302664176929475,1.2171055547751846,1.2171055547751846,0.85328244514783,0.8444547907641192,0.3726507640110652,1.4399558676213449,1.4399558676213449,1.583491818575893,0.9990732735800845,0.4408825940412602
75.0,45.0,0.04452403110372611,-0.011072173669511964,-0.019930701181728586,-0.06009068542681558,0.07818635239063955,0.010188269473856442,0.010188269473856442,-19.91899576717732,0.006680048165216617,0.003508221308639825,1.2128892230781478,1.2128892230781478,0.8382113722038635,0.7952438291924545,0.41764539388569344,1.4349675315290764,1.4349675315290764,1.5684207456319275,0.9408518542558617,0.4941156772732147
75.0,50.0,0.04560647300989559,-0.013116164334951531,-0.01733202993385464,-0.059006625009516846,0.07767988931445231,0.010056705079648209,0.010056705079648209,-19.975442856934254,0.006303486589969375,0.003753218489678831,1.1972267951962154,1.1972267951962154,0.7817642824469295,0.7504150702344495,0.44681172496176563,1.4164373351617194,1.4164373351617194,1.5119736558749923,0.887815012671743,0.5286223224899761
75.0,55.0,0.045592774243576335,-0.015085272790127897,-0.014649077994738968,-0.05804721707149639,0.0767485596882421,0.009817004410635648,0.009817004410635648,-20.080210138832513,0.005973317433788246,0.003843686976847399,1.1686910012661484,1.1686910012661484,0.6769970005486686,0.7111092183081247,0.45758178295802376,1.3826766775543162,1.3826766775543162,1.4072063739767315,0.8413123146180629,0.5413643629362535
75.0,60.0,0.044487761086854996,-0.01687047475469072,-0.011919829890326968,-0.05723540299256936,0.07537736732803751,0.009469356086058959,0.009469356086058959,-20.236795519132215,0.005696488629782052,0.003772867456276907,1.1273042959594,1.1273042959594,0.5204116202489688,0.6781534083073871,0.44915088765201283,1.3337121247970365,1.3337121247970365,1.250620993677032,0.8023223422228242,0.5313897825742122
75.0,65.0,0.04233994703305106,-0.018368767633772792,-0.00918288493648166,-0.056591984441274404,0.07360068490104704,0.009028221999773928,0.009028221999773928,-20.443977703639465,0.005478167737261092,0.0035500542625128352,1.07478833330642,1.07478833330642,0.31322943574172024,0.6521628258644159,0.4226255074420043,1.2715805633484405,1.2715805633484405,1.0434388091697833,0.7715729207409989,0.5000076426074416
75.0,70.0,0.039242954652651166,-0.019490182300377717,-0.006479406047148602,-0.05613729579090637,0.07150703026564265,0.008521891527641686,0.008521891527641686,-20.694639980922037,0.0053221724168385776,0.003199719110803107,1.0145108961478198,1.0145108961478198,0.06256715845914573,0.6335919543855449,0.38091894176227464,1.2002664123438993,1.2002664123438993,0.7927765318872091,0.7496017488505038,0.4506646634933953
75.0,75.0,0.03533382351034476,-0.020163963017368305,-0.003853760859725543,-0.055890523998408846,0.06923631008370287,0.007989256170373382,0.007989256170373382,-20.974936532442086,0.0052308803411657235,0.002758375829207658,0.9511019250444502,0.9511019250444502,-0.21772939306090144,0.6227238501387766,0.32837807490567356,1.1252473479399128,1.1252473479399128,0.5124799803671616,0.7367437100233414,0.3885036379165715
75.0,80.0,0.030787609987175134,-0.020343734073524355,-0.001352116790765914,-0.05586706720250535,0.06696791666463726,0.007474327015629688,0.007474327015629688,-21.264279048839487,0.00520480640885137,0.0022695206067783213,0.8898008351940107,0.8898008351940107,-0.5070719094583014,0.6196198105775441,0.2701810246164668,1.0527221148774208,1.0527221148774208,0.22313746396976153,0.7330713251903337,0.3196507896870875
75.0,85.0,0.025808148371254322,-0.02001127662422558,0.0009808992798061385,-0.05607511791400073,0.06489909650334252,0.007019655834851418,0.007019655834851418,-21.536841802760314,0.005242178186474626,0.0017774776483767882,0.8356733136727877,0.8356733136727877,-0.7796346633791327,0.6240688317231698,0.21160448194961765,0.988683920401608,0.988683920401608,-0.049425289951069026,0.7383349558414966,0.25034896456011096
75.0,90.0,0.02061552490814708,-0.01917844142557933,0.0031065372965335264,-0.05651283355310534,0.06321521504296694,0.006660115448594514,0.006660115448594514,-21.76518242563486,0.005338792439846229,0.0013213230087482824,0.7928708867374422,0.7928708867374422,-1.007975286253676,0.6355705285531227,0.15730035818431934,0.938044429379509,0.938044429379509,-0.27776591282561247,0.7519425971614407,0.18610183221806795
75.0,95.0,0.015431518680624966,-0.01788682128682875,0.0049958853652970125,-0.05716707304065304,0.06205725787654476,0.006418354214649207,0.006418354214649207,-21.925763188356196,0.005488259219282323,0.0009300949953668838,0.7640897874582389,0.7640897874582389,-1.1685560489750102,0.6533641927717051,0.11072559468653378,0.9039935513590431,0.9039935513590431,-0.4383466755469465,0.7729942562369468,0.1309992951220963
75.0,100.0,0.010464741219744582,-0.016205061586004356,0.0066322333419436864,-0.05801402500698102,0.06149575958076316,0.006302732257362855,0.006302732257362855,-22.004711414892732,0.0056825554851617464,0.0006201767722011057,0.7503252687336731,0.7503252687336731,-1.2475042755115489,0.6764947006144938,0.07383056811917926,0.8877087686426555,0.8877087686426555,-0.5172949020834853,0.80035992748757,0.0873488411550853
75.0,105.0,0.005897286113406396,-0.014223976077935269,0.008011250881676186,-0.05902144106796977,0.06152081050667356,0.006307868268001449,0.006307868268001449,-22.00117384949578,0.005912711779248592,0.000395156488752858,0.7509366985716012,0.7509366985716012,-1.2439667101145921,0.7038942594343562,0.047042439137245,0.8884321504227394,0.8884321504227394,-0.5137573366865285,0.8327763069364215,0.055655843486318024
75.0,110.0,0.001874360747963099,-0.01204985909651208,0.009139209338852738,-0.06015179673302926,0.06205220487630027,0.006417309030696736,0.006417309030696736,-21.926470464038733,0.006169460982340058,0.0002478480483566784,0.7639653607972305,0.7639653607972305,-1.1692633246575492,0.734459640754769,0.029505720042461717,0.903846342351653,0.903846342351653,-0.439053951229486,0.8689381665267687,0.03490817582488428
75.0,115.0,-0.001502242443062074,-0.009796532611049888,0.010030117137218504,-0.06136557269876626,0.06296479608472494,0.006607453577697882,0.006607453577697882,-21.79965879429013,0.006443742795313771,0.00016371078238411167,0.7866016163926052,0.7866016163926052,-1.0424516549089482,0.7671122375373537,0.01948937885525139,0.9306272644644904,0.9306272644644904,-0.3122422814808856,0.907569407790672,0.02305785667381854
75.0,120.0,-0.004176635913014929,-0.007576791088336554,0.010702852672254579,-0.06262395197228246,0.06411834734845331,0.006851776022858942,0.006851776022858942,-21.641968420909805,0.006727025543956906,0.00012475047890203532,0.8156876217689217,0.8156876217689217,-0.8847612815286225,0.8008363742805841,0.01485124748833754,0.9650388764590059,0.9650388764590059,-0.1545519081005593,0.9474683864728035,0.017570489986202156
75.0,125.0,-0.006137583896351633,-0.0054940456954559284,0.01117912693369883,-0.06389051949349639,0.06538215226143222,0.007124541876142872,0.007124541876142872,-21.47243056520834,0.007011453750082482,0.00011308812606038714,0.8481597471598658,0.8481597471598658,-0.7152234258271599,0.8346968750098194,0.013462872150046087,1.0034566022736437,1.0034566022736437,0.014985947600902735,0.9875286971947157,0.015927905078927766
75.0,130.0,-0.007414050213069481,-0.0036350782967285887,0.01148255444784007,-0.06513195969971068,0.0666498549567635,0.007403497523234712,0.007403497523234712,-21.305630645668504,0.007289863642370564,0.00011363388086414858,0.8813687527660372,0.8813687527660372,-0.54842350628732,0.8678409098060196,0.013527842960017689,1.042746130033058,1.042746130033058,0.18178586714074355,1.026741358080361,0.01600477195269698
75.0,135.0,-0.008068153852635436,-0.002064783642425673,0.011638532642171281,-0.06631814220127674,0.06784474825048344,0.007671335712232727,0.007671335712232727,-21.151290112860792,0.007555741038738804,0.00011559467349392028,0.913254251456277,0.913254251456277,-0.3940829734796093,0.8994929808022386,0.01376127065403813,1.0804698186243276,1.0804698186243276,0.33612639994845367,1.0641888786956062,0.016280939928721164
75.0,140.0,-0.008186160803134009,-0.000823510608994725,0.011674282985504263,-0.0674221929909464,0.06891830228141108,0.007916034154326571,0.007916034154326571,-21.014923406652922,0.00780321781481417,0.00011281633951240163,0.9423850183722109,0.9423850183722109,-0.2577162672717384,0.9289545017635916,0.013430516608619242,1.1149343879333198,1.1149343879333198,0.4724931061563247,1.099044762649883,0.015889625283436848
75.0,145.0,-0.007868239085133585,7.287671767686231e-05,0.011618421094887487,-0.06842104451948232,0.06984512537888317,0.0081303776876537,0.0081303776876537,-20.898892792701428,0.008027189289817539,0.00010318839783616644,0.9679021056730597,0.9679021056730597,-0.14168565332024427,0.9556177725973259,0.0122843330757341,1.1451236179793944,1.1451236179793944,0.5885237201078191,1.1305900408193714,0.014533577160023441
75.0,150.0,-0.007217892700889336,0.0006306642835301185,0.01149975836065946,-0.0692965681889743,0.07061695630372918,0.008311061728252868,0.008311061728252868,-20.803434920681653,0.008223570935323233,8.749079292963213e-05,0.989412110506294,0.989412110506294,-0.04622778130046784,0.9789965399194325,0.010415570586860969,1.1705720744018122,1.1705720744018122,0.6839815921275945,1.1582494275103143,0.012322646891497481
75.0,155.0,-0.006332177776301948,0.000874555605138036,0.011345518009001531,-0.07003690886985411,0.07123728452035492,0.008457718586868812,0.008457718586868812,-20.72746769201324,0.008389617986428646,6.810060044016534e-05,1.0068712603415253,1.0068712603415253,0.029739447367945898,0.9987640460034102,0.008107214338114921,1.1912279699815227,1.1912279699815227,0.759948820796009,1.1816363361167106,0.009591633864812018
75.0,160.0,-0.005293861871755409,0.0008435420133700716,0.011179536832697866,-0.07063732159119404,0.07171715124025048,0.008572047687017054,0.008572047687017054,-20.66915421607022,0.008524154587592515,4.7893099424541934e-05,1.0204818675020304,1.0204818675020304,0.08805292331096426,1.0147803080467281,0.005701559455302612,1.2073306601432472,1.2073306601432472,0.8182622967390278,1.2005851531820444,0.006745506961203089
75.0,165.0,-0.004166526482057289,0.000587164353371357,0.011021118931682604,-0.07109983189230595,0.07207187983204,0.008657055818480908,0.008657055818480908,-20.626297822539826,0.008627548672136623,2.950714634428786e-05,1.0306018831524892,1.0306018831524892,0.1309093168413557,1.0270891276353122,0.0035127555171771264,1.2193036364057617,1.2193036364057617,0.8611186902694186,1.2151477003009328,0.004155936104829275
75.0,170.0,-0.002993221814466293,0.0001625280700363822,0.010884936286529378,-0.07143140353990281,0.07231813771002672,0.008716316387892874,0.008716316387892874,-20.596670139670636,0.008701340420372856,1.497596752001672e-05,1.0376567128443899,1.0376567128443899,0.16053699971054772,1.0358738595681973,0.0017828532761924665,1.2276501954778694,1.2276501954778694,0.8907463731386102,1.2255409042778669,0.0021092912000023546
75.0,175.0,-0.0017987227794049143,-0.0003680034227594285,0.01078184073294013,-0.07164084324095484,0.0724708861545232,0.008753176016472537,0.008753176016472537,-20.578343382737238,0.008747558098565074,5.617917907464832e-06,1.0420447638657782,1.0420447638657782,0.17886375664394416,1.0413759641148896,0.0006687997508886704,1.2328416924609207,1.2328416924609207,0.909073130072008,1.232050436417616,0.0007912560433049059
75.0,180.0,-0.0005948175629115251,-0.0009387766099063689,0.010719927504549972,-0.07173518541360947,0.07254025628217886,0.008769941357266843,0.008769941357266843,-20.570033106591094,0.008767882890001709,2.0584672651348832e-06,1.0440406377698623,1.0440406377698623,0.18717403279009073,1.0437955821430607,0.0002450556268017718,1.2352030080657523,1.2352030080657523,0.9173834062181535,1.2349130830988322,0.00028992496692040604
80.0,-180.0,-0.0006596818484718359,-0.0008138766593823935,0.005814700978350053,-0.07229153016859284,0.0725325696286991,0.008768082860147837,0.008768082860147837,-20.570953546700462,0.008766253610980143,1.8292491676978748e-06,1.043819388112838,1.043819388112838,0.18625359268072336,1.043601620354779,0.00021776775805927082,1.234941247908146,1.234941247908146,0.9164629661087864,1.2346836071803018,0.00025764072784477106
80.0,-175.0,0.0008362806778263104,-0.0016502233781768418,0.005803952439995352,-0.07226054123790521,0.07251685518891945,0.008764283998893289,0.008764283998893289,-20.572835579536587,0.008758579795662502,5.7042032307844936e-06,1.0433671427253917,1.0433671427253917,0.18437155984459785,1.0426880709122026,0.0006790718131886302,1.2344061970272235,1.2344061970272235,0.9145809332726602,1.233602788121479,0.0008034089057442948
80.0,-170.0,0.0023343541177636264,-0.0023867613734155986,0.005840920615765256,-0.07208500050074941,0.07239826993674273,0.008735643345879045,0.008735643345879045,-20.58705105417563,0.008717067385177267,1.8575960701775467e-05,1.0399575411760769,1.0399575411760769,0.17015608520554895,1.037746117283008,0.002211423893068508,1.2303723022364854,1.2303723022364854,0.9003654586336131,1.2277559697432772,0.002616332493207812
80.0,-165.0,0.0038229032144702765,-0.0029514509134341248,0.0059215974946932835,-0.07175435105433584,0.07216008497500291,0.008678258654087355,0.008678258654087355,-20.615674099375255,0.008639383484148446,3.887516993891137e-05,1.0331260302484948,1.0331260302484948,0.14153304000592945,1.028498033827196,0.004627996421298973,1.222289951279909,1.222289951279909,0.871742413433992,1.2168145752321753,0.005475376047733995
80.0,-160.0,0.005274891592465862,-0.003277860780117914,0.00603344116249286,-0.07125588030863096,0.07178002328938955,0.008587083935123915,0.008587083935123915,-20.661542920351327,0.008522804028490111,6.427990663380286e-05,1.0222718970385614,1.0222718970385614,0.09566421902986023,1.014619527201204,0.007652369837357484,1.2094484415667486,1.2094484415667486,0.8258735924579237,1.2003949335901567,0.009053507976591952
80.0,-155.0,0.006644554245347058,-0.003307572702748375,0.006154261318767512,-0.07057993629494809,0.07123547204926724,0.00845728821742115,0.00845728821742115,-20.727688687580667,0.008365473483320897,9.181473410025145e-05,1.0068200258834703,1.0068200258834703,0.029518451800516078,0.9958897003953451,0.010930325488125173,1.191167354566359,1.191167354566359,0.759727825228579,1.1782357018761827,0.012931652690176262
80.0,-150.0,0.007866639369100302,-0.0029926072710037307,0.0062534368709140425,-0.06972523497132156,0.07050924462612299,0.008285727425345522,0.008285727425345522,-20.81669357740049,0.00816766401807587,0.00011806340726965322,0.9863961220649432,0.9863961220649432,-0.05948643801930328,0.9723409545328419,0.014055167532101575,1.1670038627247215,1.1670038627247215,0.6707229354087602,1.1503752138135028,0.016628648911218763
80.0,-145.0,0.008858059324921936,-0.002298112933833258,0.006295711702075138,-0.0687024556328034,0.06959461138531814,0.00807215971701892,0.00807215971701892,-20.93010253667361,0.007932585441828255,0.0001395742751906672,0.9609713948832049,0.9609713948832049,-0.1728953972924244,0.9443554097414592,0.016615985141746097,1.136923903805482,1.136923903805482,0.5573139761356395,1.1172655551870783,0.01965834861840383
80.0,-140.0,0.009521773106912988,-0.0012055117963208906,0.0062466119316834665,-0.06753484394766497,0.06849885203016988,0.007819970317668797,0.007819970317668797,-21.067948953924688,0.007666444898270934,0.0001535254193978684,0.9309488473415235,0.9309488473415235,-0.3107418145435032,0.9126720116989208,0.018276835642603385,1.1014042700941966,1.1014042700941966,0.4194675588845598,1.0797809715874553,0.02162329850674203
80.0,-135.0,0.009752809879357791,0.00028400624767991776,0.0060776600655880276,-0.06625566526020801,0.06724543918391193,0.007536404267538199,0.007536404267538199,-21.228358131806807,0.0073777447385936015,0.00015865952894459848,0.8971909842307381,0.8971909842307381,-0.4711509924256263,0.8783029450706669,0.01888803916007125,1.0614653897941124,1.0614653897941124,0.25905838100243656,1.0391189772667044,0.022346412527408235
80.0,-130.0,0.009446348689053401,0.002146196514208271,0.005769498722007148,-0.06490359556843867,0.06587566695106375,0.0072325021025483535,0.0072325021025483535,-21.407114314269528,0.0070761063487026635,0.00015639575384568987,0.8610121550652801,0.8610121550652801,-0.6499071748883456,0.8423936129407932,0.01861854212448689,1.0186622679645567,1.0186622679645567,0.08030219853971822,0.996634697000375,0.022027570964181672
80.0,-125.0,0.008507570633455615,0.004331600624987872,0.005311848494838132,-0.06351789836453052,0.06445060642954863,0.006922971349627649,0.006922971349627649,-21.59707465690942,0.006771072391466774,0.00015189895816087416,0.8241632559080534,0.8241632559080534,-0.839867517528235,0.8060800466031875,0.018083209304865972,0.9750663872714997,0.9750663872714997,-0.10965814410017148,0.9536721678122217,0.02139421945927805
80.0,-120.0,0.006862609851554722,0.0067655020397861115,0.004700541167008534,-0.06213513195435945,0.0630534467104964,0.006626072465857772,0.006626072465857772,-21.787438187785288,0.006471297059184462,0.00015477540667331016,0.7888181506973537,0.7888181506973537,-1.0302310484041042,0.7703925070457693,0.018425643651584545,0.9332496430785593,0.9332496430785593,-0.30002167497604076,0.9114502900259805,0.021799353052578893
80.0,-115.0,0.004469482782489305,0.009350664679291642,0.0039330804920643305,-0.060788244903732996,0.061790703563892185,0.006363335163789571,0.006363335163789571,-21.963152013982437,0.006184320704062202,0.00017901445972737004,0.7575399004511395,0.7575399004511395,-1.2059448746012518,0.7362286552455002,0.021311245205639293,0.8962443892661368,0.8962443892661368,-0.4757355011731884,0.8710310850791833,0.025213304186953524
80.0,-110.0,0.0013275495476101247,0.011972925542639968,0.0030047481832730354,-0.059507736875586324,0.0607890828484018,0.006158709228972987,0.006158709228972987,-22.105102997632148,0.005916859370318293,0.00024184985865469515,0.7331796701158317,0.7331796701158317,-1.3478958582509644,0.7043880202759873,0.028791649839844665,0.8674238350666179,0.8674238350666179,-0.6176864848229,0.8333604746927172,0.034063360373900724
80.0,-105.0,-0.002516000930359026,0.014509064441237788,0.0019069737427071022,-0.05832368447959751,0.06018415017072665,0.006036744332726648,0.006036744332726648,-22.191972169305675,0.0056753474941728345,0.0003613968385538124,0.7186600396103153,0.7186600396103153,-1.4347650299244927,0.6756366064491469,0.04302343316116814,0.850245680665725,0.850245680665725,-0.7045556564964296,0.7993447174891315,0.05090096317659329
80.0,-100.0,-0.00696388960938629,0.01683590670661865,0.0006286983145467444,-0.05726722229142322,0.06009886457888934,0.006019647388680334,0.006019647388680334,-22.20428947552049,0.005466421233644554,0.000553226155035777,0.7166246891286113,0.7166246891286113,-1.4470823361393037,0.6507644325767328,0.0658602565518782,0.8478376603775118,0.8478376603775118,-0.7168729627112407,0.7699184836119091,0.07791917676560238
80.0,-95.0,-0.011871404685224561,0.018839449250319076,-0.0008397620719963528,-0.05637051021494023,0.060615136059287734,0.006123513601376931,0.006123513601376931,-22.129993131774548,0.005297107908653524,0.0008264056927234065,0.7289897144496347,0.7289897144496347,-1.3727859923933639,0.6306080843635149,0.09838163008611982,0.8624667044192861,0.8624667044192861,-0.6425766189653002,0.7460715364300738,0.11639516798921216
80.0,-90.0,-0.01705393671371067,0.02042292056890122,-0.0025018020746642544,-0.05566499931319307,0.061747741692773486,0.006354489634243366,0.006354489634243366,-21.969193244069952,0.0051746300273353436,0.0011798596069080198,0.7564868612194484,0.7564868612194484,-1.2119861046887699,0.6160273842065885,0.14045947701285955,0.8949985400342769,0.8949985400342769,-0.4817767312607065,0.7288211306106117,0.16617740942366477
80.0,-85.0,-0.022298591651753585,0.021512991342572986,-0.004350344987018481,-0.055178543838515164,0.06343211479843859,0.006705897328137805,0.006705897328137805,-21.735431002010472,0.005105875046284473,0.0016000222818533302,0.7983211104925958,0.7983211104925958,-0.9782238626292872,0.6078422674148182,0.19047884307777743,0.9444925814278597,0.9444925814278597,-0.24801448920122374,0.7191373304626016,0.22535525096525774
80.0,-80.0,-0.027378473805438286,0.022063737532055757,-0.006365824059014044,-0.05493231977496907,0.06553222729015318,0.007157286070171307,0.007157286070171307,-21.452516240863304,0.0050966857130514435,0.002060600357119861,0.8520578654965842,0.8520578654965842,-0.6953091014821196,0.6067482991727909,0.245309566323793,1.0080684605875079,1.0080684605875079,0.0349002719459431,0.7178430581762597,0.29022540241124806
80.0,-75.0,-0.03206791479354954,0.022058345813179607,-0.008516915424998021,-0.05493849627703507,0.0678652930499717,0.0076759824954038295,0.0076759824954038295,-21.14866024316737,0.005151172345610052,0.002524810149793777,0.9138074399290274,0.9138074399290274,-0.3914531037861876,0.6132348030488158,0.3005726368802116,1.0811242951273,1.0811242951273,0.3387562696418759,0.7255172317760636,0.3556070633512362
80.0,-70.0,-0.03615696361301785,0.02150887770624909,-0.01076363721430587,-0.05519921844564751,0.07023366316081611,0.008221085386987593,0.008221085386987593,-20.850708410412988,0.00527122515319656,0.002949860233791035,0.9787006413080469,0.9787006413080469,-0.09350127103180209,0.6275268039519715,0.3511738373560756,1.1578993502799426,1.1578993502799426,0.6367081023962609,0.7424260779150084,0.41547327236493453
80.0,-65.0,-0.03946380014219036,0.020454593326216904,-0.013061698327345158,-0.05570686989714171,0.07245443552147311,0.008749202587938652,0.008749202587938652,-20.5803152725645,0.005456310315824704,0.003292892272113948,1.0415717366593633,1.0415717366593633,0.17689186681667912,0.6495607518838934,0.39201098477547003,1.2322820546392468,1.2322820546392468,0.907101240244743,0.7684944106795358,0.463787643959711
80.0,-60.0,-0.04184424161614695,0.018959297604345903,-0.015366740359261106,-0.05644504605521312,0.07438128430945996,0.009220741860216259,0.009220741860216259,-20.35234136122391,0.005703498853140748,0.00351724300707551,1.0977073643114594,1.0977073643114594,0.40486577815727426,0.6789879587072319,0.4187194056042274,1.2986960366501772,1.2986960366501772,1.1350751515853374,0.8033096976254573,0.4953863390247197
80.0,-55.0,-0.04319798768153805,0.017107900220050175,-0.01763740114934535,-0.05738944756401452,0.0759168821849212,0.00960539537338544,0.00960539537338544,-20.1748475418119,0.006007569485448161,0.003597825887937281,1.1434994492125523,1.1434994492125523,0.5823595975692833,0.7151868435057335,0.4283126057068192,1.352872587800766,1.352872587800766,1.3125689709973465,0.8461365472462198,0.5067360405545466
80.0,-50.0,-0.04347155559231665,0.01500199904810414,-0.019836753726622566,-0.058508141589459224,0.07701646286163807,0.00988565968901018,0.00988565968901018,-20.049943440804697,0.006361015858000455,0.0035246438310097264,1.1768642486916883,1.1768642486916883,0.7072636985764837,0.7572637926191018,0.4196004560725865,1.3923464350718564,1.3923464350718564,1.437473072004547,0.8959177264789373,0.4964287085929192
80.0,-45.0,-0.04265798276248188,0.012754044014063336,-0.02193233165458335,-0.05976123995599315,0.07768398872973309,0.010057766556400335,0.010057766556400335,-19.974984486955776,0.006753895839139934,0.0033038707172604012,1.1973531614762303,1.1973531614762303,0.7822226524254061,0.8040352189452303,0.39331794253100016,1.4165868389296248,1.4165868389296248,1.5124320258534707,0.9512529350901315,0.46533390383949313
80.0,-40.0,-0.04079343592428678,0.010479739886405092,-0.023895363820858335,-0.06110066967813437,0.07796287327852454,0.010130110693507968,0.010130110693507968,-19.94385809001315,0.007173631407822257,0.0029564792856857105,1.2059655587509486,1.2059655587509486,0.8133490493680329,0.8540037390264593,0.3519618197244894,1.4267761540152066,1.4267761540152066,1.5435584227960963,1.010370620820036,0.4164055331951705
80.0,-35.0,-0.037951016801021635,0.008288855671423028,-0.025699891725675265,-0.062470963672603894,0.0779236199202035,0.010119912486476918,0.010119912486476918,-19.94823243109313,0.0076049970613175,0.0025149154251594198,1.2047514864853475,1.2047514864853475,0.8089747082880578,0.9053567930139881,0.2993946934713595,1.425339786827735,1.425339786827735,1.5391840817161218,1.0711263466644365,0.35421344016329853
80.0,-30.0,-0.03423236327071106,0.00627533214857109,-0.02732220232132821,-0.06381167880799919,0.07765093419048906,0.010049209217494097,0.010049209217494097,-19.97868111973927,0.008030532627897751,0.002018676589596346,1.1963344306540593,1.1963344306540593,0.7785260196419118,0.9560157890354466,0.24031864161861263,1.415381579928746,1.415381579928746,1.5087353930699745,1.1310609335067254,0.2843206464220206
80.0,-25.0,-0.029758043478247325,0.0045081660803737355,-0.02874066521697687,-0.0650613148084677,0.07723253999955183,0.009941207852119608,0.009941207852119608,-20.025608458197794,0.008431468898432498,0.0015097389536871109,1.1834771252523344,1.1834771252523344,0.7315986811833907,1.0037462974324403,0.17973082781989413,1.4001701200168462,1.4001701200168462,1.4618080546114536,1.1875308307651404,0.21263928925170572
80.0,-20.0,-0.024658062504953313,0.003024690358063995,-0.029935800971653045,-0.06616189281367835,0.07675100676058545,0.009817630436793328,0.009817630436793328,-20.079933199935496,0.008789040005684813,0.0010285904311085176,1.168765528189682,1.168765528189682,0.6772739394456874,1.0463142863910493,0.12245124179863305,1.3827648502525813,1.3827648502525813,1.4074833128737505,1.237892958547157,0.144871891705425
80.0,-15.0,-0.019063881726411634,0.0018274779433647657,-0.030890334390234947,-0.06706307933260888,0.07627870364934383,0.009697172594105956,0.009697172594105956,-20.133548745764223,0.0090859015582443,0.000611271035861654,1.1544253088221377,1.1544253088221377,0.6236583936169572,1.0816549474100359,0.07277036141210166,1.3657989569163316,1.3657989569163316,1.35386776704502,1.279704444823141,0.0860945120931907
80.0,-10.0,-0.013103104314411983,0.0008853518145201542,-0.03158910744701831,-0.06772504952887586,0.07587508967703294,0.009594822677166225,0.009594822677166225,-20.179630470921197,0.009307370798422355,0.0002874518787438732,1.1422407949007412,1.1422407949007412,0.577576668459988,1.1080203331455185,0.03422046175522301,1.3513834756572147,1.3513834756572147,1.3077860418880514,1.3108972955524443,0.040486180104770876
80.0,-5.0,-0.006897426876273667,0.00013820438178072656,-0.03201895614601589,-0.06811995495757825,0.07558528569812821,0.00952166803490645,0.00952166803490645,-20.212869639160637,0.00944234724035803,7.932079454841525e-05,1.1335319089174345,1.1335319089174345,0.5443375002205454,1.12408895718548,0.009442951731954198,1.3410800049164013,1.3410800049164013,1.274546873648609,1.3299080620222579,0.011171942894142995
80.0,0.0,-0.0005637123047258748,-0.0004952089472057897,-0.03216885532028636,-0.06823247669097844,0.07543917504497466,0.009484891763653186,0.009484891763653186,-20.229676206758317,0.009483953446652593,9.383170005882174e-07,1.1291537813872843,1.1291537813872843,0.5275309326228662,1.1290420769824516,0.00011170440483193065,1.3359002484018572,1.3359002484018572,1.2577403060509291,1.3357680910778298,0.0001321573240265095
80.0,5.0,0.005782711487228856,-0.0011075469011483513,-0.03203066658511597,-0.06806014898493672,0.07545073819401252,0.009487799632738245,0.009487799632738245,-20.228344954927735,0.009430023640083673,5.777599265457354e-05,1.1294999562783625,1.1294999562783625,0.5288621844534485,1.122621861914723,0.006878094363639708,1.3363098074279218,1.3363098074279218,1.2590715578815121,1.3281723436737567,0.008137463754165287
80.0,10.0,0.012023961533577883,-0.0017922544073498993,-0.0316006198568663,-0.06761383342119075,0.07561757383087828,0.009529804606550629,0.009529804606550629,-20.209160037863114,0.009283497364623406,0.00024630724192722546,1.1345005483988844,1.1345005483988844,0.5480471015180697,1.1051782576932627,0.02932229070562208,1.3422260009226237,1.3422260009226237,1.2782564749461331,1.3075348400878037,0.03469116083482048
80.0,15.0,0.018036303305027174,-0.0026329809333279514,-0.030881275314541094,-0.06691810667021066,0.07592053076002814,0.009606318668642063,0.009606318668642063,-20.174430106871377,0.009052597004645833,0.0005537216639962306,1.1436093653145314,1.1436093653145314,0.5827770325098107,1.0776901196006943,0.06591924571383698,1.3530026293862059,1.3530026293862059,1.3129864059378735,1.2750136626261734,0.07798896676003247
80.0,20.0,0.023688938161948097,-0.003693988174079188,-0.02988332649112148,-0.06601077907538479,0.07632330899656446,0.00970851710310733,0.00970851710310733,-20.128470999703836,0.00875052077284827,0.0009579963302590609,1.1557758456080154,1.1557758456080154,0.6287361396773438,1.0417286634343177,0.11404718217369773,1.3673967750855394,1.3673967750855394,1.3589455131054076,1.2324677144856715,0.1349290605998677
80.0,25.0,0.028845538915485695,-0.005012523611928925,-0.02862643182289224,-0.06494066020792616,0.07677208122382098,0.009823022670879731,0.009823022670879731,-20.077548536294366,0.00839440548066494,0.001428617190214792,1.1694074608190157,1.1694074608190157,0.6796586030868148,0.9993339857934455,0.1700734750255705,1.3835243198422158,1.3835243198422158,1.4098679765148785,1.1823106310795692,0.20121368876264673
80.0,30.0,0.03336848148723336,-0.006594076789859356,-0.02713844149435277,-0.06376319884263597,0.077195711920173,0.009931729248893522,0.009931729248893522,-20.029751283557196,0.00800354566602795,0.0019281835828655722,1.1823487201063718,1.1823487201063718,0.7274558558239869,0.952803055479518,0.22954566462685383,1.3988351054779606,1.3988351054779606,1.4576652292520496,1.1272599529616831,0.27157515251627773
80.0,35.0,0.03712516978730018,-0.008411146819863932,-0.02545289977180625,-0.06253458478912478,0.07750774170431637,0.01001218082892832,0.01001218082892832,-19.9947131524674,0.007597195019537575,0.0024149858093907477,1.1919262891581337,1.1919262891581337,0.7624939869137816,0.904427978516378,0.2874983106417557,1.410166313933566,1.410166313933566,1.4927033603418436,1.0700274675405035,0.340138846393063
80.0,40.0,0.03999560814474611,-0.010405616880741507,-0.02360536765371013,-0.06130584117385408,0.07761150093663632,0.010039005286192539,0.010039005286192539,-19.98309317083352,0.007192529790681762,0.0028464754955107737,1.1951196769276833,1.1951196769276833,0.7741139685476623,0.8562535465097336,0.3388661304179492,1.4139444065059914,1.4139444065059914,1.5043233419757258,1.0130323648847552,0.40091204162123567
80.0,45.0,0.04188041589371393,-0.012494203495168782,-0.021629653716861645,-0.060118799690305834,0.07740921361519958,0.009986741975612286,0.009986741975612286,-20.00576170711973,0.006803359712532609,0.003183382263079676,1.1888978542395578,1.1888978542395578,0.751445432261454,0.809923775301501,0.3789740789380567,1.4065833768468008,1.4065833768468008,1.4816548056895176,0.958219677821494,0.4483636990253065
80.0,50.0,0.042708652050943756,-0.014575970549141438,-0.0195552107657052,-0.059005312393978465,0.07681484906097363,0.009833970047674778,0.009833970047674778,-20.07271118818826,0.006439903546376747,0.003394066501298031,1.1707107199612832,1.1707107199612832,0.6844959511929238,0.7666551840924699,0.4040555358688133,1.3850662038978563,1.3850662038978563,1.4147053246209882,0.9070286685037673,0.4780375353940889
80.0,55.0,0.04244495148236988,-0.016540764945171173,-0.017406627475308932,-0.05798976566785166,0.07576921811387963,0.00956806527436452,0.00956806527436452,-20.191758705421584,0.00610952873549864,0.0034585365388658785,1.1390553898053,1.1390553898053,0.565448433959597,0.7273248494641239,0.411730540341176,1.3476148273752844,1.3476148273752844,1.2956578073876603,0.8604970049998084,0.48711782237547574
80.0,60.0,0.04109546554839028,-0.01827765803733932,-0.015205388972974979,-0.05709353581078476,0.07425487025889735,0.009189426434047602,0.009189426434047602,-20.367115946314904,0.005817989075442759,0.0033714373586048426,1.0939793373866193,1.0939793373866193,0.3900911930662797,0.6926177470765189,0.4013615903101003,1.294285413246141,1.294285413246141,1.1203005664943428,0.8194350810482758,0.47485033219786515
80.0,65.0,0.03871196129111503,-0.019682884217506746,-0.012973170493280761,-0.05633920178447345,0.07230795729713232,0.0087138625234329,0.0087138625234329,-20.59789296108488,0.005570550113484734,0.0031433124099481654,1.0373645861229646,1.0373645861229646,0.1593141782963019,0.6631607277958019,0.3742038583271625,1.2273045807651974,1.2273045807651974,0.8895235517243654,0.7845845230260189,0.44272005773917816
80.0,70.0,0.03539327573743563,-0.020667093287664393,-0.010735250583077323,-0.05575253720840218,0.07002430808399969,0.00817214700935798,0.00817214700935798,-20.876638294137095,0.005372525111935016,0.002799621897422962,0.9728746439711882,0.9728746439711882,-0.1194311547559107,0.6395863228494069,0.3332883211217812,1.1510066210363352,1.1510066210363352,0.6107782186721527,0.7566936777373262,0.3943129432990087
80.0,75.0,0.03128330556931148,-0.021161803595408847,-0.008522514913361073,-0.05536139920975045,0.06755727141961398,0.007606462334743927,0.007606462334743927,-21.188172809063218,0.005229073112624312,0.0023773892221196167,0.9055312303266579,0.9055312303266579,-0.4309656696820324,0.6225087038838466,0.28302252644281156,1.0713327232033698,1.0713327232033698,0.2992437037460307,0.7364891707921565,0.33484355241121366
80.0,80.0,0.026564968217334287,-0.02112478093395448,-0.0063710608184585765,-0.055192012336340066,0.06510531888857285,0.007064337816572065,0.007064337816572065,-21.50928540975617,0.005144459870664624,0.0019198779459074378,0.84099259721096,0.84099259721096,-0.7520782703749879,0.6124356988886458,0.22855689832231404,0.9949771572636709,0.9949771572636709,-0.02186889694692456,0.7245718127696654,0.27040534449400533
80.0,85.0,0.02145012440686016,-0.02054385929482441,-0.0043193848652813395,-0.05526413227720457,0.06288830887980776,0.006591410368613213,0.006591410368613213,-21.810216491736178,0.005121181686210185,0.0014702286824030274,0.7846917105491921,0.7846917105491921,-1.0530093523549957,0.6096644864535935,0.17502722409559854,0.9283676575511567,0.9283676575511567,-0.3227999789269326,0.7212931952408712,0.20707446231028553
80.0,90.0,0.01616618806979551,-0.01943866772169306,-0.0024041037381638867,-0.05558679803597807,0.0611136586221023,0.006224652136466159,0.006224652136466159,-22.058849140209055,0.005159331501951226,0.0010653206345149348,0.7410300162459714,0.7410300162459714,-1.30164200082787,0.6142061311846698,0.12682388506130177,0.8767115685163605,0.8767115685163605,-0.5714326273998069,0.7266664087255247,0.15004515979083588
80.0,95.0,0.010940842121283906,-0.017859910519719843,-0.000655692469657363,-0.05615591798511341,0.059938263967692695,0.005987518085266163,0.005987518085266163,-22.227531617912533,0.005256404592812279,0.0007311134924538839,0.7127997720554957,0.7127997720554957,-1.470324478531348,0.6257624515252714,0.08703732053022428,0.8433124063755159,0.8433124063755159,-0.7401151051032853,0.7403386750439829,0.10297373133153294
80.0,100.0,0.005986690747384056,-0.015886178233819312,0.000904385529236414,-0.05695414869974533,0.05943739641235713,0.005887868107627487,0.005887868107627487,-22.30041927062395,0.005407527549046746,0.0004803405585807392,0.7009366794794628,0.7009366794794628,-1.5432121312427685,0.6437532796484222,0.057183399831040385,0.8292771982573925,0.8292771982573925,-0.8130027578147052,0.7616235984572881,0.06765359980010412
80.0,105.0,0.0014876714962504508,-0.013618577312276278,0.002264439523008333,-0.057952793265348135,0.059593059563180215,0.0059187484731491515,0.0059187484731491515,-22.277701156869462,0.005605957818061616,0.0003127906550875345,0.7046129134701371,0.7046129134701371,-1.5204940174882804,0.667375930721621,0.03723698274851601,0.833626545513965,0.833626545513965,-0.7902846440602169,0.7895715236706501,0.044055021843314716
80.0,110.0,-0.002411354819545827,-0.011173645670014403,0.003421364579393834,-0.05911497744302727,0.06030714122970457,0.00606144267006779,0.00606144267006779,-22.17423998097307,0.005843672817820258,0.0002177698522475282,0.7216003178652131,0.7216003178652131,-1.4170328415918896,0.6956753354547927,0.02592498241042003,0.8537243197278577,0.8537243197278577,-0.6868234681638259,0.8230525095521489,0.0306718101757082
80.0,115.0,-0.005611054932803407,-0.008675086855184531,0.004378376716046792,-0.0603991944084927,0.06143267808964907,0.006289808379923406,0.006289808379923406,-22.013625852080732,0.006111910788689608,0.0001778975912338004,0.7487867118956437,0.7487867118956437,-1.2564187126995485,0.7276084272249533,0.021178284670690526,0.8858885042145643,0.8858885042145643,-0.5262093392714852,0.8608325054492404,0.025055998765324
80.0,120.0,-0.008059970993567124,-0.006244913246801107,0.005142799866819392,-0.061762403180187386,0.06280927408384365,0.006574853287311859,0.006574853287311859,-21.82113933670413,0.00640158724617413,0.00017326604113772893,0.782720629441888,0.782720629441888,-1.0639321973229474,0.7620937197826346,0.020626909659253446,0.9260356742692759,0.9260356742692759,-0.33372282389488406,0.9016320065033987,0.024403667765877313
80.0,125.0,-0.009753075115351697,-0.003994719068778914,0.005724782016174854,-0.06316217672356271,0.06429085434364241,0.006888694295662104,0.006888694295662104,-21.61863087805976,0.006703564899402702,0.00018512939625940132,0.8200826542454887,0.8200826542454887,-0.8614237386785781,0.7980434404050837,0.022039213840404918,0.9702386331918457,0.9702386331918457,-0.1312143652505146,0.9441640703384088,0.026074562853436803
80.0,130.0,-0.010727048932827015,-0.002017970392335103,0.006137213745189256,-0.06455785109456201,0.06576110791199755,0.007207369057269985,0.007207369057269985,-21.422232390849743,0.007008804096427903,0.00019856496084208453,0.8580201258654745,0.8580201258654745,-0.6650252514685591,0.834381440050941,0.023638685814533874,1.0151224024323922,1.0151224024323922,0.06518412195950377,0.9871555065391412,0.02796689589325134
80.0,135.0,-0.011052850097378896,-0.00038425601200907616,0.006396464208706298,-0.06591107804434453,0.06713790368561437,0.0075123198687142055,0.0075123198687142055,-21.24225928428317,0.0073084694246495,0.0002038504440647006,0.8943237938945483,0.8943237938945483,-0.4850521449019859,0.8700558838868453,0.024267910007702446,1.0580732209456627,1.0580732209456627,0.24515722852607746,1.0293618907957043,0.028711330149957824
80.0,140.0,-0.010826158872200618,0.0008637597047313991,0.006523133653616785,-0.067186421947459,0.06837044949039456,0.007790680397825249,0.007790680397825249,-21.084246116320298,0.007594098701189192,0.00019658169663605847,0.9274619521220536,0.9274619521220536,-0.3270389769391133,0.9040593691891896,0.023402582932864104,1.0972789292711618,1.0972789292711618,0.40317039648894937,1.069591366364675,0.027687562906487106
80.0,145.0,-0.01015643478467773,0.0017104323671295921,0.006542018078359782,-0.06835251459200864,0.06943301086663516,0.008034715706053935,0.008034715706053935,-20.95029485356931,0.00785792196045786,0.000176793745596076,0.9565137745302305,0.9565137745302305,-0.1930877141881232,0.9354669000545072,0.021046874475723332,1.1316500994442162,1.1316500994442162,0.5371216592399403,1.106749571895473,0.024900527548743095
80.0,150.0,-0.009155558270354143,0.002164669349407844,0.006480872555640261,-0.0693838197240119,0.07031803601644995,0.008240849501735911,0.008240849501735911,-20.840280170771578,0.008093336242624464,0.00014751325911144437,0.9810535121114181,0.9810535121114181,-0.08307303139039698,0.9634924098362456,0.01756110227517195,1.1606830284135088,1.1606830284135088,0.6471363420376669,1.139906513045699,0.020776515367809067
80.0,155.0,-0.007927273109173592,0.0022558175700347553,0.006368155230561193,-0.07026250101814417,0.07103029510161095,0.008408639937097234,0.008408639937097234,-20.75274243866794,0.008295425317903261,0.00011321461919397606,1.0010285639401468,1.0010285639401468,0.004464700713240326,0.9875506330837217,0.013477930856425725,1.1843154840982018,1.1843154840982018,0.7346740741413036,1.1683697630849663,0.015945721013236065
80.0,160.0,-0.006558729137324715,0.002029031010397405,0.006230451084271658,-0.07097954765080049,0.07158246014327607,0.008539879808441043,0.008539879808441043,-20.685482415941507,0.008461325167887293,7.855464055374397e-05,1.0166523581477436,1.0166523581477436,0.07172472343967856,1.007300615224678,0.009351742923064758,1.2027999730198653,1.2027999730198653,0.8019340968677411,1.1917359391390554,0.011064033880809008
80.0,165.0,-0.005115246686624788,0.0015410489724651925,0.006090453599189709,-0.07153439127525367,0.07199168938680028,0.008637802069151,0.008637802069151,-20.63596751812065,0.008590235555440702,4.756651371029847e-05,1.0283097701370238,1.0283097701370238,0.12123962126053306,1.0226470899334168,0.005662680203606961,1.2165918407254928,1.2165918407254928,0.8514489946885959,1.2098923317522114,0.0066995089732814735
80.0,170.0,-0.00363897632528517,0.000856845929372227,0.005966109294754255,-0.07193271978211278,0.07227646206761631,0.00870627316977731,0.00870627316977731,-20.60167710453866,0.00868297982914287,2.329334063444284e-05,1.0364610916401562,1.0364610916401562,0.15553003484252553,1.0336880748979607,0.002773016742195577,1.2262356577151141,1.2262356577151141,0.8857394082705883,1.2229549055130802,0.0032807522020342032
80.0,175.0,-0.002151492754185778,4.710287647874894e-05,0.005870913965040974,-0.07218284276435846,0.0724531680472379,0.008748896484060168,0.008748896484060168,-20.580467219612903,0.0087411780996445,7.718384415666233e-06,1.0415352957214485,1.0415352957214485,0.17673991976828102,1.0406164404338691,0.0009188552875793137,1.232238941416925,1.232238941416925,0.9069492931963448,1.231151845020352,0.001087096396572709
80.0,180.0,-0.0006596818484718357,-0.0008138766593823965,0.005814700978350053,-0.07229153016859284,0.0725325696286991,0.008768082860147837,0.008768082860147837,-20.570953546700462,0.008766253610980143,1.8292491676978827e-06,1.043819388112838,1.043819388112838,0.18625359268072336,1.043601620354779,0.00021776775805927174,1.234941247908146,1.234941247908146,0.9164629661087864,1.2346836071803018,0.0002576407278447722
85.0,-180.0,-0.0007111258055371852,-0.00065971037496487,0.001301976148541651,-0.07261653448591887,0.0726346827646831,0.008792788083755268,0.008792788083755268,-20.5587339370927,0.00879121992454945,1.568159205818411e-06,1.0467604861613413,1.0467604861613413,0.19847320228848242,1.0465738005416012,0.00018668561974028702,1.238420856866939,1.238420856866939,0.9286825757165462,1.238199989373162,0.000220867493777241
85.0,-175.0,0.0010357855318442184,-0.0018090711266055303,0.0012953187120085512,-0.07257066951787813,0.07261215817511461,0.008787335503082647,0.008787335503082647,-20.5614279178972,0.008780093023693735,7.24247938890609e-06,1.046111369414601,1.046111369414601,0.19577922148398347,1.0452491694873496,0.000862199927250725,1.2376528877581194,1.2376528877581194,0.9259885949120473,1.2366328202385544,0.001020067519564238
85.0,-170.0,0.0027903072433979295,-0.0028524722059530857,0.001332930454786281,-0.07234664991890256,0.07246886828344869,0.008752688578392759,0.008752688578392759,-20.578585235023056,0.008726151849910217,2.6536728482540246e-05,1.0419867355229475,1.0419867355229475,0.17862190435812944,1.0388276011797877,0.0031591343431595534,1.2327730392102474,1.2327730392102474,0.9088312777861919,1.2290354718183403,0.003737567391907077
85.0,-165.0,0.004545930731442779,-0.003708847973963633,0.0014085094140449152,-0.07193403775232676,0.0721866381377584,0.008684646606979696,0.008684646606979696,-20.61247849037404,0.00862727955931362,5.736704766607722e-05,1.0338865008309164,1.0338865008309164,0.14472864900714116,1.0270570903944785,0.006829410436437766,1.2231896629548868,1.2231896629548868,0.8749380224352044,1.215109797086425,0.00807986586846158
85.0,-160.0,0.006279770396904087,-0.00430272726583557,0.0015058516705569302,-0.07132127507352666,0.07174218316673513,0.008578032651870725,0.008578032651870725,-20.6661230497264,0.008481453296922835,9.657935494788726e-05,1.0211943633179434,1.0211943633179434,0.09108408965478032,1.0096968210622423,0.011497542255700866,1.2081736129395386,1.2081736129395386,0.8212934630828438,1.19457088689054,0.013602726048998204
85.0,-155.0,0.007948506904768298,-0.004566839327070613,0.0015981462362460773,-0.07050143647103009,0.07111287787261564,0.008428203771363704,0.008428203771363704,-20.742649728611596,0.008288149098500872,0.00014005467286283308,1.0033575918290125,1.0033575918290125,0.014557410769586892,0.986684416488199,0.016673175340813466,1.1870709537131978,1.1870709537131978,0.7447667841976503,1.167344943450827,0.019726010262370856
85.0,-150.0,0.009486951112875714,-0.004444889567883127,0.0016499067640884336,-0.0694779865031143,0.07028280078046042,0.008232592856813548,0.008232592856813548,-20.84463362107181,0.008049665025279588,0.00018292783153395787,0.980070578192089,0.980070578192089,-0.08742648169062749,0.9582934553904272,0.02177712280166165,1.1595201206779644,1.1595201206779644,0.6427828917374361,1.1337556373633222,0.025764483314641953
85.0,-145.0,0.01080922690862616,-0.003894759652891977,0.0016217666821945675,-0.06826854427216038,0.06924761947769296,0.007991866391080123,0.007991866391080123,-20.973517853053064,0.007771857342434056,0.00022000904864606392,0.9514126656047766,0.9514126656047766,-0.21631071367188034,0.9252211121945306,0.0261915534102457,1.125614984659172,1.125614984659172,0.5138986597561828,1.094627794709022,0.030987189950149843
85.0,-140.0,0.011812555867286979,-0.0028922731489162148,0.001477030928369258,-0.06690523011488464,0.06801759446771655,0.0077104736101847576,0.0077104736101847576,-21.12918944909793,0.007463976550622642,0.00024649705956211396,0.917913525021995,0.917913525021995,-0.3719823097167444,0.8885686369788859,0.029344888043108808,1.0859821986175713,1.0859821986175713,0.3582270637113184,1.0512643029045974,0.0347178957129738
85.0,-135.0,0.012383646608392064,-0.0014352943518365676,0.0011879042277091545,-0.06543142313485327,0.06661904399722632,0.007396654113370525,0.007396654113370525,-21.30964689553702,0.007137635593615608,0.0002590185197549161,0.8805540611155387,0.8805540611155387,-0.5524397561558404,0.8497185230494771,0.030835538066061444,1.0417822694888061,1.0417822694888061,0.17776961727222257,1.005300787833184,0.03648148165562198
85.0,-130.0,0.012407581508487336,0.0004525557719431085,0.0007392357222269497,-0.06389616226989275,0.06509545996373294,0.007062198467485185,0.007062198467485185,-21.510600817145097,0.006805283044152356,0.00025691542333283214,0.8407379127958554,0.8407379127958554,-0.7533936777639137,0.8101527433514709,0.030585169444384778,0.9946758404908711,0.9946758404908711,-0.023184304335850458,0.9584905695989232,0.03618527089194818
85.0,-125.0,0.011778774115981758,0.002719620383618982,0.00012852226742394307,-0.06234829043213438,0.06350954016909051,0.0067222777833741655,0.0067222777833741655,-21.724835452295373,0.0064787237634423706,0.00024355401993179476,0.8002711646874007,0.8002711646874007,-0.967628312914187,0.7712766385050442,0.028994526182356522,0.9467996877991781,0.9467996877991781,-0.23741893948612391,0.912496304710193,0.03430338308898518
85.0,-120.0,0.010413100867828257,0.005286395478040987,-0.000637607651586648,-0.06083233326770158,0.06194641201186629,0.0063954459309941425,0.0063954459309941425,-21.941291683677946,0.006168153541073909,0.00022729238992023285,0.7613626108326361,0.7613626108326361,-1.1840845442967631,0.7343039929849893,0.02705861784764677,0.9007670325343863,0.9007670325343863,-0.45387517086869994,0.8687540198695646,0.032013012664821525
85.0,-115.0,0.00825985271330794,0.008048790617289496,-0.001548832661034691,-0.059387109333228126,0.060516409632554925,0.0061035825964820545,0.0061035825964820545,-22.144151739789393,0.005881907490202559,0.00022167510627949682,0.7266169757716732,0.7266169757716732,-1.3869446004082095,0.7002270821669713,0.026389893604702,0.8596595206312752,0.8596595206312752,-0.6567352269801464,0.8284376746764168,0.031221845954858708
85.0,-110.0,0.005311886127185323,0.010884389357022593,-0.002596240878955731,-0.05804674224820158,0.05935360830003651,0.005871279708359278,0.005871279708359278,-22.312672292964344,0.005626808691369212,0.0002444710169900629,0.6989618700427712,0.6989618700427712,-1.5554651535831596,0.6698581775439538,0.02910369249881702,0.8269408039942644,0.8269408039942644,-0.8252557801550966,0.7925082663900298,0.03443253760423422
85.0,-105.0,0.001612397096808299,0.013660975348220087,-0.0037751355182038832,-0.05684276122267886,0.05860523204852755,0.005724153849890548,0.005724153849890548,-22.422887020854656,0.005408791159779044,0.0003153626901115036,0.6814468868917318,0.6814468868917318,-1.6656798814734721,0.6439037094975053,0.03754317739422662,0.8062188520972601,0.8062188520972601,-0.935470508045409,0.7618015717998653,0.044417280297394876
85.0,-100.0,-0.0027428847227781274,0.01624617136923013,-0.005084649774436296,-0.05580574117443152,0.05840886843722585,0.005685859233169353,0.005685859233169353,-22.452038964947747,0.005233434057295231,0.00045242517587412327,0.6768880039487327,0.6768880039487327,-1.694831825566562,0.6230278639637181,0.05386013998501468,0.8008252441083596,0.8008252441083596,-0.9646224521384994,0.7371033883514411,0.06372185575691877
85.0,-95.0,-0.007608654903562613,0.01851694991047563,-0.006524609629276281,-0.054965419356277266,0.05886031701625838,0.005774092166376844,0.005774092166376844,-22.385162881675566,0.005106159463218614,0.0006679327031582281,0.6873919245686719,0.6873919245686719,-1.6279557422943847,0.6078761265736445,0.07951579799502717,0.8132524177995555,0.8132524177995555,-0.8977463688663213,0.7191773891857203,0.09407502861383496
85.0,-90.0,-0.01279796840847936,0.0203679564850102,-0.008091124284113524,-0.05434907937875715,0.05998275058930794,0.005996409343793355,0.005996409343793355,-22.221087277779606,0.005032029319113575,0.0009643800246797818,0.7138582552134948,0.7138582552134948,-1.4638801383984208,0.5990511094182829,0.11480714579521213,0.8445646963089234,0.8445646963089234,-0.7336707649703571,0.7087365238188134,0.1358281724901101
85.0,-85.0,-0.018094254957080457,0.021717914265666088,-0.009772758645839284,-0.053978789461149826,0.06171131489235681,0.006346994446800095,0.006346994446800095,-21.974318816647944,0.005015242717493282,0.0013317517293068124,0.7555945770000115,0.7555945770000115,-1.2171116772667576,0.597052704463486,0.15854187253652532,0.8939428798309994,0.8939428798309994,-0.48690230383869465,0.7063722137314481,0.18757066609955103
85.0,-80.0,-0.023265981385911957,0.02251374619056972,-0.011548780573853073,-0.053868521774300154,0.06390122556159819,0.0068054507168700835,0.0068054507168700835,-21.67143106703484,0.005058534110337769,0.0017469166065323144,0.8101727043892958,0.8101727043892958,-0.914223927653651,0.6022064417068772,0.2079662626824184,0.9585141854746596,0.9585141854746596,-0.18401455422558807,0.7124695930053194,0.24604459246934005
85.0,-75.0,-0.028082261306714217,0.022732405959812657,-0.013390092520145624,-0.05402215966190437,0.06635558750440428,0.007338267105499329,0.007338267105499329,-21.344064844125548,0.005162692225372092,0.0021755748801272376,0.8736032268451583,0.8736032268451583,-0.5868577047443639,0.6146062173062014,0.2589970095389569,1.0335587472534267,1.0335587472534267,0.14335166868369933,0.7271397500524072,0.30641899720101934
85.0,-70.0,-0.03232775634502328,0.022380716553592046,-0.015262433378794547,-0.054432979362727854,0.068861247583098,0.007902932845229492,0.007902932845229492,-21.022117084404005,0.0053263597073660695,0.0025765731378634216,0.9408253387177966,0.9408253387177966,-0.2649099450228227,0.6340904413531037,0.3067348973646931,1.1130891331309143,1.1130891331309143,0.46529942840524097,0.7501915080797281,0.3628976250511861
85.0,-65.0,-0.03581552418466328,0.021493707262831372,-0.01713066387851256,-0.055084553733580545,0.07122147800676976,0.008453965714674395,0.008453965714674395,-20.729395177984493,0.005546148846001408,0.002907816868672986,1.0064244898421901,1.0064244898421901,0.02781196139669046,0.6602558150001676,0.3461686748420222,1.1906993964330135,1.1906993964330135,0.7580213348247534,0.7811477247889308,0.40955167164408257
85.0,-60.0,-0.03839692937816561,0.02013192812528292,-0.018962692548081493,-0.05595243515239907,0.07327944748611225,0.008949584862338093,0.008949584862338093,-20.481971095083637,0.0058169608046006495,0.0031326240577374447,1.0654267693259636,1.0654267693259636,0.275236044297548,0.6924953338810298,0.3729314354449339,1.2605049101884638,1.2605049101884638,1.0054454177256111,0.8192902541691055,0.4412146560193584
85.0,-55.0,-0.039968187308080244,0.01837796921424276,-0.020731906739664928,-0.05700571718834115,0.07493109833942606,0.009357562041570107,0.009357562041570107,-20.288372847882425,0.006132295110714749,0.003225266930855359,1.1139954811392985,1.1139954811392985,0.46883429149875644,0.7300351322279464,0.3839603489113523,1.317966484728184,1.317966484728184,1.19904366492682,0.8637035367203872,0.454262948007797
85.0,-50.0,-0.040473435040798235,0.016332025049037018,-0.022417663696014403,-0.05820781413876119,0.07612841295209204,0.009658997873767505,0.009658997873767505,-20.150679295337,0.006484349355270468,0.0031746485184970404,1.1498806992580366,1.1498806992580366,0.6065278440441845,0.7719463518179129,0.3779343474401239,1.3604222357419022,1.3604222357419022,1.3367372174722476,0.9132886415873898,0.4471335941545127
85.0,-45.0,-0.03990439117035111,0.014106060715329917,-0.024004146749252307,-0.059516441350031604,0.07687488039478411,0.009849346684502146,0.009849346684502146,-20.065925756674158,0.0068638480475104475,0.002985498636991698,1.1725412719645412,1.1725412719645412,0.6912813827070257,0.8171247675607675,0.35541650440377365,1.3872319273946685,1.3872319273946685,1.4214907561350896,0.9667391616211897,0.42049276577347855
85.0,-40.0,-0.03829676965435512,0.011816205215156105,-0.025478389394723987,-0.06088346773789384,0.07721534977959862,0.009936782967704857,0.009936782967704857,-20.02754195634008,0.007259737250401061,0.002677045717303797,1.1829503532981973,1.1829503532981973,0.7296651830411025,0.8642544345715548,0.31869591872664255,1.3995468968598388,1.3995468968598388,1.4598745564691653,1.0224982042818394,0.37704869257799956
85.0,-35.0,-0.035723784471623415,0.009573499913423312,-0.026828357641453943,-0.06225560730071873,0.07722280810541911,0.009938702672646049,0.009938702672646049,-20.026703016069117,0.007659021917247229,0.0022796807553988182,1.1831788896007203,1.1831788896007203,0.7305041233120686,0.9117883234818132,0.27139056611890694,1.3998172778374718,1.3998172778374718,1.4607134967401323,1.0787354813024266,0.3210817965350448
85.0,-30.0,-0.03228739449503883,0.007473882485664064,-0.028041706705386613,-0.06357659508887596,0.0769847746033824,0.009877526495646707,0.009877526495646707,-20.05351796685977,0.008047011683104415,0.0018305148125422911,1.175896011386513,1.175896011386513,0.7036891725214147,0.9579775813219542,0.21791843006455844,1.3912009148798177,1.3912009148798177,1.433898545949477,1.1333819271978047,0.2578189876820128
85.0,-25.0,-0.028108335347445407,0.005588919689667411,-0.029105386189210863,-0.06479072531897397,0.07659161920134501,0.00977689655164744,0.00977689655164744,-20.097989800168257,0.008408071234428527,0.0013688253172189134,1.1639162561485048,1.1639162561485048,0.6592173392129236,1.0009608612414913,0.16295539490701352,1.3770276833306254,1.3770276833306254,1.3894267126409874,1.1842353851307783,0.19279229819984695
85.0,-20.0,-0.02331630855596357,0.003958972991418057,-0.030005883705485317,-0.06584688687437729,0.07612811096971885,0.009658921244262113,0.009658921244262113,-20.150713750157045,0.008726737019305167,0.0009321842249569445,1.1498715766978709,1.1498715766978709,0.6064933892241393,1.0388972642029963,0.11097431249487436,1.3604114428538188,1.3604114428538188,1.3367027626522021,1.2291178900429813,0.13129355281083724
85.0,-15.0,-0.018041776894840447,0.0025900802947245276,-0.030729726757659594,-0.0667019737806065,0.07566824725263203,0.009542581255906226,0.009542581255906226,-20.203341333079756,0.008988903917615528,0.0005536773382906978,1.1360215780840746,1.1360215780840746,0.5538658063014298,1.0701076092399437,0.06591396884413069,1.3440255290008767,1.3440255290008767,1.2840751797294927,1.2660428052979615,0.07798272370291517
85.0,-10.0,-0.012410553126669863,0.0014550458244074315,-0.03126394496101479,-0.06732291755462144,0.07527249477633075,0.009443024980640688,0.009443024980640688,-20.24888861426827,0.009182799465883034,0.0002602255147576513,1.1241696405524628,1.1241696405524628,0.5083185251129151,1.0931904126051233,0.030979227947339445,1.3300035184000967,1.3300035184000967,1.238527898540978,1.2933520374483147,0.036651480951781876
85.0,-5.0,-0.006541788072476696,0.0004983961308720357,-0.03159644872115981,-0.06768733177050312,0.07498635771850443,0.009371368958849595,0.009371368958849595,-20.281969632373027,0.009299631665767787,7.173729308180785e-05,1.115639161767809,1.115639161767809,0.4752375070081585,1.1070990078294987,0.00854015393831046,1.3199111209647314,1.3199111209647314,1.205446880436221,1.3098072768687026,0.010103844096029276
85.0,0.0,-0.0005491914483400078,-0.0003557132263973112,-0.03171654346194198,-0.06778341253604797,0.07483955028827795,0.009334710561595181,0.009334710561595181,-20.29899143537167,0.009333997006495285,7.135550998945738e-07,1.1112750668565694,1.1112750668565694,0.45821570400951284,1.1111901198208674,8.494703570173497e-05,1.3147479664218567,1.3147479664218567,1.1884250774375762,1.3146474657035614,0.00010050071829501038
85.0,5.0,0.005455444385178743,-0.0011937635227989405,-0.03161589623616263,-0.06760991908794146,0.07484552757968867,0.00933620171201545,0.00933620171201545,-20.298297737719302,0.009284224695233306,5.1977016782144536e-05,1.1114525847637442,1.1114525847637442,0.4589094016618792,1.1052648446706317,0.006187740093112445,1.3149579876078097,1.3149579876078097,1.1891187750899417,1.3076372810187753,0.007320706589034441
85.0,10.0,0.011357883009798632,-0.0021023808244528437,-0.031290107473975044,-0.06717667411235843,0.07500131920257282,0.00937510893447034,0.00937510893447034,-20.280236772680304,0.009152744987171325,0.00022236394729901226,1.1160843969607548,1.1160843969607548,0.47697036670087983,1.0896124984727769,0.026471898487977652,1.320437878094414,1.320437878094414,1.207179740128943,1.2891190122776512,0.031318865816762284
85.0,15.0,0.01703785191342533,-0.0031580365523427908,-0.030740661318588217,-0.0665053014163582,0.07528748214327895,0.00944678572141072,0.00944678572141072,-20.24715935502726,0.008946361523135243,0.0005004241982754756,1.1246173477869905,1.1246173477869905,0.5100477843539251,1.0650430384684815,0.05957430931850901,1.330533200198693,1.330533200198693,1.2402571577819885,1.2600509187514428,0.07048228144725009
85.0,20.0,0.02236753411730726,-0.004417841378797935,-0.02997661931015468,-0.06562928107094386,0.07566785409995458,0.009542482094586639,0.009542482094586639,-20.20338646283712,0.008676129330177711,0.0008663527644089262,1.1360097731650762,1.1360097731650762,0.5538206765440652,1.0328725393068705,0.10313723385820549,1.3440115626178364,1.3440115626178364,1.284030049972128,1.2219900465039029,0.12202151611393325
85.0,25.0,0.027212846359493812,-0.005912339768201255,-0.029015223748542807,-0.06459226053517708,0.07608901431049207,0.009649002842804734,0.009649002842804734,-20.155175656451796,0.008356542011144275,0.0012924608316604608,1.1486908146196113,1.1486908146196113,0.6020314829293862,0.994826429898128,0.15386438472148345,1.3590144849020755,1.3590144849020755,1.3322408563574506,1.1769777480484893,0.182036736853586
85.0,30.0,0.031437507588629454,-0.0076411430763441,-0.027880755626048113,-0.06344410630183608,0.07648003078984987,0.009748428851874893,0.009748428851874893,-20.1106537362908,0.008003963365070923,0.0017444654868039775,1.1605272442708208,1.1605272442708208,0.6465534030903842,0.9528527815560622,0.20767446271475923,1.3730181481513934,1.3730181481513934,1.3767627765184476,1.1273187838128058,0.24569936433858836
85.0,35.0,0.03490935398247998,-0.009571958729864598,-0.026601543382239398,-0.06223524651227783,0.07675384946803306,0.009818357701989692,0.009818357701989692,-20.07961149749855,0.007634600167005025,0.0021837575349846652,1.1688521073797256,1.1688521073797256,0.6775956418826352,0.9088809722625031,0.2599711351172221,1.3828672819703791,1.3828672819703791,1.4078050153106978,1.0752957981697218,0.307571483800657
85.0,40.0,0.03750809530722951,-0.011643067145280881,-0.02520575232545439,-0.061010928961706234,0.0768119888376043,0.009833237719807904,0.009833237719807904,-20.073034615850624,0.007262601238131718,0.0025706364816761797,1.1706235380723695,1.1706235380723695,0.6841725235305584,0.8645953854918713,0.3060281525804976,1.3849630591278737,1.3849630591278737,1.4143818969586217,1.0229015828354533,0.36206147629241964
85.0,45.0,0.03913371000503202,-0.013768715143273647,-0.023717196524907194,-0.05980746829559748,0.07655366385996507,0.009767208977379047,0.009767208977379047,-20.10229520098193,0.00689890192633711,0.0028683070510419394,1.1627629734975056,1.1627629734975056,0.654911938399249,0.8212978483734655,0.3414651251240404,1.3756632362505699,1.3756632362505699,1.3851213118273122,0.9716763276531141,0.4039869085974563
85.0,50.0,0.03971480144815808,-0.015846470758764393,-0.022152613379117763,-0.058651991290323745,0.07588919851612529,0.009598391289629752,0.009598391289629752,-20.17801549520999,0.006551169596787296,0.0030472216928424584,1.1426656297178277,1.1426656297178277,0.5791916441711966,0.7799011424746781,0.36276448724314986,1.351886097130951,1.351886097130951,1.3094010175992599,0.9226999432094781,0.429186153921473
85.0,55.0,0.039216321319504706,-0.017765494028088736,-0.020521473848278172,-0.05756575852284227,0.07475613740096829,0.009313914037810385,0.009313914037810385,-20.308677746786667,0.006224765755517553,0.0030891482822928296,1.1087992902155221,1.1087992902155221,0.4485293925945164,0.7410435423235182,0.3677557478920036,1.311818878564843,1.311818878564843,1.1787387660225799,0.8767275711996554,0.4350913073651873
85.0,60.0,0.03764601739665105,-0.01941491298191212,-0.01882854330104369,-0.05656952595565795,0.0731354003312439,0.008914434620015005,0.008914434620015005,-20.499061958642834,0.005924235946513237,0.0029901986735017677,1.0612422166684532,1.0612422166684532,0.2581451807383499,0.7052661841087187,0.3559760325597343,1.2555541718330994,1.2555541718330994,0.9883545541664129,0.8343994290863713,0.4211547427467279
85.0,65.0,0.035058811504168966,-0.020691859921682754,-0.017078367131917457,-0.05568846083109916,0.07106439773003649,0.008416716084348652,0.008416716084348652,-20.748573223524765,0.0056546589374071666,0.002762057146941484,1.0019900100415062,1.0019900100415062,0.008633915856417713,0.6731736830246626,0.3288163270168434,1.1854529696265708,1.1854529696265708,0.7388432892844815,0.7964308362545304,0.38902213337204
85.0,70.0,0.03155819091507016,-0.0215089688307432,-0.015280069441502144,-0.05495434857001063,0.06864412649954296,0.00785317515778309,0.00785317515778309,-21.04954715904316,0.005422307170174198,0.0024308679876088924,0.9349018044979871,0.9349018044979871,-0.2923400196619765,0.6455127583540713,0.2893890461439158,1.1060810081384636,1.1060810081384636,0.43786935376608704,0.7637052352358026,0.3423757729026609
85.0,75.0,0.027293767897736253,-0.021801122614817297,-0.013450692198069937,-0.05440407415631658,0.0660375886805008,0.007268100634691741,0.007268100634691741,-21.385790680468958,0.005234417357557731,0.0020336832771340138,0.8652500755585407,0.8652500755585407,-0.6285835410877734,0.6231449235187775,0.24210515203976357,1.0236761457312311,1.0236761457312311,0.10162583234028959,0.7372418813461592,0.28643426438507236
85.0,80.0,0.022454533595816846,-0.0215310343873388,-0.011615868686391565,-0.05407494731773096,0.06345722853662382,0.006711208312594175,0.006711208312594175,-21.731992806880903,0.005098260444194023,0.0016129478684001515,0.7989533705469256,0.7989533705469256,-0.9747856674997191,0.6069357671659552,0.19201760338097038,0.9452406074076303,0.9452406074076303,-0.24457629407165543,0.7180648512949327,0.22717575611269733
85.0,85.0,0.01725797974957049,-0.020693061385933253,-0.009807677002710896,-0.0539985856874249,0.06113982694602808,0.006229983958872258,0.006229983958872258,-22.05513071572328,0.005019944708703142,0.001210039250169115,0.7416647570086022,0.7416647570086022,-1.2979235763420969,0.5976124653218027,0.1440522916867994,0.8774625294186278,0.8774625294186278,-0.5677142029140343,0.7070344660145271,0.1704280634041007
85.0,90.0,0.01193602030449353,-0.01931467881623048,-0.008060584686485166,-0.05419534636565997,0.05930964501381944,0.0058625852022458225,0.0058625852022458225,-22.319108325333517,0.005003396446482174,0.0008591887557636479,0.6979268097911694,0.6979268097911694,-1.5619011859523324,0.5956424341050208,0.10228437568614857,0.8257162256684255,0.8257162256684255,-0.83169181252427,0.7047037248566442,0.1210125008117814
85.0,95.0,0.006719275497327737,-0.017455322020879932,-0.0064070134616494075,-0.05467078497319278,0.05813588806532883,0.005632836430717354,0.005632836430717354,-22.492728598543458,0.005049788616692982,0.0005830478140243732,0.6705757655615898,0.6705757655615898,-1.7355214591622734,0.6011653115110692,0.06941045405052063,0.7933572437630076,0.7933572437630076,-1.00531208573421,0.7112378333370396,0.08211941042596806
85.0,100.0,0.0018215788753894676,-0.015202702022899939,-0.004873996782514169,-0.05541473483154126,0.05769739144434816,0.005548184255609072,0.005548184255609072,-22.558491244074208,0.005157459630066702,0.0003907246255423742,0.6604981256677468,0.6604981256677468,-1.8012841046930228,0.613983289293655,0.04651483637409217,0.7814344021984609,0.7814344021984609,-1.0710747312649596,0.726402764798127,0.055031637400334385
85.0,105.0,-0.0025735461306978036,-0.01266701289195109,-0.00348176211060663,-0.05640276697533932,0.057969570855414904,0.005600653295617071,0.005600653295617071,-22.51761311184282,0.005322199263589,0.00027845403202807163,0.6667444399544133,0.6667444399544133,-1.760405972461636,0.633595150427262,0.033149289527151383,0.7888244078333903,0.7888244078333903,-1.0301965990335735,0.7496055300829577,0.03921887775043262
85.0,110.0,-0.006323146513760659,-0.009973569143806578,-0.002244173742645273,-0.05759925295624773,0.05884016077651188,0.005770138261112821,0.005770138261112821,-22.38813780376512,0.005537719964509375,0.0002324182966034425,0.6869212215610502,0.6869212215610502,-1.6309306643839319,0.6592523767273067,0.02766884483374316,0.8126955297342,0.8126955297342,-0.9007212909558693,0.7799605583816022,0.032734971352597536
85.0,115.0,-0.009331155696570352,-0.007254387389194909,-0.0011702210771611168,-0.05896104863632858,0.06014541775306814,0.006028976757254535,0.006028976757254535,-22.197563904115682,0.005796154570624087,0.00023282218663044804,0.7177353282445876,0.7177353282445876,-1.4403567647345004,0.6900184012647722,0.027716926979815242,0.849151655951343,0.849151655951343,-0.7101473913064372,0.8163597986794487,0.032791857271894084
85.0,120.0,-0.011550652560859919,-0.00463921167862015,-0.000265431954458579,-0.06044090440903967,0.061709912003549826,0.006346705876502289,0.006346705876502289,-21.974516275993615,0.006088478860795604,0.00025822701570668636,0.7555602233931297,0.7555602233931297,-1.217309136612431,0.7248189119994768,0.03074131139365314,0.893902236127083,0.893902236127083,-0.4870997631843673,0.8575322339148738,0.036370002212209346
85.0,125.0,-0.012982334130839627,-0.00224659499866689,0.00046767994628832063,-0.06199003420007369,0.06337642505878084,0.006694127714467526,0.006694127714467526,-21.743060061761206,0.006404820882653065,0.0002893068318144635,0.7969199660080389,0.7969199660080389,-0.985852922380021,0.7624786765063173,0.034441289501721845,0.9428348893616235,0.9428348893616235,-0.2556435489519573,0.9020874482609951,0.04074744110062866
85.0,130.0,-0.013669645116443469,-0.0001758635880191161,0.0010304035500536364,-0.06355976230885979,0.06502149830514377,0.007046159401944133,0.007046159401944133,-21.520475362042106,0.006734683197356178,0.0003114762045879567,0.8388285002314445,0.8388285002314445,-0.7632682226609213,0.8017479996852594,0.03708050054618532,0.9924168171752299,0.9924168171752299,-0.033058849232858636,0.9485469292050955,0.04386988797013474
85.0,135.0,-0.013691058430576691,0.0014990639271881506,0.0014294128537340346,-0.06510264807779502,0.06655892337962589,0.0073833098583333066,0.0073833098583333066,-21.3174890498394,0.0070671635171092664,0.0003161463412240418,0.8789654593253937,0.8789654593253937,-0.5602819104582116,0.8413289901320555,0.037636469193338316,1.039902796948353,1.039902796948353,0.1699274629698514,0.9953751432548262,0.044527653693527014
85.0,140.0,-0.01315007187220816,0.0027331512920889056,0.0016782238235754643,-0.06657373216252967,0.06793579877708027,0.0076919400439941134,0.0076919400439941134,-21.139641095952832,0.0073912896166630025,0.00030065042733111105,0.9157071480945373,0.9157071480945373,-0.38243395657165086,0.8799154305551193,0.03579171753941798,1.0833718371822694,1.0833718371822694,0.3477754168564122,1.0410267065722536,0.04234513061001564
85.0,145.0,-0.012163676970462896,0.003510623080019876,0.0017975723752850252,-0.06793238866284025,0.06912539481070117,0.00796367939582011,0.00796367939582011,-20.988862322494594,0.007696553169319117,0.0002671262265009958,0.9480570709309657,0.9480570709309657,-0.23165518311341177,0.9162563296808474,0.03180074125011855,1.121644985326776,1.121644985326776,0.49855419031465087,1.0840215731435374,0.03762341218323885
85.0,150.0,-0.010850352269057966,0.0038425328740146376,0.0018141818407006183,-0.06914475019421751,0.07011977565867138,0.00819444517699918,0.00819444517699918,-20.864804459647146,0.007973625040570663,0.00022082013642852296,0.9755291877379978,0.9755291877379978,-0.10759732026596547,0.9492410762584123,0.026288111479586068,1.1541472080280535,1.1541472080280535,0.6226120531620973,1.123045780362065,0.031101427665989147
85.0,155.0,-0.009318908039870052,0.0037624265963354005,0.001758075069307516,-0.07018607534094118,0.07092371888629331,0.008383425661856087,0.008383425661856087,-20.765784823201038,0.008215099792547132,0.00016832586930895407,0.998026864506677,0.998026864506677,-0.008577683819855117,0.9779880705413252,0.020038793965351676,1.1807641777262092,1.1807641777262092,0.721631689608208,1.1570563088094552,0.023707868916754093
85.0,160.0,-0.00765959615912197,0.0033213006973849485,0.0016592204587416517,-0.07104210344561462,0.07155021960938625,0.008532188866278828,0.008532188866278828,-20.689395396882816,0.008416024183608041,0.000116164682670789,1.0157367697950987,1.0157367697950987,0.06781174249836754,1.0019076409057193,0.013829128889379642,1.2017167417294123,1.2017167417294123,0.7980211159264303,1.1853555188180338,0.01636122291137873
85.0,165.0,-0.0059386867196552385,0.002582911227283155,0.00154457084036279,-0.07170859633993935,0.07201699742760384,0.00864387622225273,0.00864387622225273,-20.632914607126168,0.008573978818368518,6.989740388421103e-05,1.0290328836015157,1.0290328836015157,0.12429253225501594,1.0207117640914904,0.008321119510025123,1.2174473552468634,1.2174473552468634,0.8545019056830789,1.2076026504744393,0.009844704772424087
85.0,170.0,-0.004197203066495697,0.001620010168349055,0.001436303621442139,-0.07218883779484499,0.07234315597753779,0.008722348204028703,0.008722348204028703,-20.593665798880313,0.008688614087895662,3.373411613304315e-05,1.0383747861938932,1.0383747861938932,0.1635413405008696,1.0343588199875788,0.004015966206314661,1.2284997470462962,1.2284997470462962,0.8937507139289331,1.2237484630838962,0.0047512839624004434
85.0,175.0,-0.002453808732078378,0.0005115223681148302,0.0013514023265469091,-0.07248958339459727,0.07254549483873671,0.008771208060612764,0.008771208060612764,-20.569405870300933,0.008760736919925514,1.0471140687254635e-05,1.044191435787234,1.044191435787234,0.18780126908024813,1.042944871419704,0.001246564367530314,1.2353814169877133,1.2353814169877133,0.9180106425083114,1.233906608440213,0.0014748085475006529
85.0,180.0,-0.0007111258055371852,-0.0006597103749648716,0.001301976148541651,-0.07261653448591887,0.0726346827646831,0.008792788083755268,0.008792788083755268,-20.5587339370927,0.00879121992454945,1.5681592058184145e-06,1.0467604861613413,1.0467604861613413,0.19847320228848242,1.0465738005416012,0.00018668561974028743,1.238420856866939,1.238420856866939,0.9286825757165462,1.238199989373162,0.00022086749377724145
90.0,-180.0,-0.0007448083132126176,-0.00048409477681015593,-0.0027696609275448597,-0.07275951918630126,0.07281763344857943,0.008837138040119675,0.008837138040119675,-20.53688361076002,0.008835822925808638,1.315114311040725e-06,1.05204024287139,1.05204024287139,0.22032352862116109,1.0518836816438857,0.00015656122750484823,1.2446673295943202,1.2446673295943202,0.9505329020492238,1.2444821022265689,0.00018522736775221477
90.0,-175.0,0.0012191414269733902,-0.0019605176328927774,-0.0027728827941985194,-0.07269585412007276,0.0727853420713615,0.008829302023718177,0.008829302023718177,-20.540736270259224,0.00882041900764758,8.883016070599071e-06,1.0511073837759737,1.0511073837759737,0.21647086912195923,1.0500498818628075,0.001057501913166556,1.2435636653124194,1.2435636653124194,0.9466802425500221,1.2423125362883918,0.0012511290240280382
90.0,-170.0,0.003194635398449432,-0.003325747189232445,-0.002737028758224987,-0.07241440314941704,0.0726126944797214,0.008787465307953728,0.008787465307953728,-20.561363765205126,0.008752022326798736,3.544298115499542e-05,1.046126822375444,1.046126822375444,0.1958433741760594,1.0419074198569924,0.004219402518451837,1.237671170134328,1.237671170134328,0.9260527476041223,1.2326792009575682,0.004991969176759919
90.0,-165.0,0.005179802918194737,-0.004490014413352449,-0.002671192512763873,-0.07190581346151306,0.07228119995341535,0.008707414639042049,0.008707414639042049,-20.601107743460076,0.008629098837918953,7.831580112309282e-05,1.0365969808383393,1.0365969808383393,0.15609939592110966,1.027273671180828,0.00932330965751105,1.2263964280340913,1.2263964280340913,0.8863087693491725,1.2153660335097116,0.011030394524379268
90.0,-160.0,0.007155941922643146,-0.005369085562761272,-0.002595771707382054,-0.07116107406313216,0.07176817593582771,0.008584249558116958,0.008584249558116958,-20.66297665210596,0.008450861726312611,0.00013338783180434397,1.0219344712043996,1.0219344712043996,0.0942304872752242,1.0060549674181682,0.015879503786231427,1.2090492335375995,1.2090492335375995,0.8244398607032878,1.1902622149736073,0.018787018563992106
90.0,-155.0,0.009082742541219614,-0.005887064263464307,-0.002542589413268995,-0.07017749530191791,0.07105279266494328,0.008413967350364005,0.008413967350364005,-20.749991775560392,0.008218715720795116,0.00019525162956888898,1.0016627798052387,1.0016627798052387,0.0072153638207899905,0.9784185381898949,0.023244241615343927,1.1850658239949303,1.1850658239949303,0.737424737248854,1.1575655944781853,0.027500229516744922
90.0,-150.0,0.010896094830579925,-0.005979538960735059,-0.0025521731678973397,-0.06896459399496443,0.07012209766905979,0.008194987902690985,0.008194987902690985,-20.86451683191521,0.007937527686987191,0.0002574602157037892,0.975593797939403,0.975593797939403,-0.10730969253402656,0.94494377226038,0.030650025679022527,1.1542236482663357,1.1542236482663357,0.6228996808940361,1.1179616460545339,0.03626200221180129
90.0,-145.0,0.01250868633790876,-0.005597319639305017,-0.002668018196342864,-0.06754780926618041,0.06897551796689198,0.00792918332695912,0.00792918332695912,-21.00771540911861,0.0076161953322648425,0.0003129879946942799,0.9439503960665622,0.9439503960665622,-0.25050826973742607,0.9066899205077192,0.03726047555884285,1.1167863840787493,1.1167863840787493,0.4797011036906365,1.0727035679246255,0.044082816154123926
90.0,-140.0,0.01381357671863744,-0.004710817507600724,-0.002929053453739486,-0.06596856218559542,0.06762719315719998,0.0076222158513684175,0.0076222158513684175,-21.179187567274752,0.007267213042660316,0.00035500280870809885,0.9074066489724307,0.9074066489724307,-0.42198042789356827,0.8651444098405139,0.04226223913191653,1.073551528361749,1.073551528361749,0.3082289455344951,1.0235511327690585,0.050000395592689977
90.0,-135.0,0.014690864817475488,-0.003314686737009945,-0.00336255292450088,-0.06428047578389082,0.06610669396077291,0.007283320055616442,0.007283320055616442,-21.376706051447233,0.006905314532334382,0.00037800552328206373,0.8670619113829099,0.8670619113829099,-0.6194989120660467,0.8220612538493313,0.04500065753357902,1.025819726143161,1.025819726143161,0.11071046136201688,0.9725795115963918,0.05324021454676953
90.0,-130.0,0.015017309223119182,-0.0014318560831007138,-0.003979825427056624,-0.062543046942216,0.06445961153615165,0.006924906054472756,0.006924906054472756,-21.595861140037066,0.00654563200958317,0.00037927404488958427,0.8243935779134234,0.8243935779134234,-0.8386540006558802,0.7792419059027583,0.0451516720106648,0.9753388809116557,0.9753388809116557,-0.10844462722781738,0.9219200013497423,0.05341887956191328
90.0,-125.0,0.014678306111498113,0.0008841995896369462,-0.004776069375830925,-0.06081498776877383,0.06274956617552042,0.006562358822131179,0.006562358822131179,-21.82940026584678,0.006201976513716626,0.0003603823084145545,0.7812331931108547,0.7812331931108547,-1.0721931264655946,0.7383305373472173,0.04290265576363745,0.9242758904410111,0.9242758904410111,-0.3419837530375313,0.8735178188333276,0.05075807160768373
90.0,-120.0,0.013581079292986416,0.0035499704996364277,-0.0057342122221358035,-0.059149363560884176,0.06106207009901333,0.006214147608273259,0.006214147608273259,-22.066184349083397,0.005885742003027353,0.0003284056052459065,0.739779477175388,0.739779477175388,-1.3089772097022143,0.7006835717889708,0.03909590538641745,0.8752320575032758,0.8752320575032758,-0.5787678362741507,0.8289777469052609,0.046254310598015
90.0,-115.0,0.011667485169683483,0.006455701300080138,-0.0068310826098825495,-0.05759162906252668,0.059508534826185615,0.005901970483521057,0.005901970483521057,-22.290029667906484,0.005605633649180684,0.00029633683434037567,0.7026155337525068,0.7026155337525068,-1.5328225285252997,0.6673373391881766,0.03527819456433044,0.8312634483832475,0.8312634483832475,-0.802613155097236,0.7895258660817863,0.04173758230146136
90.0,-110.0,0.00892465399755921,0.009472228977367157,-0.008043529367444955,-0.056180279923800355,0.058226237966893746,0.005650358195641939,0.005650358195641939,-22.47924019886789,0.005368077227966105,0.0002822809676758328,0.6726616899573737,0.6726616899573737,-1.7220330594867068,0.6390568128531078,0.03360487710426581,0.7958250979777378,0.7958250979777378,-0.9918236860586438,0.7560672152064937,0.039757882771244056
90.0,-105.0,0.0053918631713520395,0.012459998754663106,-0.009352372942837443,-0.05494879666426842,0.057368640318015404,0.005485138928325673,0.005485138928325673,-22.60812368081774,0.005177939903281757,0.0003071990250439168,0.6529927295625801,0.6529927295625801,-1.850916541436555,0.616421417057352,0.03657131250522819,0.7725547786374187,0.7725547786374187,-1.1207071680084915,0.7292873103213741,0.04326746831604461
90.0,-100.0,0.0011625373379432066,0.015279039980945644,-0.010743155561867675,-0.05392729285097184,0.05708212383454574,0.0054304868317538784,0.0054304868317538784,-22.65161235076533,0.00503916179134824,0.0003913250404056381,0.6464865275897475,0.6464865275897475,-1.894405211384145,0.5999002132557429,0.04658631433400453,0.764857300247025,0.764857300247025,-1.164195837956082,0.7097410973729915,0.05511620287403353
90.0,-95.0,-0.0036190285804563395,0.01779867614473606,-0.012204025806188597,-0.05314276255683871,0.057471572959351055,0.005504839808331103,0.005504839808331103,-22.59255314543291,0.004955035693932364,0.0005498041143987394,0.6553380724203695,0.6553380724203695,-1.8353460060517244,0.5898852016586148,0.0654528707617547,0.7753295504691694,0.7753295504691694,-1.1051366326236611,0.6978923512580794,0.07743719921109006
90.0,-90.0,-0.008765885178148062,0.01990597750155098,-0.01372217341607565,-0.05261769014423927,0.05856627052002507,0.005716545394410528,0.005716545394410528,-22.428663434773686,0.004928082831126348,0.0007884625632841791,0.6805411183822057,0.6805411183822057,-1.6714562953925043,0.5866765275150414,0.0938645908671642,0.80514723864937,0.80514723864937,-0.9412469219644413,0.6940961733980772,0.11105106525129285
90.0,-85.0,-0.014060607270474229,0.021512297275929147,-0.015280634309566844,-0.05236759678195273,0.060302094395819766,0.006060428202672431,0.006060428202672431,-22.174966894495793,0.004959654784392846,0.0011007734182795848,0.7214795479371942,0.7214795479371942,-1.4177597551146104,0.5904350933801007,0.13104445455709343,0.8535814369961169,0.8535814369961169,-0.6875503816865475,0.698542927379274,0.15503850961684293
90.0,-80.0,-0.019270022752764102,0.022557565254667362,-0.01685694275823532,-0.052398546023337204,0.06252952639853297,0.006516415931852079,0.006516415931852079,-21.85991203193607,0.005049487946162124,0.0014669279856899533,0.7757638014109618,0.7757638014109618,-1.1027048925548841,0.6011295174002529,0.17463428401070874,0.9178050608242364,0.9178050608242364,-0.37249551912682083,0.711195485374947,0.20660957544928918
90.0,-75.0,-0.02416088438885492,0.023012317374529478,-0.01842423572850819,-0.05270561039790049,0.06504343867749152,0.007050915411808159,0.007050915411808159,-21.517544954215687,0.0051954339829402224,0.001855481428867936,0.8393946918819237,0.8393946918819237,-0.7603378148345037,0.6185040455881217,0.22089064629380192,0.993086677719459,0.993086677719459,-0.0301284414064402,0.7317512652028482,0.2613354125166107
90.0,-70.0,-0.02851492325934081,0.022877708887227073,-0.01995439576298598,-0.053272876065291505,0.06762150284449898,0.00762093320263204,0.00762093320263204,-21.179918449414355,0.005393501658210005,0.0022274315444220376,0.9072539526942907,0.9072539526942907,-0.4227113100331706,0.6420835307392865,0.2651704219550045,1.0733708736101464,1.0733708736101464,0.30749806339489183,0.7596481208746486,0.3137227527354982
90.0,-65.0,-0.03214197117315914,0.022183945057597222,-0.0214220449931582,-0.05407491712524404,0.07005879247464654,0.008180197953622837,0.008180197953622837,-20.872361866555885,0.005638201625395665,0.002541996328227172,0.9738330897170044,0.9738330897170044,-0.11515472717470486,0.6712144792137696,0.3026186105032348,1.152140556848287,1.152140556848287,0.6150546462533589,0.7941129049853047,0.35802765186298197
90.0,-60.0,-0.03489021608053037,0.020987580579679352,-0.02280794183024707,-0.0550790726685663,0.07219218914325687,0.008685982321618302,0.008685982321618302,-20.61181058882543,0.005923037886195127,0.002762944435423176,1.0340455144783696,1.0340455144783696,0.1453965505557519,0.7051235578803723,0.32892195659799717,1.2233777917772257,1.2233777917772257,0.8756059239838148,0.8342306881964967,0.389147103580729
90.0,-55.0,-0.03665305640444694,0.01936793619462538,-0.024100642088557247,-0.05624759075675939,0.07391343525535307,0.009105112010555022,0.009105112010555022,-20.40714707170902,0.006240906994919358,0.0028642050156356654,1.0839419060184552,1.0839419060184552,0.35006006767216746,0.7429651184427808,0.34097678757567446,1.2824101423316934,1.2824101423316934,1.080269441100231,0.8790009851999094,0.4034091571317838
90.0,-50.0,-0.03737235169263152,0.017422534800355455,-0.02529600131658603,-0.05753892985692377,0.0751721592186632,0.009417867326237754,0.009417867326237754,-20.260474319532552,0.006584205101573792,0.0028336622246639626,1.1211746816949706,1.1211746816949706,0.49673281984863304,0.7838339406635467,0.3373407410314241,1.3264601867940498,1.3264601867940498,1.2269421932766968,0.9273528312075762,0.39910735558647353
90.0,-45.0,-0.037038092580520404,0.015261185957163944,-0.026394896231510877,-0.05890814166523711,0.07597094049928704,0.009619079717106377,0.009619079717106377,-20.168664760807744,0.006944602560661407,0.0026744771564449657,1.1451285377507594,1.1451285377507594,0.5885423785734443,0.8267384000787389,0.31839013767201974,1.3547999601558278,1.3547999601558278,1.3187517520015075,0.9781130367128742,0.3766869234429529
90.0,-40.0,-0.03568468256772788,0.012998391830650009,-0.0274001027629903,-0.06030694553933321,0.07635475146871437,0.009716517874056549,0.009716517874056549,-20.124893460847627,0.007312649906770454,0.0024038679672860976,1.1567283183400654,1.1567283183400654,0.6323136785335575,0.8705535603298159,0.2861747580102498,1.3685236442333166,1.3685236442333166,1.3625230519616205,1.02995069109443,0.33857295313888697
90.0,-35.0,-0.033384235224295386,0.010744206561800777,-0.02831339621632674,-0.06168440947822121,0.07639738159212853,0.009727370688847662,0.009727370688847662,-20.120045337951716,0.007677510421442333,0.0020498602674053307,1.1580203201009123,1.1580203201009123,0.6371618014294669,0.9139893358859921,0.2440309842149203,1.3700522096968537,1.3700522096968537,1.36737117485753,1.0813394959777933,0.28871271371906065
90.0,-30.0,-0.030237604897870533,0.00859439688026837,-0.029133652836214913,-0.06298885312564632,0.07618754329521743,0.009674008344728367,0.009674008344728367,-20.143935423281796,0.008027086465223708,0.0016469218795046566,1.1516676600867104,1.1516676600867104,0.6132717160993868,0.9556055315742511,0.1960621285124591,1.3625363865814601,1.3625363865814601,1.3434810895274505,1.1305755584822124,0.2319608280992474
90.0,-25.0,-0.026364245492077675,0.006621371305523911,-0.029856219151356785,-0.06417085449907188,0.07581693997707274,0.009580121613492068,0.009580121613492068,-20.186289777968945,0.008348623962574157,0.0012314976509179103,1.1404906682728653,1.1404906682728653,0.570917361412239,0.9938838050683523,0.14660686320451316,1.3493129033087419,1.3493129033087419,1.3011267348403024,1.1758625299400223,0.17345037336871977
90.0,-20.0,-0.021892290662818226,0.004867524415275774,-0.030473325851602368,-0.06518654296882978,0.07537157393264156,0.009467900539979899,0.009467900539979899,-20.237463129699066,0.008629644981190428,0.0008382555587894707,1.1271310166642738,1.1271310166642738,0.5197440096821172,1.0273386882369557,0.09979232842731794,1.333507118307028,1.333507118307028,1.2499533831101801,1.2154429550972434,0.1180641632097846
90.0,-15.0,-0.01695030596198123,0.003342257154291698,-0.030975055663465118,-0.06600014747856105,0.07492634446999774,0.009356374731682089,0.009356374731682089,-20.28892392608646,0.00885891385959259,0.0004974608720894996,1.1138541347240585,1.1138541347240585,0.46828321329472683,1.0546326023324513,0.0592215323916071,1.3177992579833928,1.3177992579833928,1.1984925867227896,1.2477343464214914,0.07006491156190135
90.0,-10.0,-0.011661882441844837,0.0020231500168899257,-0.03135040440521125,-0.06658516913894243,0.07454210383206332,0.009260657233488546,0.009260657233488546,-20.333581901270826,0.009027175003987944,0.0002334822295006079,1.1024591944629223,1.1024591944629223,0.42362523811035524,1.0746636909509457,0.02779550351197713,1.3043179202096544,1.3043179202096544,1.1538346115384186,1.2714330991532314,0.032884821056423645
90.0,-5.0,-0.006143645789636049,0.0008609263684781355,-0.03158823212291484,-0.06692429477322123,0.07426414489741742,0.009191722146927574,0.009191722146927574,-20.36603112244049,0.009127581028366796,6.414111856077655e-05,1.0942526365389968,1.0942526365389968,0.3911760169406937,1.0866167890912852,0.007635847447711494,1.2946087530883905,1.2946087530883905,1.121385390368757,1.2855747927277177,0.009033960360672753
90.0,0.0,-0.000506484794947829,-0.00021274072260375133,-0.031678210062818284,-0.0670087946291804,0.07412144990420981,0.009156433175899885,0.009156433175899885,-20.382736697488077,0.009155930211978313,5.029639215711728e-07,1.0900515685595102,1.0900515685595102,0.37447044189310746,1.0899916919021801,5.987665732990153e-05,1.289638475478857,1.289638475478857,1.1046798153211705,1.289567635489903,7.083998895368632e-05
90.0,5.0,0.005140934638888287,-0.0012757355566637946,-0.031612028082354596,-0.06683827970291621,0.07412646398754424,0.009157672025704389,0.009157672025704389,-20.382149144201797,0.009110911943709799,4.6760081994592166e-05,1.090199050679094,1.090199050679094,0.37505799517938665,1.0846323742511665,0.005566676427927639,1.2898129613668152,1.2898129613668152,1.10526736860745,1.2832270343253236,0.006585927041491854
90.0,10.0,0.010687801260160047,-0.0024054109745492193,-0.03138501463088857,-0.06642125588047232,0.07427528171507282,0.00919447917615583,0.00919447917615583,-20.364728664615505,0.008994458725567837,0.00020002045058798836,1.0945808543042654,1.0945808543042654,0.39247847476568093,1.0707688959009332,0.02381195840333195,1.2949970670642013,1.2949970670642013,1.1226878481937443,1.2668251726151882,0.028171894449012445
90.0,15.0,0.016017486768641075,-0.003668842896275182,-0.030997970901015248,-0.06577614476524685,0.07454794236422652,0.009262107977693545,0.009262107977693545,-20.332901603057266,0.00881208476219758,0.0004500232154959645,1.1026319021063744,1.1026319021063744,0.42430553632391965,1.0490577097854263,0.053574192320948164,1.3045222503793723,1.3045222503793723,1.1545149097519827,1.2411386989010678,0.06338355147830485
90.0,20.0,0.02100584554316519,-0.005114273648309878,-0.030458618199770623,-0.06493177345275385,0.07490837048215812,0.009351886291851495,0.009351886291851495,-20.291007823339903,0.008572902407450927,0.0007789838844005668,1.1133197966489874,1.1133197966489874,0.46619931604128145,1.0205836199346343,0.09273617671435318,1.3171670833593654,1.3171670833593654,1.1964086894693453,1.2074510433029475,0.10971604005641784
90.0,25.0,0.025522204066228946,-0.0067645523130955305,-0.029781853958567167,-0.06392618300171123,0.07530376993731812,0.009450873623933423,0.009450873623933423,-20.24528044134444,0.008288997549356435,0.001161876074576987,1.1251040028492172,1.1251040028492172,0.5119266980367434,0.9867854225424328,0.13831858030678418,1.3311089611173834,1.3311089611173834,1.2421360714648062,1.1674644435713288,0.1636445175460545
90.0,30.0,0.0294331230027685,-0.0086132849913814,-0.02898819016695724,-0.0628031644972327,0.07566406047828125,0.009541525290409728,0.009541525290409728,-20.203821942415658,0.007974066538253168,0.0015674587521565585,1.1358958679059201,1.1358958679059201,0.5533851969655261,0.9492936355063295,0.1866022323995903,1.343876801466159,1.343876801466159,1.28359457039359,1.1231079631342489,0.22076883833190966
90.0,35.0,0.03260850313804923,-0.010624137523191638,-0.02810031610783821,-0.061607036288615545,0.07590284224350943,0.009601842890351845,0.009601842890351845,-20.176454044292843,0.0076415777807288835,0.0019602651096229605,1.1430765345656961,1.1430765345656961,0.5807530950883419,0.9097116405629624,0.23336489400273341,1.3523722380777248,1.3523722380777248,1.3109624685164047,1.0762785606660399,0.27609367741168456
90.0,40.0,0.034929331525437216,-0.012733282845678942,-0.027138492826906623,-0.060377303050329977,0.07592174398279725,0.009606625692250584,0.009606625692250584,-20.17429130601243,0.007303022141660074,0.002303603550590511,1.143645915744117,1.143645915744117,0.5829158333687532,0.8694073978166755,0.2742385179274418,1.3530458721479695,1.3530458721479695,1.3131252067968169,1.028594667839447,0.32445120430852264
90.0,45.0,0.03629630859310054,-0.014854493166103046,-0.02611612874011627,-0.05914532663788488,0.07561944080843105,0.00953027518898327,0.00953027518898327,-20.208945588232254,0.006966872272588087,0.0025634029163951826,1.134556570117056,1.134556570117056,0.5482615511489322,0.8293895562604866,0.30516701385656936,1.3422922801384884,1.3422922801384884,1.2784709245769952,0.9812496158574769,0.36104266428101156
90.0,50.0,0.03663864106888972,-0.01688604681546312,-0.025037088948350956,-0.057934570334259944,0.0749052658980121,0.009351111128379703,0.009351111128379703,-20.291367818276544,0.006638627371324808,0.002712483757054896,1.113227515283298,1.113227515283298,0.46583932110464066,0.7903127823005724,0.3229147329827257,1.3170579054055918,1.3170579054055918,1.1960486945327036,0.9350179396232122,0.38203996578237975
90.0,55.0,0.035922291222367335,-0.018718581556183438,-0.023895889321919134,-0.05676449103008983,0.0737157871187076,0.009056482088370848,0.009056482088370848,-20.430404674779467,0.0063218860094103645,0.0027345960789604833,1.0781526295679582,1.0781526295679582,0.3268024646017188,0.7526054773107577,0.32554715225720043,1.275560857517021,1.275560857517021,1.0570118380297826,0.8904064801986428,0.3851543773183779
90.0,60.0,0.03415687331416373,-0.020243240129730725,-0.02268100107897205,-0.055656454586126135,0.0720315869087418,0.00864737879657546,0.00864737879657546,-20.63115516430959,0.006019972753298658,0.002627406043276802,1.029449856735174,1.029449856735174,0.12605197507159158,0.7166634230117451,0.31278643372342885,1.2179406755740085,1.2179406755740085,0.856261348499655,0.8478834863800927,0.3700571891939157
90.0,65.0,0.031400234692276645,-0.021359728789758517,-0.02138037328483384,-0.05463903642321561,0.06989103959563352,0.008141070563350073,0.008141070563350073,-20.89318480960433,0.005737439269555692,0.0024036312937943806,0.969175067065485,0.969175067065485,-0.13597767022314722,0.6830284844709159,0.28614658259456915,1.1466296568098695,1.1466296568098695,0.5942317032049165,0.8080900379655905,0.3385396188442789
90.0,70.0,0.027759697769997777,-0.02198403472634632,-0.019987432902131248,-0.05375028974114315,0.06739799495834321,0.007570637849972108,0.007570637849972108,-21.20867528286828,0.005480856078119434,0.0020897817718526735,0.9012664107109652,0.9012664107109652,-0.45146814348709624,0.6524828664427897,0.24878354426817545,1.0662870211228321,1.0662870211228321,0.2787412299409675,0.7719515602985118,0.2943354608243202
90.0,75.0,0.023389126428007164,-0.022055444366022678,-0.018505630067863314,-0.05303587852832091,0.06472060426732311,0.006981096559568473,0.006981096559568473,-21.56076354974879,0.005258647370164257,0.0017224491894042143,0.8310829237581515,0.8310829237581515,-0.8035564103676047,0.6260294488290783,0.20505347492907314,0.9832530365589398,0.9832530365589398,-0.07334703693954113,0.7406545591780643,0.24259847738087523
90.0,80.0,0.01848148119219352,-0.021542281129562482,-0.016950163623048343,-0.05254366629322301,0.0620788203633429,0.00642281524713169,0.00642281524713169,-21.92274570326741,0.00508012184090112,0.0013426934062305722,0.7646208627537727,0.7646208627537727,-1.1655385638862255,0.6047764096310858,0.1598444531226872,0.9046218657931957,0.9046218657931957,-0.43532919045816254,0.7155101184367775,0.18911174735641864
90.0,85.0,0.013257256832002592,-0.02044565447417077,-0.015346600135157783,-0.05231659650574142,0.059718707715755534,0.005943733389758975,0.005943733389758975,-22.25940679387676,0.00495412396141583,0.0009896094283431437,0.70758730830464,0.70758730830464,-1.5021996544955751,0.5897766620733131,0.11781064623132664,0.8371455478533768,0.8371455478533768,-0.7719902810675119,0.6977639382275816,0.1393816096257949
90.0,90.0,0.007949943318336894,-0.01880064280924499,-0.01372720962801372,-0.05238603116488795,0.05787398650676855,0.005582199012091039,0.005582199012091039,-22.53194684452137,0.004887772424143045,0.0006944265879479938,0.6645475014394094,0.6645475014394094,-1.7747397051401894,0.5818776695408386,0.0826698318985707,0.7862252129705688,0.7862252129705688,-1.0445303317121264,0.6884186512877528,0.09780656168281603
90.0,95.0,0.002790178480114518,-0.016674707258658054,-0.012126516729671556,-0.05276719870656919,0.05672090113394179,0.005361974719143825,0.005361974719143825,-22.70675237977574,0.004885601011888747,0.0004763737072550785,0.6383303237075982,0.6383303237075982,-1.9495452403945532,0.5816191680819937,0.05671115562560459,0.7552077069216655,0.7552077069216655,-1.2193358669664895,0.6881128185758797,0.0670948883457857
90.0,100.0,-0.0020095840652379765,-0.014163573811413348,-0.010577572024119394,-0.053457467756250626,0.056340315406133656,0.005290260599690549,0.005290260599690549,-22.765229339723795,0.004949193216218102,0.0003410673834724473,0.6297929285345891,0.6297929285345891,-2.0080222003426114,0.5891896685973931,0.04060325993719611,0.7451071267169787,0.7451071267169787,-1.277812826914548,0.697069467072972,0.04803765964400666
90.0,105.0,-0.006268290384404099,-0.01138511724938663,-0.009109860283063403,-0.054437266021136084,0.05670377276124021,0.005358736828612206,0.005358736828612206,-22.709375709444444,0.005077222862283732,0.00028151396632847346,0.6379448605490722,0.6379448605490722,-1.952168570063263,0.6044312931290158,0.033513567420056366,0.7547516660017192,0.7547516660017192,-1.2219591966351993,0.7151018115892579,0.03964985441246104
90.0,110.0,-0.00984625966158261,-0.008471836453092286,-0.00774889245549704,-0.055672869016385004,0.05769085300993279,0.00554692685445119,0.00554692685445119,-22.55947560985717,0.005265732075460024,0.00028119477899116846,0.6603484350537132,0.6603484350537132,-1.8022684704759842,0.6268728661261933,0.03347556892752006,0.7812573034438296,0.7812573034438296,-1.0720590970479211,0.7416524049943695,0.03960489844946034
90.0,115.0,-0.012651338998129402,-0.0055624078517284,-0.0065167688292623385,-0.05712004850108256,0.059128377081521764,0.005826804352925804,0.005826804352925804,-22.345695640054743,0.005508483919675904,0.00031832043324989947,0.6936671848721195,0.6936671848721195,-1.5884885006735612,0.6557718951995124,0.03789528967260709,0.8206766694261693,0.8206766694261693,-0.8582791272454986,0.7758428055881553,0.044833863838014014
90.0,120.0,-0.014641127190402472,-0.002792727377348381,-0.005432660532872967,-0.058727652431923225,0.06083266303754873,0.006167542852010979,0.006167542852010979,-22.098878243550885,0.005797281689012327,0.0003702611629986512,0.734231291906069,0.734231291906069,-1.3416711041696994,0.6901525820252771,0.044078709880791815,0.86866800732549,0.86866800732549,-0.6114617307416357,0.8165185477482151,0.05214945957727482
90.0,125.0,-0.015821453927227266,-0.00028694437539160877,-0.004512348166514677,-0.06044052482668893,0.06264039486423591,0.006539544382171009,0.006539544382171009,-21.84452508434422,0.0061222196448871835,0.00041732473728382753,0.7785171883536915,0.7785171883536915,-1.0873179449630352,0.728835672010379,0.0496815163433128,0.9210625890381703,0.9210625890381703,-0.35710857153497144,0.8622844570263637,0.058778132011806684
90.0,130.0,-0.016241448081844672,0.0018507637238038281,-0.003766562971061638,-0.0622016690705831,0.06442394425939715,0.0069172446925447285,0.0069172446925447285,-21.6006686119535,0.006471905247410939,0.00044533944513379023,0.8234815110172298,0.8234815110172298,-0.8434614725723145,0.7704649104060641,0.053016600611165504,0.9742598158513702,0.9742598158513702,-0.1132520991442518,0.9115359503395687,0.06272386551180144
90.0,135.0,-0.015985614070325022,0.0035427106069275283,-0.0031986075341783856,-0.0639540321811595,0.06609417506888407,0.00728056177328742,0.00728056177328742,-21.378351089251602,0.006833754540244709,0.00044680723304271324,0.8667335444389787,0.8667335444389787,-0.6211439498704198,0.8135422071719892,0.05319133726698968,1.0254312356742845,1.0254312356742845,0.10906542355764362,0.9625006394710858,0.06293059620319905
90.0,140.0,-0.015163471663955838,0.004741588504184628,-0.002802252102762302,-0.0656425041681961,0.06759589118256884,0.007615161434971498,0.007615161434971498,-21.183208855552316,0.007194482121717331,0.00042067931325416244,0.9065668374966069,0.9065668374966069,-0.4260017161711338,0.8564859668711109,0.05008087062549552,1.072557948587535,1.072557948587535,0.30420765725692983,1.013307341086948,0.05925060750058625
90.0,145.0,-0.0138975676948652,0.005431206830822393,-0.0025609679275451444,-0.06721652900689225,0.06890036809722307,0.00791191480900942,0.00791191480900942,-21.017183976212287,0.007540856225025953,0.00037105858398346663,0.941894620120169,0.941894620120169,-0.25997683683110384,0.8977209791697564,0.04417364095041271,1.1143541984520309,1.1143541984520309,0.4702325365969596,1.0620924260599935,0.05226177239203756
90.0,150.0,-0.01231100240317181,0.005624244415601021,-0.002449128809646306,-0.06863317955913963,0.06999788906631872,0.008165981739769073,0.008165981739769073,-20.879915955526734,0.007860667423668904,0.0003053143161001732,0.9721406833058422,0.9721406833058422,-0.12270881614555022,0.9357937409129646,0.036346942392877765,1.1501382732069119,1.1501382732069119,0.6075005572825132,1.1071362568547751,0.043002016352137074
90.0,155.0,-0.010515895193051985,0.005357855517541171,-0.002435066943599089,-0.06985995936860756,0.07089170714167778,0.008375859574771992,0.008375859574771992,-20.769706124195757,0.008143713931482877,0.00023214564328911748,0.9971261398538087,0.9971261398538087,-0.012498984814573889,0.9694897537479615,0.02763638610584732,1.179698531658027,1.179698531658027,0.7177103886134893,1.1470019621806868,0.03269656947734049
90.0,160.0,-0.008604278650872122,0.004688348892614123,-0.0024851456907466225,-0.07087632280762426,0.07159359824925358,0.00854253759601234,0.00854253759601234,-20.684131011795046,0.008382517655202629,0.00016001994080971023,1.0169687614300404,1.0169687614300404,0.07307612758613943,0.9979187684765035,0.01904999295353693,1.2031743092975125,1.2031743092975125,0.8032855010142025,1.180636289465159,0.02253801983235355
90.0,165.0,-0.006642650075220761,0.0036860854723040483,-0.0025676593235141676,-0.07167314118623272,0.07212034434217739,0.008668702553278096,0.008668702553278096,-20.620458986157644,0.0085725181090782,9.618444419989937e-05,1.0319883991997736,1.0319883991997736,0.13674815322353964,1.0205378701283572,0.011450529071416594,1.2209440215884644,1.2209440215884644,0.8669575266516029,1.2073969167715775,0.013547104816887234
90.0,170.0,-0.004670842154101582,0.002431286255165432,-0.0026555781110928394,-0.07224998665256088,0.07249027924958235,0.008757861315525414,0.008757861315525414,-20.576019363280587,0.008711649205435717,4.621211008969872e-05,1.0426025375625492,1.0426025375625492,0.18118777610059797,1.0371010958852045,0.005501441677345086,1.2335015937359735,1.2335015937359735,0.911397149528661,1.2269928458360164,0.0065087478999575656
90.0,175.0,-0.002705133940831252,0.0010108574969200377,-0.0027278368809055924,-0.07261085685640165,0.07271944176069145,0.00881332104945127,0.00881332104945127,-20.548604092191365,0.008799422072703709,1.3898976747560352e-05,1.049204886839437,1.049204886839437,0.20860304718982076,1.0475502467504414,0.0016546400889952803,1.241312823866376,1.241312823866376,0.9388124206178837,1.2393552215075645,0.001957602358811317
90.0,180.0,-0.0007448083132126176,-0.00048409477681015593,-0.0027696609275448597,-0.07275951918630126,0.07281763344857943,0.008837138040119675,0.008837138040119675,-20.53688361076002,0.008835822925808638,1.315114311040725e-06,1.05204024287139,1.05204024287139,0.22032352862116109,1.0518836816438857,0.00015656122750484823,1.2446673295943202,1.2446673295943202,0.9505329020492238,1.2444821022265689,0.00018522736775221477
95.0,-180.0,-0.0007584402000005506,-0.0002958437250734086,-0.006353811125792525,-0.072755381942772,0.07303683503895497,0.0088904226705418,0.0088904226705418,-20.510775912097202,0.008889318104819964,1.1045657218358894e-06,1.0583836512549762,1.0583836512549762,0.2464312272839828,1.05825215533571,0.0001314959192661773,1.2521722071185635,1.2521722071185635,0.9766406007120466,1.252016634481685,0.00015557263687829428
95.0,-175.0,0.0013926321986014907,-0.0021062910472818856,-0.0063549778362646915,-0.07267082902721683,0.07299185585542292,0.008879475842958,0.008879475842958,-20.516126699454563,0.008868849615941546,1.062622701645379e-05,1.0570804574950001,1.0570804574950001,0.24108043992661973,1.0558154304692318,0.0012650270257683087,1.2506304004166198,1.2506304004166198,0.9712898133546831,1.2491337487241614,0.0014966516924582803
95.0,-170.0,0.0035574999350024075,-0.0038012633587621025,-0.0063245855792759455,-0.07232349516921552,0.07278594469505316,0.008829448228117452,0.008829448228117452,-20.54066435603774,0.00878427361087349,4.5174617243958295e-05,1.0511247890616016,1.0511247890616016,0.21654278334344224,1.0457468584373204,0.005377930624280749,1.2435842574813312,1.2435842574813312,0.9467521567715051,1.2372216353342944,0.006362622147036379
95.0,-165.0,0.005738137625737848,-0.005282768896757892,-0.00627477343328349,-0.07170619816470186,0.07240155735550856,0.008736436689971127,0.008736436689971127,-20.58665665927706,0.00863504929418555,0.00010138739578557289,1.0400519869013247,1.0400519869013247,0.17055048010412038,1.027982058831613,0.012069928069711059,1.2304840408410038,1.2304840408410038,0.9007598535321838,1.2162041259416267,0.014279914899376462
95.0,-160.0,0.00791969953157762,-0.006458297700491508,-0.006230291269145618,-0.07081394608847762,0.07181826188219018,0.008596235380113398,0.008596235380113398,-20.65691701267513,0.00842218739742846,0.00017404798268494333,1.0233613547754048,1.0233613547754048,0.10029012670605245,1.0026413568367214,0.020719997938683732,1.2107373774807604,1.2107373774807604,0.8304995001341153,1.1862235771025997,0.024513800378161033
95.0,-155.0,0.010065091557733642,-0.007243825169116452,-0.0062278983923721,-0.06964979549932636,0.07101872853430972,0.008405901635622538,0.008405901635622538,-20.7541569633823,0.008149609221729153,0.00025629241389338694,1.0007025756693497,1.0007025756693497,0.003050175998881715,0.9701915740153755,0.03051100165397464,1.18392980783416,1.18392980783416,0.7332595494269446,1.147832284750585,0.036097523083575625
95.0,-150.0,0.012112033062772355,-0.00756733516168713,-0.006312829986741662,-0.06823050806943465,0.06999442806550882,0.008165174236254836,0.008165174236254836,-20.880345434396634,0.007825239067547795,0.0003399351687070426,0.9720445519350998,0.9720445519350998,-0.12313829501544928,0.9315760794699756,0.04046847246512412,1.1500245403175826,1.1500245403175826,0.6070710784126137,1.1021463475419429,0.047878192775639795
95.0,-145.0,0.013973037336830123,-0.0073730705052463185,-0.006532245533075173,-0.06658998198967551,0.06874957362908858,0.007877320874425576,0.007877320874425576,-21.036214636389545,0.007461317439936654,0.00041600343448892094,0.9377762945744732,0.9377762945744732,-0.2790074970083582,0.8882520761829351,0.049524218391538206,1.1094818132993767,1.1094818132993767,0.4512018764197052,1.0508897802727681,0.05859203302660858
95.0,-140.0,0.015538709644282578,-0.006626454695869247,-0.006926943631144408,-0.06477900339262511,0.06730277280956942,0.007549260859347408,0.007549260859347408,-21.22095567631856,0.007073669731767309,0.000475591127580097,0.8987215308746913,0.8987215308746913,-0.46374853693737794,0.8421035394961083,0.05661799137858298,1.0632761773728743,1.0632761773728743,0.2664608364906859,0.9962915115165224,0.06698466585635168
95.0,-135.0,0.01668458776889446,-0.005319155337243855,-0.007523638823342586,-0.06286112804138637,0.06568710255673751,0.007191156320037329,0.007191156320037329,-21.43201270530269,0.0066800535569559545,0.0005111027630813761,0.8560900380996822,0.8560900380996822,-0.6748055659215048,0.7952444710661851,0.06084556703349717,1.0128389183151167,1.0128389183151167,0.055403807506557975,0.9408526136557682,0.07198630465934874
95.0,-130.0,0.017281347396498635,-0.0034732909862507243,-0.00833018812223195,-0.06090594847417932,0.06395025654213439,0.006815898276619293,0.006815898276619293,-21.664768997895642,0.0062980626128356755,0.0005178356637836157,0.8114164615022968,0.8114164615022968,-0.907561858514458,0.7497693586709139,0.06164710283138282,0.9599856727632806,0.9599856727632806,-0.17735248508639506,0.8870510722303769,0.0729346005329036
95.0,-125.0,0.01720760531046887,-0.0011435847660215641,-0.009335216042143029,-0.05898193008388692,0.062156446179072705,0.006438887974985725,0.006438887974985725,-21.91189130781266,0.005943217208143364,0.0004956707668423619,0.7665342827363959,0.7665342827363959,-1.1546841684314757,0.7075258581123054,0.0590084246240907,0.9068856302796795,0.9068856302796795,-0.4244747950034128,0.8370728462173752,0.06981278406230448
95.0,-120.0,0.01636393826020288,0.0015835034789972436,-0.010512020844625911,-0.057150947432101494,0.060390556656454215,0.006078222358048331,0.006078222358048331,-22.162234162819068,0.005627756372865973,0.00045046598518235723,0.7235978997676584,0.7235978997676584,-1.4050270234378879,0.6699709967697587,0.053626902997899684,0.8560876560631452,0.8560876560631452,-0.674817650009824,0.7926417426571792,0.06344591340596581
95.0,-115.0,0.014686303168107321,0.004594033085992707,-0.01182515469564479,-0.055465681919052955,0.05876281813410792,0.005754979076343608,0.005754979076343608,-22.399562510168188,0.005360333972590141,0.0003946451037534655,0.6851165567075724,0.6851165567075724,-1.6423553707870029,0.6381349967369218,0.04698155997065066,0.8105604332878321,0.8105604332878321,-0.9121459973589392,0.7549766158577665,0.05558381743006556
95.0,-110.0,0.01215695746875513,0.007753853313216206,-0.013237296180579401,-0.05396969846050679,0.0574096526569392,0.00549298428725043,0.00549298428725043,-22.601916432816076,0.005146469357328271,0.00034651492992215905,0.6539267008631465,0.6539267008631465,-1.8447092934348897,0.6126749234914608,0.04125177737168561,0.7736597587676662,0.7736597587676662,-1.1144999200068264,0.7248548390603198,0.04880491970734634
95.0,-105.0,0.008811284238935624,0.010917920184935438,-0.014714249866571077,-0.052698983928920196,0.05648479235493756,0.005317427671855258,0.005317427671855258,-22.742984086989107,0.004989369215442068,0.00032805845641318974,0.6330271037922927,0.6330271037922927,-1.9857769476079241,0.5939725256478653,0.03905457814442735,0.7489334749091912,0.7489334749091912,-1.255567574179861,0.7027280585129673,0.04620541639622391
95.0,-100.0,0.004739543494044784,0.01394042020832304,-0.016226932316074524,-0.05168343111839696,0.05613634270841939,0.005252024554854609,0.005252024554854609,-22.79673252115511,0.004890702087090346,0.000361322467764263,0.6252410184350726,0.6252410184350726,-2.0395253817739265,0.5822264389393269,0.043014579495745595,0.7397217682893816,0.7397217682893816,-1.3093160083458633,0.6888312798718795,0.05089048841750182
95.0,-95.0,8.332881551387018e-05,0.016684524044140232,-0.017750532589027337,-0.05094718153600867,0.056471913372296255,0.0053150031165551176,0.0053150031165551176,-22.744964764836205,0.004851046903158217,0.0004639562133969024,0.6327384662565617,0.6327384662565617,-1.987757625455024,0.5775055837093115,0.055232882547250284,0.7485919882471997,0.7485919882471997,-1.25754825202696,0.6832460426983403,0.06534594554885949
95.0,-90.0,-0.004972776790537477,0.01903086306523199,-0.01926210200225967,-0.05050755709757657,0.05752342266874019,0.005514777002727341,0.005514777002727341,-22.584720441382107,0.004869955097453737,0.0006448219052736039,0.6565210717532549,0.6565210717532549,-1.8275133020009227,0.579756559220683,0.07676451253257188,0.7767291553137099,0.7767291553137099,-1.0973039285728596,0.6859091686554558,0.09081998665825405
95.0,-85.0,-0.010213310615373974,0.020884146910513116,-0.020738250971834016,-0.05037308848880303,0.05922822302903878,0.0058464996003951665,0.0058464996003951665,-22.33104075666233,0.0049457553112712705,0.0009007442891238962,0.6960118571899009,0.6960118571899009,-1.573833617281142,0.5887803941989608,0.10723146299094002,0.8234506479429811,0.8234506479429811,-0.8436242438530795,0.6965852551086297,0.12686539283435155
95.0,-80.0,-0.015406449869108656,0.022177631683869263,-0.022154334745337654,-0.05054158337613253,0.06143673366032533,0.006290638869663324,0.006290638869663324,-22.013052458933906,0.005075324093587266,0.0012153147760760588,0.7488855797218245,0.7488855797218245,-1.2558453195527197,0.6042052492365794,0.1446803304852451,0.8860054746004683,0.8860054746004683,-0.5256359461246565,0.714834379378488,0.1711710952219801
95.0,-75.0,-0.02031946819981335,0.022875396484118186,-0.02348570062759489,-0.050999164170999145,0.06394261045921074,0.006814268515904254,0.006814268515904254,-21.665807570789887,0.005254031019971481,0.0015602374959327741,0.8112224423695541,0.8112224423695541,-0.9086004314087025,0.6254798833299382,0.18574255903961595,0.959756129000599,0.959756129000599,-0.17839105798063964,0.7400043690100676,0.21975175999053154
95.0,-70.0,-0.024733701693845034,0.022972605738084986,-0.02471061100916983,-0.05172080437805745,0.0665218198476064,0.007375080442848365,0.007375080442848365,-21.322332383064605,0.005475964161178158,0.0018991162816702062,0.8779857670057578,0.8779857670057578,-0.5651252436834228,0.6519004953783522,0.22608527162740552,1.03874372434484,1.03874372434484,0.16508412974464035,0.7712625579124166,0.26748116643242337
95.0,-65.0,-0.028457771889604883,0.0224941022861177,-0.025813722779733962,-0.052672284032142365,0.06896772583963275,0.007927391916979297,0.007927391916979297,-21.008696704840297,0.005734394551045363,0.002192997365933934,0.9437371329737259,0.9437371329737259,-0.2514895654591133,0.6826660179815909,0.2610711149921351,1.1165340728139854,1.1165340728139854,0.47871980796895003,0.8076612043725863,0.30887286844139916
95.0,-60.0,-0.031338088215150946,0.02149171911019254,-0.02678875317031522,-0.05381292239553904,0.0711156640724136,0.008428864217695573,0.008428864217695573,-20.74230942245888,0.006022304641905689,0.0024065595757898845,1.0034362163923303,1.0034362163923303,0.014897716922302094,0.7169410287982964,0.28649518759403386,1.18716397432332,1.18716397432332,0.7451070903503647,0.8482119213951674,0.3389520529281527
95.0,-55.0,-0.033265983474693436,0.02004056046276982,-0.027639259500134253,-0.0550981908054881,0.07285594701844349,0.008846439945812822,0.008846439945812822,-20.532314663582557,0.006332749632411876,0.0025136903134009457,1.0531476125967647,1.0531476125967647,0.2248924757986255,0.7538987657633187,0.29924884683344594,1.2459774571567355,1.2459774571567355,0.9551018492266884,0.8919365679453347,0.3540408892114007
95.0,-50.0,-0.03418116550575565,0.018234234320562842,-0.02837715954122707,-0.05648150866855743,0.0741367883152058,0.009160223162930142,0.009160223162930142,-20.380939458465008,0.006658883131253511,0.0025013400316766317,1.0905027574916837,1.0905027574916837,0.37626768091617757,0.7927241822920846,0.297778575199599,1.290172276469034,1.290172276469034,1.1064770543442406,0.9378708635568325,0.3523014129122016
95.0,-45.0,-0.03407145348668131,0.016178793195488154,-0.0290194229522426,-0.05791509764984746,0.07495934055359595,0.009364617271817335,0.009364617271817335,-20.285099673687608,0.006993644309863291,0.0023709729619540406,1.1148353895020635,1.1148353895020635,0.47210746569357365,0.8325767035551537,0.28225868594690967,1.3189601791292018,1.3189601791292018,1.2023168391216372,0.9850203253328578,0.3339398537963438
95.0,-40.0,-0.03296901510945344,0.013985174043497414,-0.02958395032377463,-0.05935039131107214,0.07536723502856686,0.009466810496939631,0.009466810496939631,-20.237963163395936,0.007329292437738205,0.002137518059201426,1.1270012496356705,1.1270012496356705,0.5192439759852464,0.8725348140164532,0.2544664356192174,1.333353591118258,1.333353591118258,1.2494533494133098,1.0322947095405923,0.3010588815776656
95.0,-35.0,-0.030943581458638625,0.01176031867679857,-0.030085817011229227,-0.06073877941355196,0.07543318923887918,0.009483386644582812,0.009483386644582812,-20.23036542577353,0.007657079122621427,0.0018263075219613811,1.1289746005455727,1.1289746005455727,0.5268417136076496,0.9115570384073128,0.2174175621382597,1.3356882598003958,1.3356882598003958,1.2570510870357132,1.078461848256539,0.25722641154385645
95.0,-30.0,-0.02809343156017429,0.009597779502391912,-0.03053478161351502,-0.06203321153614684,0.07524526888699466,0.009436195174917035,0.009436195174917035,-20.252030849003823,0.007967299333767794,0.0014688958411492427,1.1233565684425042,1.1233565684425042,0.50517629037736,0.9484880159247374,0.174868552517767,1.3290415739319767,1.3290415739319767,1.2353856638054235,1.1221548357419426,0.2068867381900342
95.0,-25.0,-0.024535279452012903,0.007569164421942497,-0.030934411389124183,-0.06319055107169701,0.07489496472107514,0.009348539324501064,0.009348539324501064,-20.29256240770792,0.008249778230592433,0.0010987610939086332,1.1129213481548887,1.1129213481548887,0.4646447316732645,0.9821164560229089,0.13080489213198015,1.3166956795071922,1.3166956795071922,1.194854105101328,1.161940595858089,0.15475508364910323
95.0,-20.0,-0.020394449974392225,0.005717935362133005,-0.031282614689326006,-0.0641739805148639,0.07446831629281331,0.009242332478163806,0.009242332478163806,-20.342184124852754,0.008494636135606418,0.0007476963425573892,1.100277675971882,1.100277675971882,0.41502301452843315,1.011266206619812,0.08901146935207015,1.3017369687554659,1.3017369687554659,1.1452323879564965,1.1964276247332983,0.10530934402216749
95.0,-15.0,-0.0157967507678169,0.004056721116007332,-0.03157302046458207,-0.06495461060720042,0.07404020111684959,0.009136370391096335,0.009136370391096335,-20.392263023175126,0.0086930569667697,0.0004433134243266371,1.087663141797183,1.087663141797183,0.364944116206059,1.0348877341392502,0.052775407657932996,1.286812731140329,1.286812731140329,1.0951534896341224,1.2243742206717887,0.062438510468540445
95.0,-10.0,-0.010863148433308305,0.002568575289820867,-0.031796613508004785,-0.06551183979132383,0.07367110258659823,0.009045505823285815,0.009045505823285815,-20.43567142444897,0.008837834760988629,0.00020767106229718492,1.0768459313435492,1.0768459313435492,0.3215357149322134,1.0521231858319797,0.02472274551156963,1.2740149046881426,1.2740149046881426,1.0517450883602766,1.244765459294173,0.029249445393969703
95.0,-5.0,-0.005707765090947535,0.0012118151090218148,-0.031943270759073494,-0.06583269141415961,0.07340546903202333,0.008980393236423133,0.008980393236423133,-20.467046458862033,0.008923649442935683,5.674379348745247e-05,1.069094432907516,1.069094432907516,0.2901606805191511,1.0623392193971053,0.006755213510411009,1.264844117806075,1.264844117806075,1.0203700539472136,1.2568520342162934,0.007992083589782038
95.0,0.0,-0.0004389729119829799,-7.24888298872178e-05,-0.03200317163778603,-0.06591089559889328,0.07327105230153116,0.00894753437981866,0.00894753437981866,-20.48296624210733,0.008947204467844564,3.299119740948239e-07,1.0651826642641262,1.0651826642641262,0.2742408972738549,1.0651433890291147,3.9275235011288566e-05,1.260216109833614,1.260216109833614,1.004450270701918,1.2601696433583893,4.646647522462308e-05
95.0,5.0,0.004837316798956994,-0.0013515148195678904,-0.031968260071609425,-0.0657465497790777,0.07327895117958351,0.008949463635377259,0.008949463635377259,-20.482029923015364,0.008907420915664007,4.204271971324968e-05,1.0654123375449118,1.0654123375449118,0.27517721636582193,1.060407251864763,0.005005085680148772,1.260487835968628,1.260487835968628,1.0053865897938854,1.2545663261498603,0.00592150981876756
95.0,10.0,0.01001351136257695,-0.0026912626351920286,-0.03183387972513303,-0.06534673356237425,0.07342414310025146,0.008984962972422406,0.008984962972422406,-20.464837083052313,0.008805778353216309,0.0001791846192060966,1.0696384490979054,1.0696384490979054,0.2923700563288696,1.0483069468114654,0.02133150228644007,1.2654877425947049,1.2654877425947049,1.022579429756933,1.240250472283987,0.025237270310717826
95.0,15.0,0.014976775201299305,-0.004147607291238494,-0.031600405532907064,-0.06472670615764695,0.07368608119268619,0.009049184411971698,0.009049184411971698,-20.433905612745416,0.00864668315841562,0.00040250125355608275,1.0772838585680593,1.0772838585680593,0.323301526635768,1.029367042668526,0.047916815899533664,1.2745330157706616,1.2745330157706616,1.0535109000638312,1.217842698368397,0.056690317402265177
95.0,20.0,0.0196072385319533,-0.005758609624132333,-0.03127432990346609,-0.06391068129566985,0.07402880711074292,0.009133558625365735,0.009133558625365735,-20.393599792847024,0.008437566042900352,0.00069599258246538,1.0873284077816352,1.0873284077816352,0.3636073465341621,1.0044721479643277,0.08285625981730714,1.2864167077979907,1.2864167077979907,1.0938167199622248,1.188389583507092,0.09802712429089858
95.0,25.0,0.023778692459892493,-0.00753877002281448,-0.030868078005357073,-0.06293104183802484,0.07440035977818303,0.009225471881445178,0.009225471881445178,-20.35011410505872,0.00818839753304559,0.0010370743483995863,1.098270462076807,1.098270462076807,0.407093034322466,0.9748092301244752,0.1234612319523317,1.2993622368232645,1.2993622368232645,1.1373024077505296,1.15329542718952,0.14606680963374455
95.0,30.0,0.027361946502751203,-0.009475782800297367,-0.030398009073344178,-0.06182540511456978,0.0747320965134902,0.009307924462567962,0.009307924462567962,-20.311471498398657,0.007910513090817547,0.001397411371750414,1.108086245543805,1.108086245543805,0.44573564098252694,0.941727748906851,0.16635849663695407,1.3109752764180225,1.3109752764180225,1.1759450144105896,1.114156773354584,0.1968185030634386
95.0,35.0,0.030230570288977007,-0.011530094734855112,-0.02988062341545549,-0.060632019923169876,0.07493946864137381,0.009359652762145808,0.009359652762145808,-20.28740263044086,0.0076149764241539315,0.0017446763379918764,1.1142443764459296,1.1142443764459296,0.4698045089403222,0.9065448123992775,0.20769956404665196,1.3182609524149023,1.3182609524149023,1.200013882368385,1.0725318907259056,0.24572906168899666
95.0,40.0,0.032268457140798734,-0.013637200414407014,-0.029327749633937708,-0.05938506595631495,0.07492616044224527,0.009356328771065412,0.009356328771065412,-20.288945259660416,0.007310999354856428,0.0020453294162089807,1.113848663222073,1.113848663222073,0.46826187972076705,0.8703570660543367,0.2434915971677358,1.3177927846571003,1.3177927846571003,1.1984712531488302,1.0297182189938632,0.2880745656632367
95.0,45.0,0.03337852127879121,-0.01571223765496592,-0.02874211220173191,-0.05811190033921505,0.0745929089775741,0.009273284979367871,0.009273284979367871,-20.32766393612355,0.007005004926516284,0.0022682800528515882,1.1039624975437943,1.1039624975437943,0.42954320325763734,0.8339291579186053,0.2700333396251891,1.3060964759673057,1.3060964759673057,1.1597525766857004,0.9866204121853921,0.31947606378191384
95.0,50.0,0.03349178410329229,-0.017656230715728916,-0.02811485938333134,-0.056833744841231965,0.07385094418036474,0.0090897224482593,0.0090897224482593,-20.41449377617386,0.006700708588747243,0.0023890138595120537,1.0821098152689643,1.0821098152689643,0.34271336320732393,0.7977034034222911,0.2844064118466731,1.28024259834638,1.28024259834638,1.0729227366353868,0.943761773062992,0.33648082528338785
95.0,55.0,0.03257601861804269,-0.01936333970790094,-0.027426202709849995,-0.055569860049175454,0.07263843235239432,0.008793695919512836,0.008793695919512836,-20.558285560873482,0.006400192452208464,0.0023935034673043722,1.0468685618467664,1.0468685618467664,0.19892157850770187,0.7619276728819601,0.28494088896480624,1.238548721058146,1.238548721058146,0.9291309519357654,0.9014355566490794,0.33711316440906647
95.0,60.0,0.030642970536904717,-0.02072864094830218,-0.026649370397313816,-0.05434359093178396,0.07093717654956067,0.00838660744716541,0.00838660744716541,-20.76413684575217,0.006105547522055373,0.002281059925110032,0.9984056484720726,0.9984056484720726,-0.006929706370988517,0.7268508954827826,0.2715547529892896,1.1812123165021702,1.1812123165021702,0.7232796670570745,0.8599362707120243,0.3212760457901454
95.0,65.0,0.027753033165346996,-0.021656113799335037,-0.025756944584867245,-0.053187667501342385,0.06878638152532719,0.007885758024264639,0.007885758024264639,-21.031565534533783,0.005820443156600903,0.002065314867663736,0.9387807171743617,0.9387807171743617,-0.27435839515260285,0.6929098995953458,0.24587081757901616,1.110670144262625,1.110670144262625,0.4558509782754603,0.8197807262818174,0.2908894179808078
95.0,70.0,0.02401627135631461,-0.02206649655215421,-0.024727795626810958,-0.052146348421360685,0.06629039968343567,0.007323855940238319,0.007323855940238319,-21.352602068300456,0.005551045106144921,0.0017728108340933995,0.8718876119331332,0.8718876119331332,-0.5953949289192741,0.6608387031124907,0.2110489088206428,1.0315290056673687,1.0315290056673687,0.13481444450878877,0.7818373388936507,0.24969166677371823
95.0,75.0,0.019589001616372705,-0.021904487137293982,-0.02355262020961761,-0.051273284012252826,0.06361769496935392,0.0067451929447211205,0.0067451929447211205,-21.71005622918805,0.005306000948990526,0.0014391919957305963,0.8029991600858478,0.8029991600858478,-0.9528490898068686,0.6316667796417293,0.1713323804441186,0.9500271753128338,0.9500271753128338,-0.22263971637880603,0.7473240773226092,0.20270309799022482
95.0,80.0,0.014665755506777069,-0.02114454876151559,-0.022236630900809674,-0.05062566043847633,0.060988536427458426,0.006199189911974042,0.006199189911974042,-22.07665058847812,0.005095588700297689,0.0011036012116763527,0.7379987990445288,0.7379987990445288,-1.3194434490969356,0.6066177024163916,0.13138109662813724,0.8731253397146538,0.8731253397146538,-0.5892340756688721,0.7176885493377027,0.1554367903769511
95.0,85.0,0.009467238036697332,-0.01979453549028048,-0.020798993174105173,-0.05025645634566957,0.058649482118771745,0.005732801195064206,0.005732801195064206,-22.41633118644589,0.004930399713383763,0.0008024014816804437,0.6824763327457389,0.6824763327457389,-1.6591240470647053,0.5869523468314003,0.09552398591433856,0.807436788037212,0.807436788037212,-0.9289146736366432,0.6944224948427834,0.11301429319442868
95.0,90.0,0.004225597804621681,-0.01789658646224357,-0.01926970425853487,-0.05020702110567676,0.05683493603695049,0.0053835564254947985,0.0053835564254947985,-22.689307307112724,0.004819997229427274,0.0005635591960675214,0.6408995744636665,0.6408995744636665,-1.9321001677315406,0.5738091939794375,0.06709038048422875,0.7582473838725069,0.7582473838725069,-1.2018907943034767,0.678872849215109,0.07937453465739738
95.0,95.0,-0.00083127016477085,-0.015525182683544464,-0.017685309051983185,-0.05050171143853753,0.055721767038830874,0.005174736957768092,0.005174736957768092,-22.861117213673236,0.00477187593640168,0.00040286102136640985,0.616040114020011,0.616040114020011,-2.103910074292052,0.5680804686192478,0.047959645400763085,0.7288361912349426,0.7288361912349426,-1.3737007008639888,0.6720952023100958,0.056740988924846456
95.0,100.0,-0.005494655498958149,-0.01278271506163418,-0.016084917870020626,-0.05114540242298242,0.055391026487088005,0.005113489222981816,0.005113489222981816,-22.912826550189305,0.004790848418441616,0.0003226408045402004,0.6087487170216448,0.6087487170216448,-2.155619410808119,0.5703390974335257,0.0384096195881191,0.7202097497157487,0.7202097497157487,-1.4254100373800553,0.6747673828791008,0.04544236683664795
95.0,105.0,-0.009587776561486624,-0.009793174358501537,-0.01450748364028463,-0.05212377401666111,0.05581385690598784,0.005191855389127271,0.005191855389127271,-22.846774126211482,0.00487880989184725,0.00031304549728002003,0.6180780225151513,0.6180780225151513,-2.089566986830299,0.5808107014103869,0.037267321104764294,0.7312472379052494,0.7312472379052494,-1.3593576134022358,0.6871563227953873,0.044090915109861975
95.0,110.0,-0.012975388410609042,-0.006694574298288739,-0.012990493569385177,-0.0534056488641319,0.056869097787960954,0.0053900301544669614,0.0053900301544669614,-22.684088051505572,0.005034741809002726,0.00035528834546423794,0.6416702564841622,0.6416702564841622,-1.9268809121243908,0.5993740248812769,0.042296231602885474,0.7591591766854876,0.7591591766854876,-1.1966715386963274,0.7091185646482712,0.05004061203721661
95.0,115.0,-0.015569766846188417,-0.0036305626508552507,-0.011569499850639637,-0.054946400947962916,0.05838286502677566,0.005680797713443417,0.005680797713443417,-22.455906751655196,0.005254810041316305,0.00042598767212711244,0.6762854420765974,0.6762854420765974,-1.6986996122740083,0.6255726239662268,0.05071281811037053,0.8001123540061151,0.8001123540061151,-0.9684902388459449,0.7401140903262401,0.059998263679874986
95.0,120.0,-0.01733292842810941,-0.0007415606470653462,-0.010277559713734948,-0.05669153119967578,0.060170908780908736,0.006034088281547247,0.006034088281547247,-22.193883401821846,0.005532466232496224,0.0005016220490510216,0.7183438430413389,0.7183438430413389,-1.4366762624406642,0.6586269324400267,0.0597169106013121,0.8498715889503164,0.8498715889503164,-0.7064668890126007,0.7792205961262287,0.07065099282408754
95.0,125.0,-0.018275163586886366,0.0018441516053283786,-0.009143805976266607,-0.05857983952360781,0.06206922978106097,0.006420830873731645,0.006420830873731645,-21.924087693565838,0.005858539955344799,0.0005622909183868435,0.7643846278251958,0.7643846278251958,-1.166880554184655,0.6974452327791428,0.0669393950460528,0.9043423765819217,0.9043423765819217,-0.4366711807565914,0.8251464725837746,0.07919590399814697
95.0,130.0,-0.01845009721486326,0.004018728762051215,-0.008190935518634757,-0.060546095864831395,0.06394902201945413,0.006815635125218614,0.006815635125218614,-21.664936675585107,0.0062213886782918225,0.0005942464469267905,0.811385133954597,0.811385133954597,-0.9077295362039228,0.740641509320455,0.07074362463414173,0.9599486091857202,0.9599486091857202,-0.17752016277585986,0.8762519265199749,0.08369668266574515
95.0,135.0,-0.017946630410098342,0.005701499775595846,-0.007432116678474102,-0.06252353896624942,0.06571923558559054,0.007198193627003082,0.007198193627003082,-21.42776475270218,0.006607226478374087,0.0005909671486289931,0.8569278127384622,0.8569278127384622,-0.6705576133210012,0.7865745807588198,0.07035323197964204,1.013830088310293,1.013830088310293,0.05965176010706169,0.9305952786442374,0.08323480966605536
95.0,140.0,-0.016878331365340258,0.006843197464065493,-0.006868344081672739,-0.06444669041844432,0.06732204302845742,0.007553584506934444,0.007553584506934444,-21.218469076880506,0.007000751829154142,0.0005528326777803046,0.8992362508255293,0.8992362508255293,-0.4612619374993211,0.8334228368040646,0.06581341402146483,1.0638851418217528,1.0638851418217528,0.2689474359287418,0.9860213843879073,0.0778637574338457
95.0,145.0,-0.015371155351143306,0.007427070952657305,-0.006487354676448618,-0.06625473781973466,0.06872561279482785,0.007871830970167968,0.007871830970167968,-21.039242399719722,0.007386119413484248,0.0004857115566837213,0.9371227345438057,0.9371227345438057,-0.2820352603385398,0.8792999301766963,0.05782280436710968,1.108708587347601,1.108708587347601,0.44817411308952365,1.0402985089414434,0.06841007840615793
95.0,150.0,-0.013550725981201592,0.0074669245439699964,-0.006264796473657316,-0.06789520730867349,0.06991697924758372,0.008147114706536604,0.008147114706536604,-20.889961690379284,0.007748162210891058,0.00039895249564554555,0.9698946079210243,0.9698946079210243,-0.13275455099809969,0.9224002632013167,0.04749434471970781,1.1474809445826202,1.1474809445826202,0.5974548224299635,1.0912904522381772,0.05619049234444304
95.0,155.0,-0.011530671257140409,0.007002824505338805,-0.006167576273184764,-0.06932711582829679,0.07089628986659632,0.008376942508237463,0.008376942508237463,-20.769144651521934,0.008073623103013168,0.0003033194052242934,0.9972550605044599,0.9972550605044599,-0.011937512140752954,0.9611456075015676,0.036109453002892075,1.1798510574982342,1.1798510574982342,0.7182718612873106,1.137130014508897,0.0427210429893371
95.0,160.0,-0.009403527413681917,0.006095656549869485,-0.0061585411730045135,-0.070522606978565,0.07167251272996204,0.008561380103351678,0.008561380103351678,-20.67456220958611,0.00835207943996264,0.00020930066338903787,1.019211917065676,1.019211917065676,0.08264492979507389,0.9942951714241237,0.02491674564155213,1.2058281835706588,1.2058281835706588,0.8128543032231373,1.1763492168961465,0.029478966674512375
95.0,165.0,-0.007235412173981791,0.004821718789341029,-0.006201235096965571,-0.07146638466249149,0.07225994474718288,0.008702294339938842,0.008702294339938842,-20.603662315409572,0.008576297039302955,0.00012599730063588807,1.0359874214212907,1.0359874214212907,0.15354482397160954,1.0209877427741612,0.014999678647129535,1.2256752591463156,1.2256752591463156,0.8837541973996725,1.207929160465205,0.017746098681110996
95.0,170.0,-0.005065059747281013,0.003268135936272917,-0.006263626138708038,-0.07215293613498786,0.0726747187682665,0.008802483868198829,0.008802483868198829,-20.553947621633334,0.008741926056983524,6.0557811215303315e-05,1.0479147462141463,1.0479147462141463,0.2032595177478476,1.0407054829742293,0.007209263239917062,1.2397864603096942,1.2397864603096942,0.9334688911759114,1.23125719112444,0.008529269185253988
95.0,175.0,-0.0029070573825482346,0.001529309460282311,-0.006320349920806603,-0.07258226868244189,0.07293094213200843,0.00886466169037189,0.00886466169037189,-20.523378340967078,0.008846679163939358,1.798252643253e-05,1.0553168679014155,1.0553168679014155,0.23382879841410495,1.0531760909451617,0.0021407769562535716,1.2485439000523788,1.2485439000523788,0.9640381718421681,1.246011149850614,0.0025327502017647887
95.0,180.0,-0.0007584402000005504,-0.0002958437250734072,-0.006353811125792525,-0.072755381942772,0.07303683503895497,0.0088904226705418,0.0088904226705418,-20.510775912097202,0.008889318104819964,1.1045657218358873e-06,1.0583836512549762,1.0583836512549762,0.2464312272839828,1.05825215533571,0.00013149591926617707,1.2521722071185635,1.2521722071185635,0.9766406007120466,1.252016634481685,0.00015557263687829398
100.0,-180.0,-0.0007519745276449536,-0.00010422969916008705,-0.00940507256707885,-0.07262354990922658,0.07323395196853953,0.008938475619162585,0.008938475619162585,-20.48736540111756,0.008937515092591034,9.605265715538942e-07,1.0641042403764986,1.0641042403764986,0.2698417382636253,1.0639898919751232,0.0001143484013754636,1.2589402280510684,1.2589402280510684,1.0000511116916875,1.2588049426184555,0.00013528543261322453
100.0,-175.0,0.001560274997914325,-0.002248278703442479,-0.009406384629437933,-0.07251526045509685,0.07317398640134982,0.008923843572104649,0.008923843572104649,-20.49448051159064,0.008911361840833814,1.2481731270834666e-05,1.0623623300124583,1.0623623300124583,0.2627266277905416,1.0608764096230732,0.001485920389385079,1.2568793763527675,1.2568793763527675,0.992936001218605,1.2551213860329316,0.0017579903198358681
100.0,-170.0,0.0038869459804078883,-0.004273540711692865,-0.009386782733016241,-0.07209499584211715,0.07293265122577709,0.008865077171514335,0.008865077171514335,-20.523174794632936,0.008809459316372111,5.561785514222741e-05,1.0553663299421827,1.0553663299421827,0.23403234474824675,1.0487451567109656,0.006621173231217549,1.2486024185231455,1.2486024185231455,0.9642417181763095,1.2407689177988888,0.007833500724257382
100.0,-165.0,0.006232808613697458,-0.006074443465353635,-0.009361397615511503,-0.07135880438064669,0.07249456182762859,0.008758896139308294,0.008758896139308294,-20.575506233769797,0.008632654502398964,0.0001262416369093309,1.0427257308700353,1.0427257308700353,0.18170090561138802,1.0276969645713054,0.015028766298729873,1.2336473435645485,1.2336473435645485,0.9119102790394508,1.215866831323798,0.017780512240750834
100.0,-160.0,0.008586192445276515,-0.007550901009955091,-0.009359045786744156,-0.07030707599666063,0.07184299186425945,0.008602156474333116,0.008602156474333116,-20.653926618375692,0.008384263596409485,0.000217892877923631,1.0240662469444186,1.0240662469444186,0.10328052100549039,0.9981266186201769,0.02593962832424179,1.211571334413115,1.211571334413115,0.8334898944335539,1.1808821966773924,0.03068913773572268
100.0,-155.0,0.010913038328889419,-0.008611533369788453,-0.009420826360221804,-0.0689499428349202,0.07096548103687456,0.008393301426080434,0.008393301426080434,-20.76067179921235,0.008071220826429599,0.00032208059965083553,0.9992025507238613,0.9992025507238613,-0.003464659831163559,0.9608596221940001,0.038342928529861375,1.1821551304338638,1.1821551304338638,0.726744713596899,1.1367916656943098,0.0453634647395543
100.0,-150.0,0.01315332392493299,-0.009177546070829816,-0.009595813628980673,-0.0673123710976432,0.06985894519777248,0.008133595420102622,0.008133595420102622,-20.897174339952173,0.007704876716732859,0.0004287187033697659,0.9682851690598361,0.9682851690598361,-0.13996720057099027,0.9172472281824833,0.051037940877353076,1.1455768197327636,1.1455768197327636,0.5902421728570726,1.0851939037651912,0.06038291596757265
100.0,-145.0,0.015220492776598791,-0.009187418620022031,-0.009933875726367782,-0.06543708803514572,0.06853295877698813,0.00782775964962127,0.00782775964962127,-21.06362517766939,0.007300985291177897,0.0005267743584433719,0.931876148764437,0.931876148764437,-0.306418038288205,0.8691649156164165,0.06271123314802048,1.1025013591015873,1.1025013591015873,0.42379133513985806,1.0283077874898447,0.07419357161174252
100.0,-140.0,0.01700446492410681,-0.008602231071107705,-0.01047692158755543,-0.06338400909445135,0.067010810333805,0.007483904855303439,0.007483904855303439,-21.258717424279546,0.006878668769524137,0.0006052360857792998,0.8909410542027904,0.8909410542027904,-0.5015102848983646,0.818889139229064,0.07205191497372616,1.054071106380766,1.054071106380766,0.22869908852969872,0.9688265872569206,0.08524451912384504
100.0,-135.0,0.018378536721999125,-0.007410976898662934,-0.011250815295405564,-0.06122597826798327,0.06532912405900815,0.007112989841598624,0.007112989841598624,-21.47947811538451,0.006458516609337763,0.0006544732322608613,0.8467845049522171,0.8467845049522171,-0.7222709760033262,0.7688710249211622,0.07791348003105492,1.0018295551547358,1.0018295551547358,0.007938397424737825,0.9096502266672905,0.09217932848744524
100.0,-130.0,0.019209948972077912,-0.005634789770893442,-0.01226027968137009,-0.05904195629916799,0.06353770578774687,0.00672824158334071,0.00672824158334071,-21.720984232107128,0.006060302327264476,0.0006679392560762337,0.800981140873894,0.800981140873894,-0.9637770927259425,0.7214645627695805,0.07951657810431353,0.947639659625452,0.947639659625452,-0.23356771929787906,0.853563708065419,0.09407595156003291
100.0,-125.0,0.01937321105209379,-0.003328896526552722,-0.013488229681825475,-0.056909665193965675,0.06170125761272951,0.006344925837615973,0.006344925837615973,-21.97573449771385,0.005700936245171589,0.0006439895924443806,0.7553483140019016,0.7553483140019016,-1.2185273583326675,0.6786828863299512,0.07666542767195007,0.8936515264247848,0.8936515264247848,-0.48831798490460443,0.802948766925576,0.09070275949920853
100.0,-120.0,0.01876461307355012,-0.0005814151226859279,-0.014899496430074773,-0.05489969714012971,0.05990342634017451,0.0059805599155808445,0.0059805599155808445,-22.232581543286937,0.005393159175301919,0.0005874007402789261,0.7119714185215292,0.7119714185215292,-1.4753744039057524,0.6420427589645142,0.06992865955701502,0.8423323824761754,0.8423323824761754,-0.7451650304776889,0.7595998838453406,0.08273249863083466
100.0,-115.0,0.017315957159327076,0.002491245324047884,-0.01644747381940538,-0.053072256200583534,0.05825145877030587,0.005655254182115775,0.005655254182115775,-22.47547870418554,0.005145185072868169,0.0005100691092476051,0.6732445454899733,0.6732445454899733,-1.718271564804358,0.6125220324843058,0.060722513005667285,0.796514673537433,0.796514673537433,-0.9880621913762954,0.7246739539250941,0.07184071961233876
100.0,-110.0,0.01500553918643446,0.0057519032383288315,-0.018081439155736564,-0.0514764915887285,0.056877220619205346,0.005391570021770904,0.005391570021770904,-22.682847501185435,0.00496116249988434,0.00043040752188656397,0.6418535740203457,0.6418535740203457,-1.9256403618042515,0.5906145833195643,0.05123899070078143,0.7593760594043526,0.7593760594043526,-1.195430988376188,0.6987552816738507,0.06062077773050197
100.0,-105.0,0.011864826799463537,0.009052025015795207,-0.019752437471635027,-0.05015141132894004,0.055928848693882816,0.005213270707103698,0.005213270707103698,-22.82889723078183,0.004842090665322804,0.00037118004178089394,0.6206274651313927,0.6206274651313927,-2.0716900914006455,0.5764393649193815,0.044188100212011194,0.7342634798737603,0.7342634798737603,-1.3414807179725825,0.6819846007496907,0.05227887912406957
100.0,-100.0,0.00797998404746677,0.012241826706743755,-0.021416523088403826,-0.04912703607462504,0.055548857784741286,0.00514267151196707,0.00514267151196707,-22.888112153437348,0.004786775785688352,0.0003558957262787181,0.6122227990436988,0.6122227990436988,-2.1309050140561663,0.5698542602009944,0.042368538842704535,0.7243199312629676,0.7243199312629676,-1.4006956406281028,0.6741937726321623,0.05012615863080536
100.0,-95.0,0.0034881819407016996,0.015179947259835755,-0.023035366225716704,-0.048424785284801534,0.05584072115486022,0.005196854465308176,0.005196854465308176,-22.84259445154932,0.0047925336373025465,0.0004043208280056304,0.6186731506319259,0.6186731506319259,-2.085387312168138,0.5705397187264937,0.04813343190543219,0.7319513331419967,0.7319513331419967,-1.3551779387400749,0.675004737648246,0.05694659549375076
100.0,-90.0,-0.0014306906876509382,0.01774186975829776,-0.02457523465947899,-0.04805679404434227,0.056835010607484894,0.00538357055254309,0.00538357055254309,-22.68929591075949,0.004855548294995576,0.000528022257547513,0.6409012562551298,0.6409012562551298,-1.932088771378305,0.5780414636899496,0.06285979256518012,0.7582493735976182,0.7582493735976182,-1.201879397950242,0.6838800415486727,0.07436933204894548
100.0,-85.0,-0.00656585405004547,0.019826576869762094,-0.026005789709204707,-0.04802455597479937,0.05847104124910979,0.0056979702022424625,0.0056979702022424625,-22.44279826250545,0.004970981346476168,0.0007269888557662944,0.6783297859812456,0.6783297859812456,-1.685591123124266,0.5917834936281153,0.0865462923531303,0.8025310144003467,0.8025310144003467,-0.9553817496962034,0.7001382178135448,0.10239279658680203
100.0,-80.0,-0.011689724669118315,0.02136117898859912,-0.02729991027714593,-0.04831769051262321,0.06060391033783727,0.0061212457027243275,0.0061212457027243275,-22.13160187859781,0.005133019600064778,0.000988226102659549,0.7287197265148009,0.7287197265148009,-1.3743947392166258,0.6110737619124736,0.11764596460232728,0.8621472820738488,0.8621472820738488,-0.6441853657885628,0.7229605070513773,0.1391867750224717
100.0,-75.0,-0.0165729354965405,0.022303449061030184,-0.0284350571605021,-0.04891363291995908,0.06303334032192795,0.006621847315509453,0.006621847315509453,-21.790208372952442,0.005335034246675496,0.001286813068833954,0.7883151566082681,0.7883151566082681,-1.0330012335712613,0.6351231246042258,0.15319203200404216,0.9326545514802045,0.9326545514802045,-0.30279186014319776,0.7514132741796473,0.1812412773005569
100.0,-70.0,-0.02099900437350051,0.022642367378614667,-0.029395840887715248,-0.04977869557454915,0.06554135320380529,0.007159279633500862,0.007159279633500862,-21.45130674191381,0.005569925435268526,0.0015893541982323362,0.8522951944643885,0.8522951944643885,-0.6940996025326268,0.6630863613414911,0.1892088331228972,1.008349244155051,1.008349244155051,0.036109770895436044,0.7844965401786655,0.2238527039763854
100.0,-65.0,-0.024777472424050512,0.022396920391052875,-0.030176800822602212,-0.0508704147956786,0.06792631001386094,0.007689791488977463,0.007689791488977463,-21.140854360651762,0.005830593318789154,0.0018591981701883092,0.9154513677354124,0.9154513677354124,-0.3836472212705765,0.6941182522368042,0.22133311549860826,1.0830692237996427,1.0830692237996427,0.34656215215748676,0.8212103265900218,0.26185889720962097
100.0,-60.0,-0.027754511880878373,0.02161345908061528,-0.030784180039685215,-0.05214060692014452,0.0700268746546069,0.008172746080659606,0.008172746080659606,-20.87631993982392,0.006110370429736169,0.002062375650923437,0.9729459619832864,0.9729459619832864,-0.11911280044273642,0.7274250511590677,0.24552091082421873,1.1510909972760006,1.1510909972760006,0.6110965729853265,0.8606155534839673,0.2904754437920334
100.0,-55.0,-0.029820261789535854,0.020361854483996245,-0.031235755081584653,-0.05353833403755357,0.07173478053397318,0.008576262514786758,0.008576262514786758,-20.667019339271427,0.006403225157538474,0.0021730373572482874,1.0209836327127093,1.0209836327127093,0.09018780010975504,0.7622887092307707,0.258694923481939,1.20792429785729,1.20792429785729,0.8203971735378189,0.9018626982448554,0.30606159961243484
100.0,-50.0,-0.030912468791089533,0.01873051491058378,-0.031558428395083764,-0.05501214253436929,0.07299782972503414,0.00888092934762515,0.00888092934762515,-20.5154158496164,0.006703625783631835,0.002177303563993314,1.057253493764899,1.057253493764899,0.24179128976478445,0.7980506885275994,0.25920280523729927,1.2508351193838239,1.2508351193838239,0.9720006631928473,0.9441726455819486,0.30666247380187517
100.0,-45.0,-0.03101634475338025,0.016820178259562463,-0.03178404998274577,-0.056511409716005434,0.07381529177575545,0.009080948227652926,0.009080948227652926,-20.418688003185608,0.007006110378046357,0.002074837849606569,1.081065265196777,1.081065265196777,0.33851913619557633,0.8340607592912331,0.24700450590554393,1.2790067926271724,1.2790067926271724,1.0687285096236392,0.986776109583994,0.29223068304317873
100.0,-40.0,-0.030160872415502058,0.014736431080798404,-0.03194450611701633,-0.057987147029313,0.07422803592661315,0.009182785857755052,0.009182785857755052,-20.370255432970403,0.0073047623925143555,0.0018780234652406962,1.093188792589887,1.093188792589887,0.38695170641078325,0.8696145705374234,0.22357422205246383,1.2933501208105707,1.2933501208105707,1.117161079838847,1.0288397735935713,0.26451034721699945
100.0,-35.0,-0.02841209822876764,0.012581218532647662,-0.032067289588818465,-0.05939284626659856,0.07430582503914707,0.009202042599459935,0.009202042599459935,-20.36115760566163,0.0075928565345468576,0.0016091860649130748,1.0954812618404686,1.0954812618404686,0.39604953371955376,0.9039114922079593,0.1915697696325089,1.2960623379521035,1.2960623379521035,1.1262589071476168,1.0694164133164588,0.22664592463564434
100.0,-30.0,-0.02586426470552088,0.010444105790043564,-0.03217251299819826,-0.06068576467598419,0.07413414976540192,0.00915957114453345,0.00915957114453345,-20.38124859729828,0.007862869136139927,0.00129670200839352,1.090425136253982,1.090425136253982,0.37595854208290197,0.9360558495404676,0.15436928671351433,1.290080442892035,1.290080442892035,1.1061679155109652,1.1074463572028066,0.1826340856892282
100.0,-25.0,-0.022629932178379632,0.008394487775219905,-0.03227178370890972,-0.06182856010414297,0.07380257531897277,0.009077819674313372,0.009077819674313372,-20.420184485185363,0.008106873789908174,0.0009709458844051976,1.0806928183706397,1.0806928183706397,0.3370226541958208,0.965104022608116,0.11558879576252352,1.2785661513117426,1.2785661513117426,1.0672320276238838,1.1418132098462217,0.13675294146552078
100.0,-20.0,-0.018830437137282833,0.006476060326413423,-0.032368767729262816,-0.06279075047151948,0.07339577773428181,0.00897802213463208,0.00897802213463208,-20.46819328212967,0.00831716317031641,0.0006608589643156661,1.0688121588847714,1.0688121588847714,0.2890138572515153,0.9901384726567155,0.0786736862280555,1.2645101598073352,1.2645101598073352,1.0192232306795788,1.1714314324389308,0.09307872736840367
100.0,-15.0,-0.014588014387489546,0.004704548934998828,-0.03246086377332975,-0.06354939674754903,0.07298750885144298,0.008878418246408401,0.008878418246408401,-20.516643999922515,0.008486855897176957,0.0003915623492314456,1.0569545531438573,1.0569545531438573,0.2405631394586672,1.0103399877591617,0.046614565384695904,1.2504814431561129,1.2504814431561129,0.9707725128867308,1.1953318165037967,0.05514962665231628
100.0,-10.0,-0.010020599900572828,0.0030690477803914937,-0.032541315534823825,-0.06408876111102564,0.07263702908385478,0.008793356160042924,0.008793356160042924,-20.558453361210127,0.008610308011415338,0.00018304814862758962,1.0468281142908245,1.0468281142908245,0.19875377817105871,1.0250366680256355,0.021791446265189245,1.2385008676116793,1.2385008676116793,0.9289631515991214,1.2127194382275124,0.025781429384167553
100.0,-5.0,-0.0052397639042214466,0.0015366120777276213,-0.03260128161630103,-0.0643992503514152,0.07238731457444059,0.008732999777268382,0.008732999777268382,-20.588365509180313,0.008683307110566921,4.969266670145759e-05,1.0396428306271885,1.0396428306271885,0.16884163020087137,1.0337270369722527,0.005915793654935428,1.2299999686293495,1.2299999686293495,0.8990510036289339,1.2230010014882986,0.006998967141050364
100.0,0.0,-0.00035154187046584185,5.922855347855634e-05,-0.03263169664852837,-0.06447636393135327,0.07226448797077394,0.008703388658844693,0.008703388658844693,-20.60311622174245,0.008703176847654372,2.1181119031654923e-07,1.0361176974815112,1.0361176974815112,0.15409091763873328,1.036092481863616,2.521561789482729e-05,1.225829388569675,1.225829388569675,0.8843002910667962,1.225799556007658,2.9832562016415382e-05
100.0,5.0,0.00454067468169878,-0.0014179181161109505,-0.03262498486957953,-0.06432036245617073,0.07227812174221525,0.008706673016308803,0.008706673016308803,-20.601477653922537,0.008668960207540048,3.7712808768750255e-05,1.0365086924177147,1.0365086924177147,0.15572948545864715,1.0320190723261962,0.0044896200915178885,1.2262919741280003,1.2262919741280003,0.8859388588867101,1.2209803109211335,0.005311663206866233
100.0,10.0,0.009332398237540555,-0.0029479110650314127,-0.03257668563786405,-0.06393692808463562,0.07242206194633972,0.008741385821801518,0.008741385821801518,-20.58419710723601,0.008581749855161303,0.00015963596664021854,1.0406411692620856,1.0406411692620856,0.17301003214517247,1.021636887519203,0.01900428174288316,1.2311811016621856,1.2311811016621856,0.9032194055732357,1.2086971626987753,0.02248393896341106
100.0,15.0,0.013914738401932721,-0.004574155967662312,-0.032486823267329365,-0.06333841806937313,0.07267524844913918,0.008802612180338376,0.008802612180338376,-20.55388431581096,0.008445049191513931,0.00035756298882444476,1.0479300214688543,1.0479300214688543,0.20332282357022305,1.0053629989897537,0.04256702247910058,1.2398045324420248,1.2398045324420248,0.9335321969982869,1.1894435481005534,0.0503609843414711
100.0,20.0,0.018172609669007325,-0.006323713352015185,-0.03236055695598589,-0.06254476730734188,0.07300196337614286,0.008881935177606414,0.008881935177606414,-20.514924007311976,0.008264894559956782,0.0006170406176496297,1.057373235429335,1.057373235429335,0.24228313206920754,0.9839160190424742,0.07345721638686067,1.250976785578368,1.250976785578368,0.9724925054972705,1.1640696563319413,0.0869071292464267
100.0,25.0,0.021985158475781495,-0.008202459211385925,-0.03220750767859643,-0.061583006642603424,0.07335133119671014,0.008967151722578079,0.008967151722578079,-20.473454819951556,0.008049460792012252,0.000917690930565829,1.0675180622116762,1.0675180622116762,0.2837523194296251,0.9582691419062206,0.10924892030545585,1.2629791158560673,1.2629791158560673,1.0139616928576876,1.1337268721144016,0.12925224374166605
100.0,30.0,0.025228679892895248,-0.010192467120188533,-0.03203935087959313,-0.06048487932072987,0.07365672614475369,0.009041975823179685,0.009041975823179685,-20.437366585352667,0.007808050434786826,0.0012339253883928611,1.076425693235677,1.076425693235677,0.3198405540285151,0.9295298136650985,0.1468958795705787,1.2735177215746036,1.2735177215746036,1.050049927456578,1.0997254133502572,0.1737923082243466
100.0,35.0,0.027781904548890197,-0.012251778474064643,-0.03186579926395352,-0.059283006437974475,0.07383660549616772,0.009086193122849268,0.009086193122849268,-20.41618036694139,0.007549662161891393,0.001536530960957873,1.0816896574820558,1.0816896574820558,0.3410267724397942,0.8987693049870707,0.18292035249498492,1.2797455102604602,1.2797455102604602,1.0712361458678574,1.0633326988579426,0.2164128114025173
100.0,40.0,0.029533245826092697,-0.01431645118326061,-0.03168980094203633,-0.05800702303509548,0.073798587985456,0.009076838805645818,0.009076838805645818,-20.420653770631493,0.007281592127519354,0.001795246678126464,1.0805760482911688,1.0805760482911688,0.3365533687496905,0.866856205657066,0.21371984263410287,1.2784280007951854,1.2784280007951854,1.0667627421777532,1.0255763559886413,0.2528516448065442
100.0,45.0,0.03038939991137232,-0.016304540949920808,-0.031503341538746364,-0.05668151410625876,0.07344799692330535,0.008990801938261107,0.008990801938261107,-20.462015694649033,0.00700859249971815,0.0019822094385429597,1.0703335640787033,1.0703335640787033,0.2951914447321511,0.8343562499664464,0.23597731411225714,1.2663101321494517,1.2663101321494517,1.0254008181602143,0.9871257041856548,0.27918442796379717
100.0,50.0,0.030284533298470476,-0.018121565831840693,-0.03128536994303175,-0.05532706395606456,0.07270077361194112,0.00880879661235644,0.00880879661235644,-20.550834173893108,0.00673293867551569,0.00207585793684075,1.0486662633757666,1.0486662633757666,0.2063729654880761,0.8015403185137727,0.24712594486199402,1.2406755792051323,1.2406755792051323,0.9365823389161396,0.9483012219036183,0.292374357301514
100.0,55.0,0.029189117931686555,-0.01966704804233903,-0.031002922472545054,-0.05396441313732175,0.0714992060894648,0.008520026728261717,0.008520026728261717,-20.695590428015667,0.0064554130614733595,0.0020646136667883557,1.014288896221633,1.014288896221633,0.06161671136551658,0.7685015549373047,0.24578734128432808,1.2000037645439037,1.2000037645439037,0.7918260847935799,0.909213107249769,0.2907906572941346
100.0,60.0,0.027117284702609733,-0.020841826069782108,-0.03061559482837278,-0.052620207395183825,0.06982785774010747,0.008126358077986692,0.008126358077986692,-20.90104044935099,0.006176855933882036,0.0019495021441046543,0.9674235807127015,0.9674235807127015,-0.1438333099698057,0.7353399921288138,0.23208358858388742,1.1445574757727734,1.1445574757727734,0.5863760634582573,0.8699797089974699,0.27457776677530343
100.0,65.0,0.02413145124158095,-0.02155584847251623,-0.030082427774739715,-0.05133191038783441,0.06772664931385557,0.0076446516110701395,0.0076446516110701395,-21.166423018589086,0.005899723482671274,0.001744928128398866,0.9100775727464452,0.9100775727464452,-0.40921587920790503,0.7023480336513422,0.2077295390951031,1.076711494516921,1.076711494516921,0.3209934942201582,0.8309469693903203,0.24576452512660082
100.0,70.0,0.02034308283324223,-0.021736020611351207,-0.029369457874704043,-0.050149632044766385,0.06529813367361056,0.007106243018780052,0.007106243018780052,-21.4835994462174,0.0056291184665342745,0.0014771245522457773,0.8459813117595302,0.8459813117595302,-0.7263923068362156,0.6701331507778899,0.17584816098164016,1.0008792984197257,1.0008792984197257,0.003817066591847338,0.7928335868358133,0.20804571158391227
100.0,75.0,0.015908866822198636,-0.021333430929693628,-0.028455979145548777,-0.04913380150513102,0.06270630365661799,0.006553313140339189,0.006553313140339189,-21.83539079430988,0.005372995416224723,0.0011803177241144671,0.780156326230856,0.780156326230856,-1.0781836549286992,0.6396423114553242,0.14051401477553183,0.9230018507519984,0.9230018507519984,-0.34797428150063653,0.7567599177781301,0.16624193297386863
100.0,80.0,0.011022286377428888,-0.020329097791106067,-0.0273380509471494,-0.04834917768190193,0.060164566200476076,0.006032816249133558,0.006032816249133558,-22.19479902464576,0.005141565556215129,0.0008912506929184271,0.718192410611138,0.718192410611138,-1.4375918852645762,0.6120911376446584,0.10610127296647943,0.8496924294554308,0.8496924294554308,-0.707382511836513,0.7241641628472014,0.12552826660822916
100.0,85.0,0.0059013809412195506,-0.018737417662446014,-0.026028755156578258,-0.047856903144721095,0.05791110766748162,0.005589362305145378,0.005589362305145378,-22.526377382950567,0.0049461822617673035,0.0006431800433780723,0.6654002744220688,0.6654002744220688,-1.7691702435693837,0.5888312216389647,0.07656905278310386,0.7872341274852644,0.7872341274852644,-1.0389608701413204,0.6966453889813103,0.09058873850395385
100.0,90.0,0.0007741204775980305,-0.01660681098793749,-0.02455573931578466,-0.04770671422969815,0.05617206022251431,0.005258710025625413,0.005258710025625413,-22.79120776275881,0.004798078488182274,0.0004606315374431382,0.6260369078125492,0.6260369078125492,-2.034000623377625,0.5711998200216993,0.054837087790849795,0.7406633838909031,0.7406633838909031,-1.3037912499495616,0.6757857025608837,0.06487768133001946
100.0,95.0,-0.004136894182875846,-0.014017543361023456,-0.02295727412106076,-0.047931028184746954,0.05511828474540021,0.005063256236395026,0.005063256236395026,-22.955700937001534,0.004707255597850087,0.00035600063854494016,0.6027685995708365,0.6027685995708365,-2.1984937976203502,0.5603875711726294,0.04238102839820716,0.713134681182398,0.713134681182398,-1.4682844241922874,0.6629937461760685,0.0501409350063296
100.0,100.0,-0.008628795295861236,-0.011077138946228676,-0.021278179487656666,-0.0485417831177808,0.05482905020201001,0.005010256539652395,0.005010256539652395,-23.001400364275604,0.004681665755133713,0.00032859078451868366,0.5964591118633804,0.5964591118633804,-2.2441932248944183,0.557341161325442,0.03911795053793853,0.7056699351623091,0.7056699351623091,-1.513983851466355,0.6593895429765793,0.04628039218573009
100.0,105.0,-0.0125306346620189,-0.007914023474771721,-0.019566565431585716,-0.04953002974963844,0.05527859352752041,0.005092751523355792,0.005092751523355792,-22.93047512645331,0.004726679193367874,0.0003660723299879183,0.6062799432566419,0.6062799432566419,-2.1732679870721268,0.562699903972366,0.04358003928427599,0.71728894695152,0.71728894695152,-1.4430586136440633,0.66572946385463,0.0515594830968899
100.0,110.0,-0.015712594089206083,-0.004669996828649761,-0.017871633073431994,-0.050867653226467045,0.05635253230220666,0.005292555140314289,0.005292555140314289,-22.763346086019883,0.004844741551410503,0.0004478135889037852,0.6300660881326535,0.6300660881326535,-2.0061389466387,0.5767549465964885,0.05331114153616491,0.7454303014527167,0.7454303014527167,-1.275929573210637,0.6823579649873948,0.06307233646532186
100.0,115.0,-0.018091790337740592,-0.001491958191680879,-0.016242117740750874,-0.05251033983995216,0.05788506712168664,0.005584336764221766,0.005584336764221766,-22.530283994047437,0.0050351183418594365,0.0005492184223623319,0.6648019957406865,0.6648019957406865,-1.7730768546662516,0.5994188502213615,0.06538314551932524,0.7865263048199671,0.7865263048199671,-1.0428674812381886,0.709171597444991,0.07735470737497632
100.0,120.0,-0.01963448820988218,0.001476816594592835,-0.014724616010784144,-0.05440097091050351,0.05969902903053413,0.0059398168419438225,0.0059398168419438225,-22.262269465608107,0.0052936752069252776,0.0006461416350185461,0.7071210526123599,0.7071210526123599,-1.5050623262269223,0.6301994293958665,0.0769216232164936,0.8365939214005383,0.8365939214005383,-0.7748529527988591,0.7455880573134194,0.09100586408711916
100.0,125.0,-0.020354690262097387,0.004105475913453544,-0.013361155242916527,-0.056472935588160786,0.0616350652754724,0.00633131962569822,0.00633131962569822,-21.98505761320873,0.005612722641622385,0.000718596984075832,0.7537285268688357,0.7537285268688357,-1.2278504738275473,0.6681812668598078,0.08554726000902763,0.8917351585490451,0.8917351585490451,-0.4976411003994837,0.7905243157214626,0.10121084282758196
100.0,130.0,-0.020309215148799367,0.00628385059240157,-0.01218587075555015,-0.05865327113741571,0.063566128239952,0.006734262445907545,0.006734262445907545,-21.717099624076216,0.005981028527703205,0.0007532339182043387,0.8016979102270887,0.8016979102270887,-0.9598924846950299,0.7120272056789531,0.08967070454813558,0.9484876684376823,0.9484876684376823,-0.22968311126696675,0.84239838418355,0.10608928425413222
100.0,135.0,-0.019589576877623565,0.007929282788209627,-0.011221313098076476,-0.06086588064486374,0.06540029313466096,0.007128495962592301,0.007128495962592301,-21.470020920346048,0.006384138419348822,0.0007443575432434814,0.8486304717371789,0.8486304717371789,-0.7128137809648651,0.7600164784939075,0.0886139932432716,1.0040135158580705,1.0040135158580705,0.017395592463197503,0.8991744252603975,0.10483909059767343
100.0,140.0,-0.01831126484334357,0.008991083643023775,-0.010475403908017166,-0.06303515962791498,0.06707687710076957,0.0074986690741360796,0.0074986690741360796,-21.250158119484098,0.006805115404900687,0.000693553669235393,0.8926986993019144,0.8926986993019144,-0.49295098010291133,0.8101327862977008,0.08256591300421347,1.056150573821983,1.056150573821983,0.23725839332515147,0.9584669584367164,0.09768361538526661
100.0,145.0,-0.016601379432484673,0.009451973049850999,-0.009940142752712228,-0.06509010494829554,0.06856000141278337,0.00783393842904233,0.00783393842904233,-21.06019846118794,0.007225710102356643,0.00060822832668569,0.9326117177431347,0.9326117177431347,-0.3029913218067567,0.860203583613886,0.07240813412924882,1.1033716097242718,1.1033716097242718,0.4272180516213064,1.0177056482192455,0.08566596150502676
100.0,150.0,-0.014585924460947438,0.009326454206060457,-0.009592763394890604,-0.0669684961655514,0.06983217402218,0.008127362741136648,0.008127362741136648,-20.90050356346793,0.007627821275817345,0.0004995414653193031,0.9675431834686484,0.9675431834686484,-0.14329642408674204,0.908073961406827,0.0594692220618218,1.1446989776248797,1.1446989776248797,0.5869129493413212,1.0743410247630063,0.07035795286187367
100.0,155.0,-0.012378274800931816,0.008656753630674413,-0.009399291525024998,-0.06862031230535202,0.07088903309064126,0.008375227708099238,0.008375227708099238,-20.77003376407342,0.007994968215885757,0.00038025949221348013,0.9970509176308618,0.9970509176308618,-0.012826624692238733,0.9517819304625902,0.04526898716827145,1.1796095363520054,1.1796095363520054,0.7173827487358243,1.12605186139236,0.053557674959645085
100.0,160.0,-0.010070300170028268,0.0075074260738923,-0.009319685100252939,-0.07000946325310832,0.07173530418925977,0.008576387726617436,0.008576387726617436,-20.666955933551186,0.00831343993514681,0.00026294779147062594,1.0209985388830283,1.0209985388830283,0.09025120583000079,0.9896952303746203,0.03130330850840785,1.2079419333263994,1.2079419333263994,0.8204605792580637,1.1709070331192688,0.03703490020713041
100.0,165.0,-0.007727270098013437,0.005959791122117269,-0.009313296028393361,-0.07111327940224177,0.07238139128008463,0.008731570631507249,0.008731570631507249,-20.589076285460237,0.008572858014987845,0.00015871261651940376,1.0394726942270534,1.0394726942270534,0.16813085392094623,1.0205783351176005,0.018894359109452828,1.2297986804939787,1.2297986804939787,0.8983402273490102,1.2074447908433583,0.022353889650620243
100.0,170.0,-0.005387040605553714,0.004107042153066596,-0.009343489814384903,-0.07191986852648692,0.07283993611001886,0.00884255216500106,0.00884255216500106,-20.53422369465681,0.00876607396386994,7.647820113111551e-05,1.0526847815477451,1.0526847815477451,0.22298344472437515,1.0435802337940405,0.009104547753704229,1.2454298823945151,1.2454298823945151,0.953192818152438,1.234658304770414,0.010771577624100777
100.0,175.0,-0.0030632933945595464,0.0020503435596847747,-0.009380841437726333,-0.07242411942219504,0.07312209608110277,0.00891119161922169,0.00891119161922169,-20.500642175063824,0.008888546027508161,2.2645591713529392e-05,1.0608561451454395,1.0608561451454395,0.2565649643173601,1.0581602413700193,0.0026959037754201655,1.2550974111579847,1.2550974111579847,0.9867743377454237,1.2519078911983326,0.0031895199596520267
100.0,180.0,-0.0007519745276449533,-0.00010422969916008399,-0.00940507256707885,-0.07262354990922658,0.07323395196853953,0.008938475619162585,0.008938475619162585,-20.48736540111756,0.008937515092591034,9.60526571553892e-07,1.0641042403764986,1.0641042403764986,0.2698417382636253,1.0639898919751232,0.00011434840137546335,1.2589402280510684,1.2589402280510684,1.0000511116916875,1.2588049426184555,0.00013528543261322423
105.0,-180.0,-0.0007275251398496099,8.15486262347593e-05,-0.011879036730826013,-0.07236747773235924,0.07333961610209981,0.008964287626176789,0.008964287626176789,-20.47484217235435,0.008963394408874255,8.932173025328242e-07,1.0671770983543798,1.0671770983543798,0.2823649670268372,1.0670707629612208,0.00010633539315866955,1.2625757219967308,1.2625757219967308,1.0125743404549004,1.262449916742853,0.00012580525387786257
105.0,-175.0,0.0017237475318424493,-0.0023880703047921945,-0.011883482347024615,-0.072233285305185,0.07326348916074407,0.008945687321054939,0.008945687321054939,-20.483862858094206,0.008931230686083223,1.4456634971715382e-05,1.0649627763160643,1.0649627763160643,0.2733442812869812,1.063241748343241,0.0017210279728232599,1.2599559607119633,1.2599559607119633,1.0035536547150445,1.257919814941299,0.002036145770664138
105.0,-170.0,0.004188607773140615,-0.00473656690839167,-0.01188165425724625,-0.07173536558034309,0.07298709395495272,0.00887831730820246,0.00887831730820246,-20.516693374883044,0.00881168637604205,6.663093216040922e-05,1.0569425366907692,1.0569425366907692,0.2405137644981417,1.049010282862149,0.007932253828620147,1.2504672265073888,1.2504672265073888,0.9707231379262051,1.2410825881749368,0.009384638332452004
105.0,-165.0,0.006673354396540073,-0.006851618452363399,-0.01189128629148999,-0.07087388354486587,0.07249819578938482,0.008759774282180229,0.008759774282180229,-20.57507084387462,0.00860731398347577,0.00015246029870445891,1.0428302716881226,1.0428302716881226,0.18213629550656515,1.0246802361280678,0.018150035560054636,1.2337710256591872,1.2337710256591872,0.9123456689346285,1.2122977441515166,0.021473281507670274
105.0,-160.0,0.00916849410101468,-0.008626491212032955,-0.011944510807641796,-0.0696556824540346,0.0717848387285421,0.008588236121075276,0.008588236121075276,-20.660960237758026,0.008324112952391816,0.0002641231686834594,1.022409062032771,1.022409062032771,0.09624690162315803,0.9909658276656925,0.0314432343670785,1.2096107212782077,1.2096107212782077,0.8264562750512207,1.172410274984763,0.03720044629344498
105.0,-155.0,0.01164246368585058,-0.009963492352007598,-0.012085653174252245,-0.06809894828078873,0.07084029863095381,0.00836371614196245,0.00836371614196245,-20.776007152220494,0.0079723617943749,0.00039135434758754713,0.995680493090768,0.995680493090768,-0.018800012839311882,0.9490906898065357,0.04658980328423181,1.1779881890087958,1.1779881890087958,0.7114093605887511,1.122867858362662,0.0551203306461334
105.0,-150.0,0.014037616113491932,-0.010778160184968773,-0.012366255691862837,-0.066237467597608,0.06966742277925396,0.008089059090268098,0.008089059090268098,-20.921019920675054,0.007567032383540034,0.0005220267067280635,0.9629832250319164,0.9629832250319164,-0.16381278129387042,0.9008371885166707,0.06214603651524566,1.1393040972208586,1.1393040972208586,0.5663965921341925,1.0657792089493006,0.07352488827155824
105.0,-145.0,0.016269247408941544,-0.011004268109238642,-0.01283749392880779,-0.0641228759004987,0.06828123308784262,0.007770361590647439,0.007770361590647439,-21.095587710100236,0.00712740619163857,0.0006429553990088644,0.9250430465056475,0.9250430465056475,-0.3383805707190546,0.8485007370998299,0.07654230940581719,1.0944171254433013,1.0944171254433013,0.39182880270900916,1.003860026991348,0.09055709845195274
105.0,-140.0,0.01822835708045602,-0.010599370149564583,-0.013541260803553282,-0.06182374651313061,0.06670952725428184,0.007416760311995691,0.007416760311995691,-21.29785755889063,0.006675745020611163,0.0007410152913845252,0.8829476561899634,0.8829476561899634,-0.5406504195094429,0.7947315500727578,0.08821610611720537,1.0446141284500974,1.0446141284500974,0.18955895391862013,0.940245777550868,0.10436835089922887
105.0,-135.0,0.019788487935938768,-0.009550160479862096,-0.014502006115741331,-0.05942134624179858,0.0649922640823554,0.0070398247990229885,0.0070398247990229885,-21.52438149063051,0.006235194055424516,0.0008046307435984718,0.8380743808360702,0.8380743808360702,-0.7671743512493245,0.7422850065981568,0.09578937423791332,0.9915246195807026,0.9915246195807026,-0.036964977821261666,0.8781963458344388,0.11332827374626363
105.0,-130.0,0.02081637971439878,-0.007876564785623366,-0.01572148284889053,-0.05700301437214725,0.06318125202712699,0.006652960941792853,0.006652960941792853,-21.769850262027752,0.0058273771630718415,0.0008255837787210148,0.7920191597372445,0.7920191597372445,-1.0126431226465689,0.6937353765561717,0.09828378318107318,0.9370367523651905,0.9370367523651905,-0.2824337492185059,0.8207573469115269,0.11627940545366404
105.0,-125.0,0.02118542614101726,-0.005633438605144358,-0.01717776697645851,-0.05465489533232737,0.06134159415420826,0.0062711708791946185,0.0062711708791946185,-22.026513652459847,0.005470259895774444,0.0008009109834201758,0.7465679618088833,0.7465679618088833,-1.269306513078666,0.6512214161636243,0.09534654564525903,0.8832635041119181,0.8832635041119181,-0.539097139650603,0.7704591402499217,0.11280436386199659
105.0,-120.0,0.020790263928261568,-0.00290909684826966,-0.01882859525471616,-0.052455809115192126,0.059555233421377675,0.005911237116399971,0.005911237116399971,-22.283216195246244,0.005176757888932876,0.0007344792274670943,0.70371870433333,0.70371870433333,-1.5260090558650585,0.6162807010634377,0.08743800326989219,0.8325686079436578,0.8325686079436578,-0.7957996824369956,0.7291208294271656,0.10344777851649214
105.0,-115.0,0.019560461031934283,0.00017946848965889406,-0.02061776516370018,-0.050473382766847416,0.057924938092282656,0.005592032345108538,0.005592032345108538,-22.524303252342044,0.00495430762812414,0.0006377247169843982,0.665718136322445,0.665718136322445,-1.7670961129608624,0.5897985271576357,0.0759196091648093,0.7876101894519068,0.7876101894519068,-1.0368867395327992,0.6977898067780478,0.08982038267385889
105.0,-110.0,0.017471337997286382,0.0034941489936673002,-0.022482589483957566,-0.048762557714985694,0.05657482296407863,0.005334391982252185,0.005334391982252185,-22.729150746089594,0.004805309899271136,0.0005290820829810485,0.6350466645538316,0.6350466645538316,-1.9719436067084084,0.5720607022941829,0.06298596225964864,0.7513228144017161,0.7513228144017161,-1.2417342332803456,0.6768042111649487,0.07451860323676739
105.0,-105.0,0.014550437254669351,0.006885047409963485,-0.02436044553922923,-0.04736573306502288,0.05564227779122876,0.005159983565122209,0.005159983565122209,-22.87351681626297,0.0047281285690021655,0.0004318549961200437,0.614283757752644,0.614283757752644,-2.116309676881784,0.562872448690734,0.05141130906190998,0.7267582486087618,0.7267582486087618,-1.3861003034537211,0.6659336012679107,0.060824647340851225
105.0,-100.0,0.010878900862056794,0.01020040462010635,-0.026193194225628175,-0.04631345811741266,0.055257746650720065,0.005088911051391072,0.005088911051391072,-22.93375140053731,0.004718255219739434,0.00037065583165163743,0.6058227442132229,0.6058227442132229,-2.176544261156124,0.5616970499689803,0.04412569424424256,0.7167480354071931,0.7167480354071931,-1.4463348877280615,0.664542988695695,0.05220504671149823
105.0,-95.0,0.006587804470017366,0.013296090620989204,-0.027929284427458408,-0.045624798156364624,0.05551443351936162,0.0051362995417285956,0.0051362995417285956,-22.893496567603787,0.004769332864569838,0.00036696667715875993,0.6114642311581662,0.6114642311581662,-2.136289428222603,0.5677777219725997,0.043686509185566665,0.7234224706659993,0.7234224706659993,-1.4060800547945402,0.6717370231788503,0.05168544748714928
105.0,-90.0,0.0018501240558825938,0.01604390666532975,-0.02952425128684905,-0.04530705068849088,0.05643793189200377,0.005308608527736378,0.005308608527736378,-22.75019299618803,0.004873902268842082,0.00043470625889429785,0.6319772056829022,0.6319772056829022,-1.9929858568068473,0.5802264605764383,0.05175074510646403,0.747691341934701,0.747691341934701,-1.2627764833787847,0.6864651082876171,0.0612262336470842
105.0,-85.0,-0.0031306155018884204,0.018338234744027262,-0.030940736658575187,-0.045355068395155386,0.05796984579117175,0.005600706420850929,0.005600706420850929,-22.517571916851324,0.005023900664959143,0.0005768057558917881,0.6667507643870154,0.6667507643870154,-1.7603647774701383,0.5980834124951361,0.06866735189187953,0.7888318902606941,0.7888318902606941,-1.0301554040420755,0.707591642951992,0.08124024730870254
105.0,-80.0,-0.00813382050766814,0.020100790588843197,-0.03214901863799851,-0.045750796902231716,0.059974124711604765,0.005994684828861365,0.005994684828861365,-22.222336450396053,0.005211035260356121,0.0007836495685052432,0.7136529558168292,0.7136529558168292,-1.4651293110148695,0.6203613405185859,0.09329161529824323,0.8443218068818822,0.8443218068818822,-0.734919937586807,0.733948628219172,0.11037317866271029
105.0,-75.0,-0.012936241801737438,0.02128339084966251,-0.033128475867560646,-0.046463652708817006,0.06226311921487409,0.006461007808451921,0.006461007808451921,-21.89699734092855,0.005427150368509082,0.0010338574399428398,0.7691675962442764,0.7691675962442764,-1.1397902015473664,0.6460893295844146,0.12307826665986189,0.9100010997819608,0.9100010997819608,-0.4095808281193032,0.7643873758463495,0.14561372393561123
105.0,-70.0,-0.017326163921691565,0.021868771471148293,-0.03386971052481355,-0.047452087253460944,0.06463201217387071,0.0069619976443814945,0.0069619976443814945,-21.572661279969033,0.0056646296726978644,0.0012973679716836307,0.8288092433787493,0.8288092433787493,-0.8154541405878469,0.6743606753211744,0.1544485680575751,0.9805630485044359,0.9805630485044359,-0.08524476715978274,0.7978351651687132,0.1827278833357226
105.0,-65.0,-0.021116266825984754,0.02186960761429266,-0.03437650768338975,-0.04866624869191005,0.0668903917174829,0.007457031825949529,0.007457031825949529,-21.274340033751166,0.005916774009912793,0.0015402578160367305,0.8877418840416107,0.8877418840416107,-0.5171328943699822,0.7043778583229516,0.1833640257186584,1.0502861726689476,1.0502861726689476,0.21307647905808058,0.8333484521003934,0.21693772056855357
105.0,-60.0,-0.024154161070293997,0.021325958128759537,-0.03466662841966307,-0.05005125548457504,0.06888485529264401,0.007908352500860291,0.007908352500860291,-21.019139810166102,0.006178026620571635,0.0017303258802886562,0.9414705358167014,0.9414705358167014,-0.2619326707849178,0.7354793595918614,0.20599117622484,1.1138524649099002,1.1138524649099002,0.46827670264314586,0.8701445944467091,0.24370787046319098
105.0,-55.0,-0.026329796928110567,0.02030135119774191,-0.03477068077063203,-0.05155041314354115,0.07051133528201389,0.008286218789612965,0.008286218789612965,-20.816436037595267,0.00644392374786584,0.001842295041747125,0.9864546178110674,0.9864546178110674,-0.059228898214081366,0.7671337795078381,0.2193208383032292,1.1670730689595725,1.1670730689595725,0.6709804752139819,0.9075948940656113,0.25947817489396124
105.0,-50.0,-0.027579250013790354,0.018877649528079632,-0.03472888472131315,-0.05310782341374814,0.07171831721924514,0.00857232641835592,0.00857232641835592,-20.669013001836714,0.00671073580403073,0.001861590614325187,1.020515049804276,1.020515049804276,0.08819413754447168,0.7988971195274679,0.221617930276808,1.2073699180782984,1.2073699180782984,0.8184035109725352,0.9451740569057366,0.26219586117256155
105.0,-45.0,-0.027884749301239995,0.01714876346163733,-0.03458622114464224,-0.054670188274014445,0.0725029344981186,0.0087609194520719,0.0087609194520719,-20.574503125526196,0.006974895976073339,0.0017860234759985605,1.042966601437131,1.042966601437131,0.18270401385498927,0.8303447590563501,0.21262184238078105,1.2339323171932253,1.2339323171932253,0.9129133872830524,0.982379714939907,0.2515526022533184
105.0,-40.0,-0.027271181950730087,0.015213333381154926,-0.03438697198109463,-0.05618799634894485,0.07290211007435668,0.008857654077183669,0.008857654077183669,-20.526812844603608,0.007232420903611581,0.0016252331735720842,1.054482628236151,1.054482628236151,0.23039429477757736,0.8610024885251883,0.19348013971096245,1.24755691227939,1.24755691227939,0.9606036682056409,1.0186508314945888,0.22890608078480057
105.0,-35.0,-0.025799650237944637,0.013166740515526406,-0.0341698307095337,-0.057616466706725225,0.07298095350630088,0.008876823494561615,0.008876823494561615,-20.517424154807514,0.007478548089657619,0.0013982754049039943,1.0567647017335258,1.0567647017335258,0.23978298457366992,0.8903033440068595,0.166461357726666,1.2502568302199457,1.2502568302199457,0.9699923580017328,1.0533166323461436,0.19694019787380201
105.0,-30.0,-0.023558961740606302,0.011093164969907969,-0.03396454211663966,-0.058916509820072634,0.07282052071989495,0.008837838851717482,0.008837838851717482,-20.536539215843067,0.0077077271638834755,0.001130111687834005,1.05212367282351,1.05212367282351,0.22066792353811485,0.9175865671289853,0.13453710569452443,1.2447660354531664,1.2447660354531664,0.9508772969661777,1.0855953751948557,0.15917066025831056
105.0,-25.0,-0.020656187409097755,0.00905871386674863,-0.033790527375237085,-0.060055650014050034,0.07250668392711189,0.008761825602836525,0.008761825602836525,-20.574053953577433,0.007913948286059009,0.0008478773167775168,1.0430744765281577,1.0430744765281577,0.1831531858037519,0.9421367007213105,0.10093777580684725,1.2340599440614823,1.2340599440614823,0.9133625592318158,1.1146406036702827,0.11941934039119956
105.0,-20.0,-0.017207564039875577,0.007106696351448228,-0.033657375198291775,-0.06100858379511627,0.07212122846390247,0.008668915093451137,0.008668915093451137,-20.62035250667907,0.008091253047282119,0.0005776620461690214,1.032013701601326,1.032013701601326,0.13685463270211573,0.9632444103907286,0.06876929121059779,1.2209739568241038,1.2209739568241038,0.8670640061301788,1.1396131052510026,0.08136085157310159
105.0,-15.0,-0.013330961609017589,0.005255837752472537,-0.03356665155370065,-0.061757040334718155,0.07173555948992784,0.0085764487721915,0.0085764487721915,-20.66692502116423,0.008234226221475738,0.00034222255071576015,1.0210058062132739,1.0210058062132739,0.0902821182169545,0.9802650263661593,0.040740779847114314,1.2079505312945775,1.2079505312945775,0.8204914916450183,1.1597501720388363,0.048200359255740864
105.0,-10.0,-0.009140828304297282,0.0035016819056963447,-0.03351433302649383,-0.06228889626160766,0.0714068178394569,0.008498022517550352,0.008498022517550352,-20.70682122477511,0.00833833208261679,0.00015969043493355956,1.011669347327423,1.011669347327423,0.050385914606075985,0.9926585812639038,0.019010766063518994,1.1969045799366693,1.1969045799366693,0.7805952880341394,1.1744129693826466,0.02249161055402247
105.0,-5.0,-0.00474600341181674,0.0018208314021706759,-0.03349329679771682,-0.06259690242459368,0.07117593061502012,0.008443156251744497,0.008443156251744497,-20.734951734601083,0.008400090640697766,4.306561104672953e-05,1.0051376490172022,1.0051376490172022,0.022255404780101233,1.000010790559258,0.0051268584579439915,1.189176936865422,1.189176936865422,0.7524647782081637,1.1831113578447556,0.00606557902066613
105.0,0.0,-0.0002501808521850348,0.000177229238511986,-0.033495569781778964,-0.06267764219521192,0.07106710931801587,0.00841735840602614,0.00841735840602614,-20.74824180434228,0.008417201741947364,1.566640787755109e-07,1.0020664769078738,1.0020664769078738,0.008965335038903132,1.0020478264223052,1.8650485568513206e-05,1.1855434374684704,1.1855434374684704,0.7391747084669669,1.1855213721052624,2.206536320781844e-05
105.0,5.0,0.004245718629368142,-0.0014705016085961118,-0.033514264390759545,-0.06253127267157861,0.07108835686131516,0.008422392378135113,0.008422392378135113,-20.745645297538676,0.008388745668053373,3.364671008173759e-05,1.0026657593017991,1.0026657593017991,0.011561841842506946,0.9986601985777827,0.004005560724016379,1.1862524476246636,1.1862524476246636,0.7417712152705702,1.1815134743737146,0.004738973250948955
105.0,10.0,0.008640323677228792,-0.003161599800078664,-0.033545172970026405,-0.06216219832504991,0.07123249565145787,0.008456581498492523,0.008456581498492523,-20.728051613553603,0.008315499978006778,0.00014108152048574976,1.0067358926776813,1.0067358926776813,0.029155525827579763,0.9899404735722357,0.0167954191054464,1.1910678166890878,1.1910678166890878,0.7593648992556439,1.1711971800009546,0.019870636688133766
105.0,15.0,0.012828857952036647,-0.004926360653123517,-0.03358784921425222,-0.06158027223221943,0.07147812370699008,0.008515003008696027,0.008515003008696027,-20.69815194247493,0.008200262714295265,0.00031474029440075723,1.0136908343685747,1.0136908343685747,0.05905519690625604,0.9762217517018174,0.03746908266675682,1.1992961984078907,1.1992961984078907,0.7892645703343182,1.1549665794782062,0.04432961892968412
105.0,20.0,0.016701427353892725,-0.006780568662236068,-0.03364579994613845,-0.06080169585923266,0.07178997047230799,0.008589464074032577,0.008589464074032577,-20.660339324378185,0.008047953853121724,0.0005415102209108526,1.02255524690864,1.02255524690864,0.09686781500299735,0.9580897444192529,0.06446550248938722,1.2097836723989543,1.2097836723989543,0.8270771884310607,1.1335146272002428,0.07626904519871164
105.0,25.0,0.020143238311730233,-0.008721580362848855,-0.03372533719778805,-0.059848754256531925,0.0721185674349681,0.008668275398071157,0.008668275398071157,-20.620672992485446,0.007865267626692143,0.0008030077713790162,1.0319375473894234,1.0319375473894234,0.13653414689573684,0.9363413841300172,0.0955961632594067,1.2208838588832616,1.2208838588832616,0.8667435203238006,1.1077841727735414,0.11309968610972058
105.0,30.0,0.02303709994099974,-0.010726300060454531,-0.03383284509030624,-0.05874798577838718,0.072399922144991,0.008736042064431085,0.008736042064431085,-20.586852834870577,0.0076597982752955665,0.0010762437891355182,1.0400050076703673,1.0400050076703673,0.17035430451060943,0.911880747058996,0.12812426061137122,1.230428459779026,1.230428459779026,0.9005636779386729,1.0788448275064177,0.15158363227260818
105.0,35.0,0.025268231395294466,-0.01275110449889678,-0.03397070396279747,-0.05752720363074808,0.07255661285568332,0.008773896743423727,0.008773896743423727,-20.56807480943744,0.007438804557339585,0.0013350921860841392,1.0445115170742534,1.0445115170742534,0.18913232994374474,0.8855719711118555,0.15893954596239757,1.2357601047075673,1.2357601047075673,0.9193417033718081,1.0477189517379697,0.1880411529695971
105.0,40.0,0.0267311001620528,-0.014733593797745026,-0.034132724033292615,-0.0562125811155816,0.07250191464836914,0.008760672985946629,0.008760672985946629,-20.57462530492121,0.0072079920622514955,0.0015526809236951322,1.0429372602317415,1.0429372602317415,0.1825818344599742,0.858094293125178,0.18484296710656337,1.2338976036544547,1.2338976036544547,0.9127912078880378,1.0152101496128865,0.21868745404156792
105.0,45.0,0.02733775815732265,-0.016595931004803034,-0.034300404971868426,-0.054827319787499204,0.07214797795710785,0.008675346822186944,0.008675346822186944,-20.61713154006696,0.006970757069136559,0.0017045897530503869,1.032779383593684,1.032779383593684,0.14007559931422398,0.8298520320400665,0.20292735155361752,1.2218798341108372,1.2218798341108372,0.8702849727422869,0.9817967703009236,0.24008306380991362
105.0,50.0,0.02702689952563574,-0.018249517317198125,-0.03444140334949534,-0.05339295438010544,0.07141789707347992,0.008500659769487072,0.008500659769487072,-20.70547365682442,0.006728204559793565,0.0017724552096935091,1.0119833058913181,1.0119833058913181,0.051733482556761974,0.8009767333087577,0.21100657258256061,1.1972760238714186,1.1972760238714186,0.7819428559848257,0.9476344450413471,0.2496415788300717
105.0,55.0,0.025772622795487168,-0.01960080233307419,-0.034511144173412674,-0.05193322239363731,0.07026021774947598,0.008227303169196946,0.008227303169196946,-20.84742499012826,0.00647997843815348,0.0017473247310434662,0.9794408534758271,0.9794408534758271,-0.09021785074707464,0.771426004542081,0.20801484893374597,1.158775094253091,1.158775094253091,0.6399915226809882,0.9126730194582364,0.24610207479485438
105.0,60.0,0.023591672775086607,-0.020558053400204224,-0.034457654145678356,-0.05047915329356489,0.06866349416095004,0.007857607265875912,0.007857607265875912,-21.047096816231367,0.006225644740213898,0.0016319625256620146,0.9354294364137992,0.9354294364137992,-0.2898896768501831,0.7411481833587974,0.19428125305500177,1.1067052487149174,1.1067052487149174,0.44031969657788084,0.8768513718611123,0.22985387685380487
105.0,65.0,0.020547861314464098,-0.021038811198422925,-0.0342287134836187,-0.04907326620162851,0.06666810679538525,0.0074075529242319405,0.0074075529242319405,-21.303252369630272,0.005966176579683946,0.0014413763445479937,0.8818515385990406,0.8818515385990406,-0.5460452302490841,0.7102591166290412,0.17159242196999927,1.0433173132721043,1.0433173132721043,0.1841641431789792,0.8403065605188655,0.20301075275323852
105.0,70.0,0.016752544499090007,-0.020977526650603297,-0.033779691523076534,-0.047770919874904554,0.06437260843448496,0.006906225156691032,0.006906225156691032,-21.60759266890926,0.005705079501976569,0.0012011456547144591,0.8221696615108373,0.8221696615108373,-0.850385529528076,0.6791761311876869,0.1429935303231499,0.9727077685480326,0.9727077685480326,-0.12017615610001306,0.803532324222052,0.16917544432598014
105.0,75.0,0.012360530299363128,-0.02033260576672717,-0.03308023908995457,-0.046637863681600326,0.06193214119969302,0.0063924995877986885,0.0063924995877986885,-21.94329291305813,0.00544885920820013,0.0009436403795985581,0.76101185569032,0.76101185569032,-1.1860857736769488,0.6486737152619204,0.11233814042839979,0.9003520546195335,0.9003520546195335,-0.4558764002488855,0.7674449589014269,0.13290709571810677
105.0,80.0,0.007561531387779307,-0.01909194665570693,-0.03211842979922501,-0.045744393193000346,0.05954680701260389,0.005909564485008171,0.005909564485008171,-22.284445239795097,0.005206782401862832,0.0007027820831453397,0.703519581548592,0.703519581548592,-1.5272381004139124,0.6198550478408134,0.08366453370777854,0.8323330260574888,0.8323330260574888,-0.7970287269858499,0.7333496340651875,0.09898339199230136
105.0,85.0,0.0025680536451489306,-0.017276161592851908,-0.030901789877534627,-0.04515759753078283,0.057438574941359385,0.0054985202786670745,0.0054985202786670745,-22.597541689189317,0.004990097825128333,0.0005084224535387437,0.6545857474603661,0.6545857474603661,-1.8403345498081316,0.5940592648962301,0.060526482564136154,0.7744394758686022,0.7744394758686022,-1.110125176380068,0.7028306795955397,0.07160879627306249
105.0,90.0,-0.002398827073526481,-0.01493903738124933,-0.02945558124409496,-0.044933594563436,0.05581745601535216,0.005192524995524761,0.005192524995524761,-22.846214042021366,0.004810985302242541,0.00038153969328221974,0.6181577375624717,0.6181577375624717,-2.0890069026401816,0.5727363455050644,0.04542139205740712,0.7313415486654594,0.7313415486654594,-1.3587975292121182,0.6776035636961325,0.05373798496932672
105.0,95.0,-0.007124156995990973,-0.012165265017111624,-0.02781935196459131,-0.0451113583996918,0.054842486141998895,0.005012712382096316,0.005012712382096316,-22.99927213490267,0.004681474709355665,0.00033123767274065156,0.5967514740590855,0.5967514740590855,-2.2420649955214853,0.5573184177804363,0.039433056278648994,0.70601582846427,0.70601582846427,-1.511855622093422,0.6593626351205162,0.046653193343753736
105.0,100.0,-0.011412793531897399,-0.009065870146449734,-0.026042936958057657,-0.045709024245015835,0.05458929675812666,0.004966535193841501,0.004966535193841501,-23.03946482685554,0.004612473772351159,0.00035406142149034184,0.5912541897430358,0.5912541897430358,-2.2822576874743596,0.5491040205179952,0.04215016922504071,0.6995119991326058,0.6995119991326058,-1.5520483140462953,0.6496441932888957,0.049867805843710124
105.0,105.0,-0.01510099943070095,-0.005771955978585833,-0.024182791279960023,-0.04672277190603779,0.05503799113610986,0.005048515175386886,0.005048515175386886,-22.9683633395178,0.004612932671274808,0.00043558250411207967,0.6010137113555818,0.6010137113555818,-2.2111562001366165,0.549158651342239,0.05185506001334282,0.7110584754066037,0.7110584754066037,-1.4809468267085533,0.6497088269401137,0.06134964846649009
105.0,110.0,-0.018065246361671627,-0.0024273184321470134,-0.02229896488678438,-0.04812781342652158,0.05608721120825179,0.005242835252082814,0.005242835252082814,-22.804337890983092,0.004689106629295978,0.0005537286227868342,0.6241470538193827,0.6241470538193827,-2.0471307516019084,0.5582269796780926,0.0659200741412898,0.738427500293354,0.738427500293354,-1.3169213781738458,0.6604375534219687,0.0779899468713851
105.0,115.0,-0.020227820686411595,0.0008196714038941598,-0.0204524656639087,-0.04988075640492849,0.05758671550100042,0.005526919461106403,0.005526919461106403,-22.575168639602758,0.004843874568138656,0.0006830448929677464,0.657966602512667,0.657966602512667,-1.817961500221574,0.576651734302221,0.081314868210446,0.7784393607192117,0.7784393607192117,-1.0877521267935104,0.6822358546674162,0.09620350605179526
105.0,120.0,-0.021558993190837112,0.0038246274142964077,-0.01870246063119845,-0.05192266557928511,0.0593730847841053,0.0058751335818095,0.0058751335818095,-22.309822544718486,0.005076122468686232,0.0007990111131232659,0.6994206645011309,0.6994206645011309,-1.5526154053373014,0.6043002938912182,0.09512037060991262,0.8274836030717605,0.8274836030717605,-0.8224060319092381,0.7149468265755256,0.11253677649623463
105.0,125.0,-0.02207563629449359,0.006455789844767513,-0.017102859031792525,-0.05418240601751391,0.06129642607228142,0.0062619388897837015,0.0062619388897837015,-22.032911749751282,0.0053802747604475894,0.0008816641293361104,0.7454689154504408,0.7454689154504408,-1.2757046103700986,0.6405089000532845,0.104960015397156,0.8819632239131974,0.8819632239131974,-0.5454952369420359,0.7577851775278295,0.12417804638536765
105.0,130.0,-0.021836335390758015,0.008602155551804918,-0.01569825447680776,-0.05658018015574587,0.06323428345059658,0.0066641340048906985,0.0066641340048906985,-21.76256278558135,0.005746117926792649,0.0009180160780980516,0.7933492862965118,0.7933492862965118,-1.0053556462001643,0.6840616579515058,0.10928762834500615,0.938610423224042,0.938610423224042,-0.2751462727721012,0.8093123840553027,0.12929803916873966
105.0,135.0,-0.02093329574109836,0.010180262603179205,-0.014519770439353904,-0.05903140370316762,0.06509509178142282,0.007062118579603778,0.007062118579603778,-21.510649944994537,0.006159072159136061,0.0009030464204677185,0.8407284023337831,0.8407284023337831,-0.7534428056133536,0.7332228760876265,0.10750552624615697,0.9946645886765884,0.9946645886765884,-0.023233432185290406,0.8674749519909946,0.12718963668559413
105.0,140.0,-0.019481686652885213,0.011138739060458864,-0.01358177912160476,-0.06145106573088721,0.06681546098223133,0.007440334422908171,0.007440334422908171,-21.284075436531044,0.006601008158844258,0.0008393262640639143,0.8857540979652586,0.8857540979652586,-0.5268682971498626,0.7858343046243165,0.09991979334094218,1.0479344257617142,1.0479344257617142,0.20334107627820042,0.9297194589921489,0.11821496676956539
105.0,145.0,-0.01760743694351359,0.011459982469909227,-0.012880522711022498,-0.0637584556156794,0.0683549673523158,0.007787152477969122,0.007787152477969122,-21.086213214265854,0.0070515814174728795,0.000735571060496243,0.9270419616629907,0.9270419616629907,-0.3290060748846671,0.839473978270581,0.08756798339240988,1.0967820391505805,1.0967820391505805,0.40120329854339637,0.9931804813342084,0.10360155781637223
105.0,150.0,-0.015434813307122708,0.011158872321833765,-0.012395286341633853,-0.06588173923155928,0.06969074960844511,0.008094476936434681,0.008094476936434681,-20.91811210031,0.007489901357486421,0.0006045755789482595,0.9636282067184145,0.9636282067184145,-0.16090496092881848,0.8916549235102883,0.07197328320812615,1.1400671741457298,1.1400671741457298,0.5693044124992449,1.054915684153017,0.08515148999271262
105.0,155.0,-0.01307527167589242,0.010279041490392764,-0.01209207944500679,-0.06776156750614919,0.07081292141660575,0.008357252843284686,0.008357252843284686,-20.779364583351338,0.007896227999013012,0.0004610248442716732,0.9949110527719865,0.9949110527719865,-0.0221574439701522,0.9400271427396443,0.05488391003234206,1.1770778652513643,1.1770778652513643,0.7080519294579112,1.112144788593382,0.06493307665798215
105.0,160.0,-0.010618977489611327,0.008887690616085974,-0.011929059064714816,-0.06935291910115185,0.07172087259252012,0.008572937305084365,0.008572937305084365,-20.668703523091303,0.008253355288460265,0.00031958201662409674,1.0205877744148053,1.0205877744148053,0.08850361628988321,0.9825422962452698,0.038045478169535324,1.2074559584625864,1.2074559584625864,0.8187129897179463,1.1624444068253894,0.045011551637196716
105.0,165.0,-0.008130008254210022,0.007070040309912606,-0.011862492439080552,-0.07062476916881584,0.07242001968525744,0.008740892824505433,0.008740892824505433,-20.58444204785236,0.00854742654206693,0.00019346628243850525,1.0405824791077898,1.0405824791077898,0.17276509152882452,1.0175507788174916,0.023031700290298246,1.2311116654233003,1.2311116654233003,0.9029744649568873,1.2038628932488633,0.027248772174437358
105.0,170.0,-0.0056456439627060465,0.004924267271191067,-0.011852101641727394,-0.07155778837837597,0.07291852367431775,0.008861643052454392,0.008861643052454392,-20.52485747361444,0.008768109082843709,9.353396961068193e-05,1.0549575062445706,1.0549575062445706,0.23234966576674826,1.0438225098623466,0.01113499638222404,1.2481187397823088,1.2481187397823088,0.9625590391948116,1.2349449412455928,0.013173798536715764
105.0,175.0,-0.0031794768620665046,0.0025573165831386645,-0.011865119161268837,-0.07214085319704418,0.07322385331250605,0.008936010632237193,0.008936010632237193,-20.48856323160219,0.008908263050573718,2.7747581663467023e-05,1.063810789552047,1.063810789552047,0.26864390777899827,1.060507506020681,0.0033032835313651218,1.2585930467939708,1.2585930467939708,0.998853281207061,1.254684936700524,0.003908110093446059
105.0,180.0,-0.0007275251398496091,8.154862623476389e-05,-0.011879036730826013,-0.07236747773235924,0.07333961610209981,0.008964287626176789,0.008964287626176789,-20.47484217235435,0.008963394408874255,8.932173025328239e-07,1.0671770983543798,1.0671770983543798,0.2823649670268372,1.0670707629612208,0.00010633539315866951,1.2625757219967308,1.2625757219967308,1.0125743404549004,1.262449916742853,0.00012580525387786252
110.0,-180.0,-0.0006890213157913531,0.00025289884214187483,-0.013733630348074774,-0.07197464610830913,0.07327687898069805,0.008948957492588333,0.008948957492588333,-20.48227554805544,0.008948059666743682,8.978258446557096e-07,1.065352082450992,1.065352082450992,0.27493159132574435,1.065245198421867,0.00010688402912567973,1.2604165482518779,1.2604165482518779,1.0051409647538077,1.2602900939075605,0.00012645434431770558
110.0,-175.0,0.0018825533773497135,-0.002526494156943151,-0.01374479815828249,-0.0718134734089705,0.0731848455584657,0.00892649239895327,0.00892649239895327,-20.493191604878543,0.008909947488830299,1.654491012297043e-05,1.0626776665420559,1.0626776665420559,0.2640155345026411,1.0607080343845594,0.00196963215749648,1.2572524505567986,1.2572524505567986,0.9942249079307052,1.2549221815253941,0.0023302690314042857
110.0,-170.0,0.004465622552047743,-0.005183410132670072,-0.013769080000097193,-0.07123632365776689,0.07287668281215892,0.008851476296743915,0.008851476296743915,-20.529842892954463,0.008773462259049262,7.801403769465368e-05,1.0537471781837993,1.0537471781837993,0.22736424642672243,1.0444597927439598,0.009287385439839724,1.2466868023582978,1.2466868023582978,0.9575736198547863,1.235698909725248,0.010987892633049813
110.0,-165.0,0.007066571501638207,-0.007599836017305049,-0.013826103509187043,-0.07024806549733702,0.0723439408979259,0.008722537479323271,0.008722537479323271,-20.593571557831694,0.008543051807380285,0.00017948567194299005,1.0383973189670561,1.0383973189670561,0.16363558154949198,1.0170299770690816,0.02136734189797501,1.228526405538489,1.228526405538489,0.8938449549775561,1.2032467334338428,0.025279672104646482
110.0,-160.0,0.009676839281917184,-0.00966356479686744,-0.013950134350699398,-0.06886263077543664,0.07157998231899744,0.008539288603409762,0.008539288603409762,-20.685783082902176,0.008227586441711466,0.0003117021616983008,1.0165819765964004,1.0165819765964004,0.07142405647900385,0.9794745763942222,0.03710740020217867,1.2027167047056004,1.2027167047056004,0.8016334299070675,1.1588149917903472,0.043901712915253625
110.0,-155.0,0.01226654616799573,-0.011271885360220224,-0.014187154020278965,-0.06710675386330427,0.07058410095574454,0.008303329893954447,0.008303329893954447,-20.807477070751972,0.00784080153326108,0.0004625283606933674,0.9884916540421962,0.9884916540421962,-0.05026993137078586,0.9334287539596525,0.05506290008254374,1.1694830836555559,1.1694830836555559,0.6799394420572771,1.104338244121279,0.06514483953427709
110.0,-150.0,0.01478029317108741,-0.012336011457996338,-0.014589384169281126,-0.06502322423662252,0.06936500605838708,0.008018984522456037,0.008018984522456037,-20.958806247602915,0.007401275333599744,0.0006177091888562916,0.9546410145780998,0.9546410145780998,-0.2015991082217319,0.8811042063809219,0.07353680819717759,1.1294344397825404,1.1294344397825404,0.5286102652063311,1.0424331455774287,0.0870012942051115
110.0,-145.0,0.01713598456582964,-0.012786247376211835,-0.015207552789251889,-0.06267234735262435,0.06794279118149268,0.0076935235367750895,0.0076935235367750895,-21.138747132406365,0.006931658003960122,0.0007618655328149656,0.9158956591398918,0.9158956591398918,-0.38153999302517716,0.8251973814238243,0.09069827771606734,1.0835948643345195,1.0835948643345195,0.348669380402885,0.9762898597126932,0.10730500462182613
110.0,-140.0,0.019227401545772693,-0.01257754481773236,-0.01608211312386362,-0.06013068338631229,0.06634923549580754,0.007336862234969266,0.007336862234969266,-21.34489635641645,0.006457070288996406,0.0008797919459728582,0.873435980353484,0.873435980353484,-0.5876892170352666,0.7686988439281437,0.10473713642534027,1.033360878164685,1.033360878164685,0.14252015639279592,0.9094465195769587,0.1239143585877265
110.0,-135.0,0.020930860601042864,-0.011694703166005524,-0.017235283012112922,-0.057486912515266976,0.06462713902600714,0.006960947837519799,0.006960947837519799,-21.57331620651249,0.006002858729829106,0.0009580891076906924,0.8286842663714046,0.8286842663714046,-0.8161090671313075,0.7146260392653697,0.11405822710603482,0.9804151883830702,0.9804151883830702,-0.08589969370324387,0.8454730605393107,0.13494212784375947
110.0,-130.0,0.02211564905346471,-0.01015618498312421,-0.01866580984850625,-0.05483558200402101,0.06282995732521039,0.00657918422952606,0.00657918422952606,-21.8182795237066,0.0055921241063226065,0.0009870601232034528,0.7832362178007215,0.7832362178007215,-1.0610723843254128,0.6657290602765008,0.11750715752422058,0.9266456661304309,0.9266456661304309,-0.33086301089735015,0.7876231135665641,0.13902255256386659
110.0,-125.0,0.022657188351011923,-0.00801552968204868,-0.020347702209038837,-0.05227013674470078,0.061022889808288135,0.006206175589049573,0.006206175589049573,-22.07175941243548,0.0052435367678530685,0.000962638821196507,0.7388304272678063,0.7388304272678063,-1.3145522730542964,0.6242305676015558,0.11459985966625083,0.8741092378943061,0.8741092378943061,-0.5843428996262328,0.738526305331418,0.1355829325628883
110.0,-120.0,0.022451247164877182,-0.005359702079634683,-0.022233049815183807,-0.04987673384799517,0.05928559680958805,0.005857831976567112,0.005857831976567112,-22.32263089584476,0.0049698780532223845,0.0008879539233447284,0.697360949591323,0.697360949591323,-1.5654237564635751,0.591652149193141,0.10570880039818195,0.8250467572629735,0.8250467572629735,-0.8352143830355123,0.6999828243975188,0.1250639328654547
110.0,-115.0,0.02142721078268608,-0.0023043011864952515,-0.02425793011359017,-0.04772987434559547,0.057715017493940854,0.005551574617141157,0.005551574617141157,-22.55583818580923,0.004777534243024914,0.0007740403741162446,0.6609017401358521,0.6609017401358521,-1.7986310464280428,0.5687540765505851,0.09214766358526723,0.7819119179072052,0.7819119179072052,-1.06842167299998,0.6728921469049174,0.10901977100228798
110.0,-110.0,0.019558518346958532,0.0010138361153128374,-0.02634970684513857,-0.045890108533605665,0.05642492902652051,0.005306162684360599,0.005306162684360599,-22.75219438892514,0.004666905238691856,0.0006392574456687424,0.6316860338524523,0.6316860338524523,-1.9949872495439582,0.5555839569871257,0.07610207686532648,0.7473468569521969,0.7473468569521969,-1.264777876115895,0.6573105969988529,0.090036259953344
110.0,-105.0,0.016868876438895314,0.004445680695023175,-0.028433984921112772,-0.04440336498671448,0.05553803552332644,0.005140667873505738,0.005140667873505738,-22.889804539744713,0.004633474707262558,0.0005071931662431806,0.611984270655445,0.611984270655445,-2.1325974003635295,0.5516041318169712,0.06038013883847389,0.7240377286627799,0.7240377286627799,-1.4023880269354663,0.6526020714454306,0.07143565721734939
110.0,-100.0,0.013433590610832961,0.007839620210964808,-0.030440027963691066,-0.043301108067377005,0.055167945983556274,0.0050723842726293706,0.0050723842726293706,-22.947878526892556,0.0046691921018856076,0.00040319217074376453,0.6038552705511155,0.6038552705511155,-2.1906713875113737,0.5558562026054295,0.04799906794568626,0.7144203200886438,0.7144203200886438,-1.46046201408331,0.6576326904064235,0.056787629682220356
110.0,-95.0,0.009376106953512611,0.011050672825812308,-0.03230427466642494,-0.04260061696671136,0.055393207879442526,0.005113891986629483,0.005113891986629483,-22.912484491892663,0.0047638523140689695,0.0003500396725605141,0.6087966650749385,0.6087966650749385,-2.155277352511477,0.5671252754844012,0.04167138959053739,0.7202664769900681,0.7202664769900681,-1.425067979083413,0.6709651146576013,0.04930136233246677
110.0,-90.0,0.004860434747969313,0.01394860726647846,-0.03397234020878886,-0.04230506205907209,0.056231891713665084,0.005269918588321133,0.005269918588321133,-22.781960938796722,0.004906281370928343,0.0003636372173927914,0.6273712605144206,0.6273712605144206,-2.024753799415541,0.5840811155867075,0.04329014492771326,0.7422420546931173,0.7422420546931173,-1.2945444259874772,0.691025545201175,0.051216509491942445
110.0,-85.0,8.044458653315328e-05,0.016424534485873568,-0.035400281467698476,-0.042403493305919096,0.057628187347395846,0.0055348828980840295,0.0055348828980840295,-22.568915630876813,0.005085273816451427,0.00044960908163260276,0.6589146307242894,0.6589146307242894,-1.8117084914956312,0.6053897400537414,0.053524890670547956,0.7795609715611309,0.7795609715611309,-1.0814991180675682,0.7162357487959756,0.06332522276515531
110.0,-80.0,-0.004752859858264075,0.018395731857311776,-0.03655584866959692,-0.04287114173716821,0.059458031359953804,0.005891957012832528,0.005891957012832528,-22.297404303897817,0.00529031680793336,0.0006016402048991688,0.7014234539086344,0.7014234539086344,-1.5401971645166332,0.6297996199920667,0.07162383391656771,0.8298531003989477,0.8298531003989477,-0.8099877910885696,0.7451150433708957,0.08473805702805193
110.0,-75.0,-0.00942500832150395,0.01980858876320634,-0.03742004143945584,-0.04367046787866593,0.06155144382321529,0.006314151638844912,0.006314151638844912,-21.996849924275214,0.005512152248806919,0.0008019993900379934,0.7516847189101087,0.7516847189101087,-1.2396427848940288,0.6562086010484428,0.09547611786166589,0.8893171322316776,0.8893171322316776,-0.5094334114659664,0.7763594716629464,0.11295766056873145
110.0,-70.0,-0.01373161037306505,0.02063965923395033,-0.037988755250956234,-0.044753190452824616,0.06372241550628087,0.0067674176290299344,0.0067674176290299344,-21.69577021626976,0.005743187331082451,0.0010242302979474867,0.8056449558368971,0.8056449558368971,-0.938563076888578,0.6837127775098156,0.12193217832708175,0.9531574125394273,0.9531574125394273,-0.20835370346051538,0.8088996240961197,0.14425778844330797
110.0,-65.0,-0.017490747771075076,0.020894898669590396,-0.03827388788926014,-0.04606320440065143,0.06579690222054277,0.007215217252384084,0.007215217252384084,-21.41750587634784,0.005977707993641432,0.001237509258742651,0.8589544348076291,0.8589544348076291,-0.6602987369666558,0.7116319040049324,0.14732253080269653,1.0162277820259273,1.0162277820259273,0.06991063646140765,0.8419307033297792,0.174297078696148
110.0,-60.0,-0.020553240795716212,0.020607239880028213,-0.03830314983323911,-0.047539998339895514,0.06763339982571151,0.007623615014510932,0.007623615014510932,-21.178390432846165,0.006211824870541549,0.0014117901439693805,0.9075732160132063,0.9075732160132063,-0.42118329346497846,0.7395029607787559,0.16807025523445007,1.073748593593089,1.073748593593089,0.30902607996308495,0.87490491134388,0.19884368224920848
110.0,-55.0,-0.022809977663656084,0.019832704239432165,-0.03811803995525523,-0.049122039232637915,0.06913458575032132,0.007965797244480882,0.007965797244480882,-20.987707519969607,0.006443114386734109,0.0015226828577467734,0.9483091957715336,0.9483091957715336,-0.23050038058842343,0.7670374269921559,0.18127176877937778,1.1219432738705468,1.1219432738705468,0.4997089928396404,0.9074808995400152,0.21446237433053142
110.0,-50.0,-0.024195778457298645,0.018645243994372476,-0.03776992760709752,-0.05074966375150593,0.0702508122451311,0.008225100592582461,0.008225100592582461,-20.848587819449985,0.006670002531343383,0.0015550980612390782,0.9791786419741026,0.9791786419741026,-0.09138068006880219,0.7940479203980219,0.18513072157608076,1.1584648721947128,1.1584648721947128,0.6388286933592608,0.9394369762455468,0.21902789594916594
110.0,-45.0,-0.024689632663722226,0.017130513799492292,-0.037314743772809696,-0.052367252259235095,0.07097712079337214,0.008396054990078856,0.008396054990078856,-20.75924725662577,0.006891036340114589,0.001505018649964265,0.9995303559617686,0.9995303559617686,-0.002040117244584076,0.8203614690612607,0.17916888690050775,1.1825429563491345,1.1825429563491345,0.7281692561834789,0.9705684986076887,0.21197445774144577
110.0,-40.0,-0.0243115358168541,0.01537884001980415,-0.03680721779715714,-0.053924725248648435,0.07134568500784398,0.008483478085672512,0.008483478085672512,-20.714260576807767,0.007104244755612103,0.0013792333300604073,1.0099378673419657,1.0099378673419657,0.04294656257341352,0.8457434232871552,0.1641944440548104,1.194856068404579,1.194856068404579,0.773155936001477,1.0005978529031132,0.1942582155014658
110.0,-35.0,-0.023116501840737807,0.01347783079156246,-0.03629574398774005,-0.05537854570920322,0.07141560709458893,0.008500114639480721,0.008500114639480721,-20.705752169965134,0.007306768453304416,0.0011933461861763077,1.0119184094619906,1.0119184094619906,0.05145496941604954,0.8698533872981447,0.14206502216384617,1.1971992449972846,1.1971992449972846,0.7816643428441129,1.029122317366819,0.16807692763046586
110.0,-30.0,-0.021186618636277705,0.011505304410757197,-0.035818777503374116,-0.05669237126752789,0.07126187354114892,0.008463558307224792,0.008463558307224792,-20.724470095031613,0.007494839731318089,0.0009687185759067019,1.0075664651458087,1.0075664651458087,0.0327370443495693,0.8922428251569154,0.1153236399888931,1.1920504658063087,1.1920504658063087,0.7629464177776323,1.0556112297631113,0.13643923604319746
110.0,-25.0,-0.018622227867681383,0.009523389079843443,-0.035403221046148486,-0.057837344554222486,0.0709649828848583,0.008393183590611912,0.008393183590611912,-20.76073277123085,0.007664063584148854,0.0007291200064630593,0.9991885226918944,0.9991885226918944,-0.0035256318496672866,0.9123885219224825,0.08680000076941184,1.1821385338890016,1.1821385338890016,0.7266837415783955,1.0794455752322327,0.10269295865676892
110.0,-20.0,-0.015533406303922892,0.00757463320807475,-0.035064742656124304,-0.05879189070182502,0.07060229719687018,0.008307611562656289,0.008307611562656289,-20.805238178830535,0.007809853656648922,0.0004977579060073657,0.9890013765067012,0.9890013765067012,-0.04803103944935255,0.9297444829343956,0.05925689357230545,1.1700861355853929,1.1700861355853929,0.6821783339787109,1.0999793882604116,0.0701067473249811
110.0,-15.0,-0.012032847051442983,0.005680705471430085,-0.034809547755677545,-0.05954093253221135,0.07024163355572459,0.008222951415675176,0.008222951415675176,-20.849722757102555,0.007927858663098836,0.00029509275257634066,0.978922787580378,0.978922787580378,-0.09251561772137289,0.9437926979879567,0.03513008959242151,1.1581621712218557,1.1581621712218557,0.6376937557066911,1.1165998117040614,0.04156235951779446
110.0,-10.0,-0.008230950381284314,0.0038438183945126983,-0.034636941554662036,-0.06007464210744724,0.06993714198212639,0.008151814331686115,0.008151814331686115,-20.887457205181242,0.008014278431858719,0.00013753589982739477,0.9704540871054899,0.9704540871054899,-0.1302500658000563,0.9540807656974666,0.016373321408023188,1.1481428636177626,1.1481428636177626,0.5999593076280073,1.1287716101209464,0.019371253496816163
110.0,-5.0,-0.004233471973051544,0.002050528107734204,-0.03454207431591126,-0.060387098839858475,0.06972720813863119,0.008102948359890625,0.008102948359890625,-20.913569288438442,0.00806607097790963,3.6877381980990213e-05,0.9646367095107887,0.9646367095107887,-0.15636214905725976,0.9602465449892418,0.004390164521546454,1.1412603323789612,1.1412603323789612,0.5738472243708035,1.1360663349168492,0.005193997462111297
110.0,0.0,-0.00014155234904671235,0.0002772033868504006,-0.03451846455590443,-0.06047534764117109,0.06963396402907801,0.008081291189438832,0.008081291189438832,-20.92519244219409,0.008081129728600698,1.614608381322168e-07,0.9620584749331943,0.9620584749331943,-0.16798530281290522,0.9620392534048451,1.922152834907343e-05,1.1382100266815254,1.1382100266815254,0.5622240706151574,1.138187285718408,2.2740963117213632e-05
110.0,5.0,0.003946496986964035,-0.001503695346228033,-0.03456009421917083,-0.06033923361256713,0.06966390143792049,0.008088241387614077,0.008088241387614077,-20.921458960243204,0.008058515524324511,2.9725863289563697e-05,0.9628858794778663,0.9628858794778663,-0.16425182086201928,0.9593470862291085,0.0035387932487575833,1.1391889278329685,1.1391889278329685,0.5659575525660443,1.135002186524579,0.004186741308389252
110.0,10.0,0.007932547813829498,-0.003317344782488547,-0.034662948551086675,-0.059982048619558276,0.06980899834605085,0.008121969070564804,0.008121969070564804,-20.903386686884602,0.00799875515466538,0.00012321391589942244,0.9669010798291433,0.9669010798291433,-0.14617954750342016,0.9522327565077834,0.014668323321359816,1.1439393057133525,1.1439393057133525,0.5840298259246428,1.1265852330514619,0.017354072661890485
110.0,15.0,0.011716117880083032,-0.005180955148894972,-0.034825815287104614,-0.05941160260015144,0.07004773835295978,0.008177616756698702,0.008177616756698702,-20.873732464780666,0.007904107009615793,0.0002735097470829089,0.9735258043688932,0.9735258043688932,-0.11652532539948346,0.9409651201923563,0.03256068417653678,1.1517770079857328,1.1517770079857328,0.61368404802858,1.1132545083965906,0.0385224995891421
110.0,20.0,0.01519281518688974,-0.00709930185394718,-0.03505005612339014,-0.05864103820906602,0.07034557211798327,0.008247304895312077,0.008247304895312077,-20.83687949670658,0.007778613070406129,0.0004686918249059469,0.9818220113466758,0.9818220113466758,-0.07967235732539499,0.9260253655245392,0.055796645822136545,1.1615922387763487,1.1615922387763487,0.6505370161026681,1.0955793056910041,0.06601293308534463
110.0,25.0,0.018254435322659922,-0.00906167776689854,-0.03533806566882708,-0.05768872576846963,0.07065483974155136,0.008319981286951994,0.008319981286951994,-20.798776505100726,0.007627766906728568,0.0006922143802234249,0.9904739627323803,0.9904739627323803,-0.04156936571954328,0.9080674888962582,0.08240647383612203,1.1718283502749287,1.1718283502749287,0.68864000770852,1.0743333671448687,0.09749498313005987
110.0,30.0,0.020791123903018793,-0.01104038961865967,-0.03569034900985579,-0.056576968855795155,0.07091484649519746,0.00838132829922715,0.00838132829922715,-20.76687147561856,0.007457748331130356,0.0009235799680967912,0.9977771784794228,0.9977771784794228,-0.009664336237377223,0.8878271822774233,0.10994999620199895,1.1804687745390352,1.1804687745390352,0.7205450371906856,1.0503870888915994,0.13008168564743539
110.0,35.0,0.02269572903695776,-0.012990785289592499,-0.03610157333786634,-0.0553298940014246,0.0710533418400396,0.008414097415883285,0.008414097415883285,-20.749924641593303,0.007274363235389235,0.0011397341804940547,1.0016782637956292,1.0016782637956292,0.007282497787880257,0.8659956232606233,0.13568264053500653,1.1850841430821528,1.1850841430821528,0.737491871215944,1.024558202167498,0.16052594091465558
110.0,40.0,0.02387017013848066,-0.01485270739636644,-0.03655644270561453,-0.05397149205217375,0.07099072754288989,0.008399274449151128,0.008399274449151128,-20.757582277880356,0.007081992250722874,0.0013172821984282499,0.9999136248989438,0.9999136248989438,-0.000375138499171765,0.843094315562247,0.1568193093366964,1.1829964012888912,1.1829964012888912,0.7298342349288918,0.9974636972849119,0.18553270400397884
110.0,45.0,0.024233347926974732,-0.016553245442040142,-0.03702658870255567,-0.0525249751064654,0.07064776264891386,0.008318314640204954,0.008318314640204954,-20.79964656474038,0.006882906646426524,0.0014354079937784262,0.9902755524053516,0.9902755524053516,-0.04243942535919845,0.8193936483841101,0.17088190402124123,1.1715936112964722,1.1715936112964722,0.6877699480688649,0.9694234713276795,0.2021701399687924
110.0,50.0,0.023729822456236508,-0.01801069561777152,-0.03746966558089398,-0.051014210086318505,0.0699565229261403,0.008156333010709275,0.008156333010709275,-20.885050509467412,0.006677218473240278,0.0014791145374689974,0.9709920250844376,0.9709920250844376,-0.12784337008622676,0.7949069611000331,0.1760850639844045,1.1487792972829964,1.1487792972829964,0.6023660033418363,0.9404533060901799,0.20832599119281656
110.0,55.0,0.022338210134727615,-0.019139676116122176,-0.03783140921478594,-0.04946709093736356,0.06887329992700576,0.007905699486940873,0.007905699486940873,-21.02059698169597,0.006463528740088328,0.0014421707468525433,0.9411547008262944,0.9411547008262944,-0.2633898423147877,0.7694677071533724,0.17168699367292187,1.1134788009775878,1.1134788009775878,0.46681953111327623,0.9103561605758209,0.20312264040176667
110.0,60.0,0.02007805010629493,-0.019857302675544645,-0.03805066105979296,-0.04791971749338714,0.06739133992845342,0.007569142840105691,0.007569142840105691,-21.20953298952966,0.00624010654163174,0.0013290362984739515,0.9010884333459157,0.9010884333459157,-0.4523258501484766,0.742869826384731,0.1582186069611847,1.0660764563529144,1.0660764563529144,0.27788352327958726,0.878888245300245,0.18718821105266922
110.0,65.0,0.017013858324689456,-0.020090152806880427,-0.03806651662906259,-0.04641966046949874,0.0655509739155007,0.007161381586455247,0.007161381586455247,-21.450031847463276,0.006006266108435445,0.0011551154780198023,0.8525454269589582,0.8525454269589582,-0.6928247080820925,0.7150316795756483,0.1375137473833098,1.0086452938669361,1.0086452938669361,0.03738466534596992,0.8459529730190768,0.16269232084785948
110.0,70.0,0.013255320481263341,-0.019781470710673325,-0.03782613549294891,-0.04502672517641787,0.06344472090711581,0.0067085629706368916,0.0067085629706368916,-21.73370499318487,0.005763568392956004,0.0009449945776808865,0.7986384488853443,0.7986384488853443,-0.9764978538036857,0.6861390943995245,0.11249935448581984,0.9448680240333651,0.9448680240333651,-0.24628848037562184,0.8117701961909866,0.13309782784237836
110.0,75.0,0.008953100284345296,-0.018897806499881865,-0.03729157879138178,-0.04381043093071146,0.06121520074537856,0.006245354202274472,0.006245354202274472,-22.04442925787675,0.005516562879923595,0.0007287913223508768,0.7434945478898182,0.7434945478898182,-1.2872221184955677,0.6567336761813805,0.08676087170843773,0.8796273524330243,0.8796273524330243,-0.5570127450675042,0.7769806873131824,0.10264666511984182
110.0,80.0,0.004290460880410186,-0.017434186953817606,-0.0364443784835352,-0.04284451921639011,0.05904408928285522,0.005810203915595651,0.005810203915595651,-22.358086252923023,0.005272951690593039,0.0005372522250026122,0.6916909423328157,0.6916909423328157,-1.6008791135418403,0.627732344118219,0.0639585982145967,0.8183385796613594,0.8183385796613594,-0.870669740113777,0.7426692521962027,0.07566932746515666
110.0,85.0,-0.0005283907638359975,-0.015417064413001955,-0.03528724533691994,-0.04219970758238145,0.057131165535287645,0.005439821968423221,0.005439821968423221,-22.64415313426195,0.005043222858749026,0.00039659910967419564,0.6475978533837169,0.6475978533837169,-1.8869459948807652,0.6003836736605983,0.047214179723118525,0.7661721082286228,0.7661721082286228,-1.1567366214527013,0.7103130786970459,0.05585902953157684
110.0,90.0,-0.005291844714728021,-0.0129046529288519,-0.03384310908559903,-0.04193628646673801,0.055664547450769694,0.005164114742966603,0.005164114742966603,-22.87004116583075,0.004839899568350869,0.0003242151746157352,0.6147755646388815,0.6147755646388815,-2.1128340264495615,0.5761785200417702,0.03859704459711134,0.7273401046431837,0.7273401046431837,-1.3826246530214983,0.6816759955423759,0.045664109100807766
110.0,95.0,-0.009794792518621316,-0.009984699252136365,-0.032152263964547935,-0.042097965904847136,0.05478721558000636,0.005002613794634473,0.005002613794634473,-23.008030236673164,0.0046765678432509625,0.0003260459513835127,0.5955492612660088,0.5955492612660088,-2.2508230972919794,0.556734267053686,0.03881499421232294,0.7045934922020385,0.7045934922020385,-1.5206137238639168,0.6586715272184454,0.045921964983593334
110.0,100.0,-0.013851561391021743,-0.006770083104603967,-0.0302685881205971,-0.0427078148637711,0.054569631256450576,0.0049629575029922724,0.0049629575029922724,-23.04259443580628,0.004566800539070641,0.000396156963921632,0.5908282741657468,0.5908282741657468,-2.2853872964250947,0.543666730841743,0.04716154332400382,0.6990080990129961,0.6990080990129961,-1.5551779229970317,0.6432113435310762,0.05579675548192
110.0,105.0,-0.01730689469171919,-0.003392789313857309,-0.028255611872320133,-0.04376648793948881,0.05499931537787631,0.005041422382047661,0.005041422382047661,-22.974469148395915,0.004523035222782043,0.0005183871592656174,0.6001693311961501,0.6001693311961501,-2.2172620090147337,0.5384565741407195,0.061712757055430646,0.7100594904292479,0.7100594904292479,-1.487052635586671,0.637047214476344,0.07301227595290385
110.0,110.0,-0.02004433383646343,3.249011292648439e-06,-0.02618277921843408,-0.04525243964115552,0.05599193290627994,0.0052250378204780285,0.0052250378204780285,-22.819105616445707,0.004555428046704905,0.0006696097737731241,0.6220283119616702,0.6220283119616702,-2.0618984770645215,0.5423128627029649,0.07971544925870526,0.7359208197856378,0.7359208197856378,-1.3316891036364584,0.6416095840429443,0.09431123574269352
110.0,115.0,-0.021991586010565556,0.003270063074681796,-0.02412181071932675,-0.04712359743930696,0.057417927128845254,0.005494567812582304,0.005494567812582304,-22.60066462292776,0.00467071527551423,0.0008238525370680746,0.6541152157836078,0.6541152157836078,-1.8434574835465725,0.5560375327993131,0.09807768298429459,0.7738827905045499,0.7738827905045499,-1.1132481101185097,0.6578472219034126,0.11603556860113727
110.0,120.0,-0.023122594223654883,0.006264010888214069,-0.022142845349609447,-0.049319991286982924,0.05913255733320058,0.005827628267631161,0.005827628267631161,-22.345081587663962,0.0048711638076682495,0.0009564644599629119,0.6937652699560907,0.6937652699560907,-1.5878744482827811,0.5799004532938393,0.11386481666225143,0.8207927137508676,0.8207927137508676,-0.8576650748547187,0.6860794095307394,0.13471330422012845
110.0,125.0,-0.023456145294975073,0.00885420560783774,-0.020310120175419624,-0.051767027159507734,0.060999293369005884,0.0062013768870419275,0.0062013768870419275,-22.0751187371857,0.005153755386314007,0.0010476215007279197,0.7382591532192772,0.7382591532192772,-1.3179115978045166,0.6135423078945247,0.12471684532475236,0.8734333643721024,0.8734333643721024,-0.5877022243764536,0.7258810403259165,0.14755232404618585
110.0,130.0,-0.02305104146607547,0.010930425383947033,-0.018677298632584726,-0.054379312604806856,0.06290290800373875,0.006594471032447936,0.006594471032447936,-21.8082003512935,0.0055097887336723154,0.0010846822987756217,0.785056075291421,0.785056075291421,-1.0509932119123158,0.6559272301990852,0.1291288450923359,0.9287987369644979,0.9287987369644979,-0.32078383848425274,0.7760265822073683,0.1527721547571298
110.0,135.0,-0.021998153666686747,0.012409724723815331,-0.017283010666827633,-0.0570650604710608,0.06475371508060013,0.006988241391262872,0.006988241391262872,-21.556321018169267,0.005925066384596146,0.0010631750066667273,0.8319334989598658,0.8319334989598658,-0.7991138787880813,0.7053650457852555,0.1265684531746104,0.9842593508820946,0.9842593508820946,-0.06890450536001819,0.8345163921966403,0.14974295868545456
110.0,140.0,-0.02041003725487743,0.013240936886695571,-0.016147494412946748,-0.05973102786393006,0.06648630908601165,0.007367208595040759,0.007367208595040759,-21.326970333631646,0.006380745117921719,0.0009864634771190402,0.877048642266757,0.877048642266757,-0.5697631942504608,0.7596125140382999,0.11743612822845717,1.0376350133860224,1.0376350133860224,0.16044617917760265,0.8986964954819322,0.13893851790409015
110.0,145.0,-0.018409151500408897,0.01340649068013605,-0.01527124500171274,-0.06228770213874867,0.06805585656612805,0.007719150832048352,0.007719150832048352,-21.124304728818444,0.006854786443487662,0.0008643643885606905,0.9189465276248039,0.9189465276248039,-0.36709758943726345,0.8160460051771027,0.10290052244770127,1.0872043425420213,1.0872043425420213,0.3631117839907993,0.9654628793644595,0.12174146317756206
110.0,150.0,-0.016115994634490198,0.012921433326992427,-0.014636224593703766,-0.06465414665095878,0.06943390001867858,0.008034921490868461,0.008034921490868461,-20.950183623666206,0.007323790374001962,0.0007111311168664966,0.9565382727224359,0.9565382727224359,-0.19297648428502387,0.8718798064288051,0.08465846629363054,1.1316790832209098,1.1316790832209098,0.537232889143039,1.0315197709861919,0.10015931223471781
110.0,155.0,-0.01363856276105228,0.011830097046554258,-0.0142095752792202,-0.06676174988342344,0.07060456690208268,0.008308145713331327,0.008308145713331327,-20.804958951483986,0.007764889194765999,0.0005432565185653281,0.9890649658727771,0.9890649658727771,-0.047751812102803444,0.9243915708054762,0.06467339506730098,1.1701613680748346,1.1701613680748346,0.6824575613252591,1.09364636546,0.07651500261483495
110.0,160.0,-0.011064401600849642,0.010201261574846042,-0.013949138297746522,-0.06855622538146536,0.07156131090405798,0.008534834290881433,0.008534834290881433,-20.688049065649977,0.008157365316202996,0.000377468974678439,1.016051701295409,1.016051701295409,0.06915807373120648,0.9711149185955946,0.044936782699814166,1.202089336743864,1.202089336743864,0.7993674471592704,1.1489246924229568,0.053164644320906895
110.0,165.0,-0.008456135322569202,0.008122793664346002,-0.013809682935826146,-0.06999759600742385,0.07230391961099832,0.008712889384075507,0.008712889384075507,-20.598377995881634,0.008483751446512502,0.00022913793756300943,1.0372487361994653,1.0372487361994653,0.15882914349954663,1.0099704102991074,0.027278325900358263,1.2271675188838742,1.2271675188838742,0.8890385169276094,1.194894569931338,0.03227294895253654
110.0,170.0,-0.005850796023352973,0.005696566173357785,-0.013748750478392354,-0.07105842607533393,0.07283550464090381,0.00884147626332081,0.00884147626332081,-20.534752146830783,0.008730341081107807,0.00011113518221299897,1.0525566980143823,1.0525566980143823,0.22245499255040088,1.0393263191795008,0.013230378834880832,1.2452783469465931,1.2452783469465931,0.9526643659784644,1.2296255043813813,0.01565284256521112
110.0,175.0,-0.003262683532275178,0.003034088769547956,-0.013731394466055601,-0.07172103212211065,0.07315947266852411,0.008920303914281776,0.008920303914281776,-20.49620348981825,0.008887220029552665,3.308388472910838e-05,1.0619409421764021,1.0619409421764021,0.26100364956293537,1.0580023844705555,0.003938557705846236,1.2563808329974333,1.2563808329974333,0.9912130229909986,1.2517211309229106,0.0046597020745223075
110.0,180.0,-0.000689021315791352,0.00025289884214188085,-0.013733630348074774,-0.07197464610830913,0.07327687898069805,0.008948957492588333,0.008948957492588333,-20.48227554805544,0.008948059666743682,8.978258446557122e-07,1.065352082450992,1.065352082450992,0.27493159132574435,1.065245198421867,0.00010688402912568003,1.2604165482518779,1.2604165482518779,1.0051409647538077,1.2602900939075605,0.00012645434431770593
115.0,-180.0,-0.0006416300578350146,0.0004023612872564445,-0.014931742732997154,-0.07141701388933878,0.07296519990825094,0.008872991623107323,0.008872991623107323,-20.51929928493454,0.008872035672734313,9.559503730086091e-07,1.0563085265603958,1.0563085265603958,0.23790785444664353,1.0561947229445612,0.00011380361583435822,1.249717130015116,1.249717130015116,0.9681172278747068,1.2495824891175087,0.00013464089760684633
115.0,-175.0,0.002034336261738023,-0.0026631763017804407,-0.014953478021087641,-0.07122917773621298,0.07285899599873963,0.008847180398351952,0.008847180398351952,-20.531951171605463,0.008828462452596154,1.8717945755800332e-05,1.0532357617085657,1.0532357617085657,0.22525596777571935,1.0510074348328755,0.002228326875690516,1.2460817462467537,1.2460817462467537,0.9554653412037828,1.2434454158586132,0.002636330388140892
115.0,-170.0,0.004718629385791916,-0.005605874861484942,-0.015012919927707428,-0.07057500707738953,0.07252524170916237,0.008766311281935188,0.008766311281935188,-20.5718311209564,0.008676827896344207,8.948338559098033e-05,1.0436084859446653,1.0436084859446653,0.18537601842478088,1.032955701945739,0.010652783998926229,1.2346917298500264,1.2346917298500264,0.9155853918528443,1.2220884361048179,0.012603293745208497
115.0,-165.0,0.00741616571701532,-0.008303364491524133,-0.015130616917699336,-0.06946427957913895,0.07195948222145772,0.008630075152548081,0.008630075152548081,-20.63985422338693,0.008423504392799146,0.0002065707597489331,1.027389899112867,1.027389899112867,0.11735291599425483,1.0027981419998984,0.024591757112968227,1.215503542612406,1.215503542612406,0.8475622894223184,1.1864090694083302,0.029094473204075086
115.0,-160.0,0.010117929842351664,-0.010639397552600308,-0.01534144202087387,-0.06791812699972859,0.07116038998634087,0.008439469678753425,0.008439469678753425,-20.736848428088454,0.008080196001954065,0.0003592736767993623,1.0046987712801698,1.0046987712801698,0.020358711292731407,0.961928095470722,0.04277067580944789,1.1886577012328767,1.1886577012328767,0.7505680847207942,1.1380557749231077,0.05060192630976933
115.0,-155.0,0.012794764886620433,-0.012507760413146322,-0.015691120392974007,-0.06597176368786695,0.07013298041813945,0.008197531777462885,0.008197531777462885,-20.863168911270293,0.007663960882815512,0.0005335708946473725,0.9758966401741529,0.9758966401741529,-0.1059617718891061,0.9123762955732753,0.06352034460087767,1.1545819404877302,1.1545819404877302,0.6242476015389578,1.0794311102557057,0.07515083023202429
115.0,-150.0,0.015393253197154781,-0.01381684711952828,-0.01623047633462554,-0.06367667016101705,0.06889124903178874,0.007909820640391299,0.007909820640391299,-21.018333642610443,0.00719674159269411,0.0007130790476971865,0.9416453143322976,0.9416453143322976,-0.26112650322926123,0.8567549515112037,0.08489036282109365,1.1140592451255351,1.1140592451255351,0.46908287019880224,1.0136255764357902,0.10043366868974458
115.0,-145.0,0.01783453690545639,-0.014494822493092764,-0.01700780904820713,-0.061101229746026255,0.0674595910959688,0.007584482034533087,0.007584482034533087,-21.200740730480007,0.006704218463181455,0.0008802635713516342,0.9029145279206058,0.9029145279206058,-0.4435335910988222,0.79812124561684,0.10479328230376599,1.0682369062722659,1.0682369062722659,0.286675782329241,0.9442561215748527,0.12398078469741326
115.0,-140.0,0.020016766948103015,-0.014494990855206676,-0.018060514846205238,-0.05832911068320808,0.06587293122786576,0.007231901403873033,0.007231901403873033,-21.407475034461015,0.006213965853933761,0.0010179355499392734,0.8609406433182184,0.8609406433182184,-0.6502678950798301,0.7397578397540192,0.12118280356419922,1.0185776625173286,1.0185776625173286,0.07994147834823292,0.8752064583005297,0.14337120421679905
115.0,-135.0,0.021821458541792925,-0.013800655085118711,-0.01940756629418605,-0.0554552720952869,0.06417612458146046,0.0068641298978098795,0.0068641298978098795,-21.634145064285455,0.005753099183237669,0.0011110307145722083,0.8171583211678428,0.8171583211678428,-0.8769379249042754,0.6848927599092464,0.13226556125859626,0.9667788588464618,0.9667788588464618,-0.1467285514762124,0.8102956596109393,0.15648319923552229
115.0,-130.0,0.02312341161757746,-0.012428543491695095,-0.021044467623332952,-0.0525801568183914,0.06242358021418679,0.0064943526101975835,0.0064943526101975835,-21.874641350962616,0.00534577823930112,0.0011485743708964642,0.7731372154997125,0.7731372154997125,-1.1174342115814335,0.6364021713453715,0.13673504415434098,0.9146975507320539,0.9146975507320539,-0.3872248381533711,0.7529265125776224,0.16177103815443158
115.0,-125.0,0.023803167503674408,-0.010429926372888613,-0.02294176888520927,-0.04980314583508561,0.06067991629859932,0.006136609163722438,0.006136609163722438,-22.12071535742271,0.005011012102849722,0.0011255970608727163,0.730548709966957,0.730548709966957,-1.363508218041524,0.5965490598630622,0.1339996501038948,0.8643111498200616,0.8643111498200616,-0.6332988446134611,0.7057763525140454,0.15853479730601636
115.0,-120.0,0.023760410271384796,-0.007888871300034454,-0.025047321430021665,-0.047216476451505215,0.05902165150152446,0.005805788797487877,0.005805788797487877,-22.361387669462886,0.004761161096881758,0.0010446277006061194,0.6911653330342712,0.6911653330342712,-1.6041805300817027,0.5668048924859236,0.12436044054834756,0.817716732040546,0.817716732040546,-0.8739711566536402,0.670586069983346,0.1471306620571999
115.0,-115.0,0.02292645457685057,-0.00491760208951535,-0.02729153382028598,-0.044900535001163575,0.05753860435768082,0.005517688327311161,0.005517688327311161,-22.58242834765091,0.004601368032028538,0.0009163202952826235,0.6568676580132334,0.6568676580132334,-1.8252212082697268,0.5477819085748259,0.10908574943840757,0.7771392010297409,0.7771392010297409,-1.0950118348416635,0.6480800045110616,0.12905919651867936
115.0,-110.0,0.021274078290246478,-0.0016494541514156442,-0.029594275814608703,-0.04292088477648058,0.05633232302225974,0.005288759763418214,0.005288759763418214,-22.766461599221017,0.004529932463873354,0.0007588272995448607,0.6296142575497874,0.6296142575497874,-2.009254459839835,0.5392776742706376,0.09033658327915009,0.7448957413265089,0.7448957413265089,-1.2790450864117717,0.6380186568835711,0.10687708444293813
115.0,-105.0,0.018823423999208003,0.0017697135105614005,-0.03187196320350831,-0.04132684272120058,0.055508406072522574,0.00513518426089767,0.00513518426089767,-22.894439684142455,0.004539443001083014,0.0005957412598146544,0.611331459630675,0.611331459630675,-2.137232544761273,0.5404098810813112,0.07092157854936362,0.7232653888588266,0.7232653888588266,-1.4070231713332104,0.6393581691666216,0.08390721969220484
115.0,-100.0,0.015643365274301338,0.005190668890161202,-0.03404370731666544,-0.040151096799769546,0.05516105965914496,0.005071118033586093,0.005071118033586093,-22.948962808466163,0.0046183654989714745,0.0004527525346146177,0.6037045278078682,0.6037045278078682,-2.1917556690849787,0.5498054165442232,0.053899111263644967,0.7142419765614215,0.7142419765614215,-1.461546295656915,0.6504740139396443,0.06376796262177714
115.0,-95.0,0.011848415878120036,0.008469641351611074,-0.036036021603362244,-0.0394098416577637,0.05535205737760616,0.0051062967934964705,0.0051062967934964705,-22.91893946282297,0.004752772149807132,0.00035352464368934,0.6078924754162466,0.6078924754162466,-2.1617323234417847,0.565806208310373,0.042086267105873806,0.7191967314783762,0.7191967314783762,-1.4315229500137214,0.6694045281418496,0.049792203336526744
115.0,-90.0,0.007591786415992838,0.01147618405145447,-0.03778616709549419,-0.03910313120896967,0.05609088442415057,0.005243521993177769,0.005243521993177769,-22.80376906071823,0.004927966058441537,0.0003155559347362329,0.6242288087116392,0.6242288087116392,-2.0465619213370494,0.5866626260049449,0.037566182706694394,0.7385242243912351,0.7385242243912351,-1.316352547908986,0.6940797265410614,0.044444497850173646
115.0,-85.0,0.003055490306873586,0.014099641745831825,-0.03924456619101038,-0.03921544245581713,0.0573247138754508,0.005476742341082461,0.005476742341082461,-22.614776904165282,0.0051298573160857295,0.0003468850249967325,0.6519931358431501,0.6519931358431501,-1.857569764784096,0.6106972995340155,0.041295836309134824,0.7713721607158395,0.7713721607158395,-1.1273603913560328,0.7225151149416519,0.04885704577418768
115.0,-80.0,-0.001561497646989443,0.01625397828600836,-0.04037673262021742,-0.03971665734079661,0.0589433922711814,0.005790402737414452,0.005790402737414452,-22.372912289229944,0.005346029731400597,0.00044437300601385464,0.6893336592160061,0.6893336592160061,-1.615705149848759,0.6364321108810235,0.0529015483349827,0.815549681325979,0.815549681325979,-0.8854957764206952,0.7529619340000842,0.06258774732589502
115.0,-75.0,-0.006056027313092755,0.01788083263293299,-0.041164915328813355,-0.04056371098100597,0.06079773470321771,0.006160462440157228,0.006160462440157228,-22.10386685941033,0.005566477029808912,0.000593985410348316,0.7333883857330034,0.7333883857330034,-1.346659720029146,0.6626758368820134,0.07071254885099,0.8676707662193279,0.8676707662193279,-0.616450346601082,0.7840108492688609,0.08365991695046704
115.0,-70.0,-0.010233519574595968,0.018950754133617794,-0.041609296696330775,-0.04170302827823979,0.06272425483220523,0.006557065761896556,0.006557065761896556,-21.832904607004853,0.005783990632985462,0.000773075128911095,0.7806030668924472,0.7806030668924472,-1.0756974676236697,0.6885703134506503,0.09203275344179704,0.9235303889995149,0.9235303889995149,-0.3454880941956063,0.8146465680261215,0.10888382097339366
115.0,-65.0,-0.013919702522704629,0.019462646033964554,-0.04172830610343249,-0.04307365107632855,0.06456890626509827,0.006948409062228972,0.006948409062228972,-21.581146219694205,0.005994177028131256,0.0009542320340977148,0.8271915550272586,0.8271915550272586,-0.8239390803130174,0.7135925033489591,0.1135990516782994,0.9786491636942213,0.9786491636942213,-0.0937297068849545,0.8442502856522895,0.13439887804193165
115.0,-60.0,-0.016970416195531204,0.019441526580424074,-0.041557544266691566,-0.04461074974309976,0.0662051090154407,0.0073050219998767926,0.0073050219998767926,-21.363784718021407,0.006195101512553165,0.0011099204873236286,0.8696454761758087,0.8696454761758087,-0.606577578640224,0.7375120848277577,0.13213339134805105,1.028876338010816,1.028876338010816,0.12363179478783971,0.8725495088103048,0.15632682920051108
115.0,-55.0,-0.019278707376817122,0.01893478771034861,-0.04114700306313589,-0.046249106056918884,0.06754443290085983,0.007603571559906902,0.007603571559906902,-21.189823624023862,0.006386608990847702,0.001216962569059202,0.9051870904651074,0.9051870904651074,-0.4326164846426782,0.760310594148536,0.14487649631657168,1.0709255718178734,1.0709255718178734,0.2975928887853851,0.899522393077141,0.1714031787407327
115.0,-50.0,-0.020778697303859502,0.018007185847661398,-0.04055664777910351,-0.047926185828421834,0.06854030909571622,0.007829438830407901,0.007829438830407901,-21.062693645820346,0.006569446841681638,0.001259991988726261,0.9320760512390359,0.9320760512390359,-0.3054865064391609,0.7820770049620999,0.14999904627693586,1.1027378634377323,1.1027378634377323,0.4247228669889014,0.9252742030537517,0.17746366038398043
115.0,-45.0,-0.02144605478354482,0.016734853578653022,-0.039850866791850376,-0.04958455938562743,0.06918604413901967,0.007977659892904042,0.007977659892904042,-20.98124482664376,0.006744374631191276,0.001233285261712766,0.9497214158219099,0.9497214158219099,-0.22403768726257484,0.8029017418084854,0.14681967401342455,1.1236140694231045,1.1236140694231045,0.506171686165488,0.9499119198860954,0.17370214953700927
115.0,-40.0,-0.02129528058253276,0.015198704494247942,-0.03909262886387309,-0.0511735958176294,0.0695087054532516,0.008052243852741036,0.008052243852741036,-20.94083081486286,0.006911454739711953,0.0011407891130290814,0.9586004586596472,0.9586004586596472,-0.18362367548167735,0.8227922309180897,0.13580822774155732,1.1341188524987373,1.1341188524987373,0.5465856979463858,0.9734443295368949,0.16067452296184243
115.0,-35.0,-0.020374346247799963,0.013477728507100325,-0.0383382994732322,-0.052650470277241165,0.069560479998705,0.008064243976467905,0.008064243976467905,-20.934363415097998,0.00706966215668732,0.0009945818197805837,0.960029044817608,0.960029044817608,-0.17715627571681153,0.841626447224681,0.11840259759292662,1.1358090107701275,1.1358090107701275,0.5530530977112513,0.9957270643221577,0.1400819464479695
115.0,-30.0,-0.018757498143205265,0.011642808782800832,-0.037633915534249926,-0.05398054902381487,0.0694090052103958,0.008029160847405497,0.008029160847405497,-20.953298418178257,0.007216848763166956,0.0008123120842385438,0.9558524818339879,0.9558524818339879,-0.19609127879707394,0.8591486622817806,0.0967038195522076,1.1308677249866896,1.1308677249866896,0.5341180946309889,1.0164575722770361,0.11441015270965404
115.0,-25.0,-0.016537217096104416,0.009751759725834044,-0.037013357285121756,-0.05513718912901797,0.06912795823398273,0.007964270051678041,0.007964270051678041,-20.988540223807924,0.007349990578489128,0.0006142794731889142,0.9481273871045287,0.9481273871045287,-0.2313330844267407,0.8749988783915629,0.07312850871296597,1.1217281762926818,1.1217281762926818,0.49887628900132297,1.0352099406322715,0.08651823566041045
115.0,-20.0,-0.013816389362498339,0.007846212074117148,-0.0364984129028394,-0.056100983244310176,0.0687888808190154,0.007886331079072035,0.007886331079072035,-21.031249945978384,0.007465581560002572,0.0004207495190694628,0.9388489379847661,0.9388489379847661,-0.2740428065972005,0.8887597095241159,0.05008922846065034,1.1107508562073287,1.1107508562073287,0.45616656683086254,1.0514903605637425,0.059260495643586306
115.0,-15.0,-0.010701659078806536,0.005950729805084996,-0.0361003518748368,-0.05685854901461333,0.06845485149926446,0.00780992716150186,0.00780992716150186,-21.073530165075045,0.007560038561564013,0.00024988859993784775,0.9297532335121261,0.9297532335121261,-0.31632302569386034,0.9000045906623826,0.029748642849743778,1.0999897410566,1.0999897410566,0.4138863477342035,1.0647941636005651,0.03519557745603489
115.0,-10.0,-0.007298677323110644,0.004074184350948183,-0.03582241486327108,-0.057401095889521664,0.06817624868491054,0.007746485641060637,0.007746485641060637,-21.108952797974602,0.007630038936452171,0.0001164467046084657,0.9222006715548378,0.9222006715548378,-0.35174565859341506,0.9083379686252584,0.013862702929579251,1.0910543156423431,1.0910543156423431,0.3784637148346481,1.0746533713312916,0.016400944311051505
115.0,-5.0,-0.0037095712128283275,0.00221304165237084,-0.03566261684917859,-0.057723122497434005,0.06798852537982614,0.007703884475666328,0.007703884475666328,-21.132902383389755,0.007672787755046603,3.109672061972161e-05,0.9171291042459914,0.9171291042459914,-0.3756952440085709,0.9134271136960243,0.003701990549966859,1.0850541515022996,1.0850541515022996,0.3545141294194925,1.0806743316967045,0.004379819805594594
115.0,0.0,-3.2516199904036567e-05,0.00035594744799431494,-0.0356163870102213,-0.05782161115369553,0.06791165949938213,0.007686474740218517,0.007686474740218517,-21.14272795686132,0.0076862618187531,2.1292146541294034e-07,0.9150565166926807,0.9150565166926807,-0.38552081748013645,0.9150311688991787,2.5347793501540516e-05,1.082602076087115,1.082602076087115,0.3446885559479259,1.082572087148324,2.9988938790554973e-05
115.0,5.0,0.0036370865865204137,-0.0015111124343607449,-0.03567872647415325,-0.05769594149330484,0.06795075457449627,0.007695327117136879,0.007695327117136879,-21.137729142148352,0.007669474626819589,2.5852490317292473e-05,0.916110371087724,0.916110371087724,-0.3805220027671693,0.9130326936689988,0.003077677418725294,1.0838488897375886,1.0838488897375886,0.3496873706608933,1.0802076939182519,0.003641195819336968
115.0,10.0,0.007204570962476349,-0.0033997538576585598,-0.03584566380088208,-0.057348472014112514,0.06809715871257285,0.007728522964209315,0.007728522964209315,-21.119034982921086,0.007622751841004453,0.00010577112320486065,0.9200622576439661,0.9200622576439661,-0.3618278435399047,0.9074704572624349,0.012591800381531031,1.0885243611562414,1.0885243611562414,0.36838152988815825,1.073627019859782,0.014897341296459247
115.0,15.0,0.010573934792358764,-0.005314769378982926,-0.03611480698818639,-0.05678544222515873,0.06832950023998147,0.007781351016828737,0.007781351016828737,-21.089449932140127,0.007547931731734248,0.00023341928509448625,0.9263513115272306,0.9263513115272306,-0.33224279275894375,0.8985633013969344,0.027788010130295988,1.0959649319477094,1.0959649319477094,0.3979665806691197,1.0630889763005984,0.032875955647110745
115.0,20.0,0.013646522914471309,-0.00725068658920734,-0.036484788620696346,-0.05601767077289705,0.0686142790036278,0.007846347285812275,0.007846347285812275,-21.053324735485603,0.0074483565893290315,0.00039799069648324307,0.9340889625966994,0.9340889625966994,-0.29611759610441957,0.8867091177772658,0.047379844819433706,1.1051193360298976,1.1051193360298976,0.4340917773236433,1.0490643083562017,0.0560550276736962
115.0,25.0,0.0163211098447891,-0.009189489863346912,-0.036953475589542394,-0.05506058177182543,0.06890611274562662,0.007913234194226187,0.007913234194226187,-21.016459810240317,0.007328539051590347,0.0005846951426358411,0.9420516897888319,0.9420516897888319,-0.25925267085913384,0.872445125189327,0.0696065645995049,1.1145400273558008,1.1145400273558008,0.4709567025689287,1.0321885988155417,0.0823514285402593
115.0,30.0,0.01849582263184616,-0.01109955087921689,-0.03751503590345616,-0.053933407037281285,0.06914828846786956,0.007968955255359626,0.007968955255359626,-20.985986116745554,0.007193481050580975,0.0007754742047786515,0.9486851494475745,0.9486851494475745,-0.22877897736437114,0.8563667917358304,0.09231835771174422,1.1223880641351585,1.1223880641351585,0.501430396063692,1.01316634515225,0.10922171898290862
115.0,35.0,0.020072087114522654,-0.012935728297458973,-0.03815630626295208,-0.052657879737788536,0.06927465448365848,0.007998107828209021,0.007998107828209021,-20.97012745128666,0.0070477606379967675,0.000950347190212253,0.9521556938344073,0.9521556938344073,-0.21292031190547703,0.8390191235710437,0.11313657026336348,1.1264940603111298,1.1264940603111298,0.5172890615225865,0.9926423433798262,0.13385171693130324
115.0,40.0,0.020960483710684586,-0.014640572249736644,-0.03885327272920398,-0.05125713653841488,0.06921386480376054,0.007984077037500037,0.007984077037500037,-20.97775281239754,0.006894622315423607,0.0010894547220764322,0.9504853616071474,0.9504853616071474,-0.22054567301635825,0.8207883708837628,0.1296969907233848,1.124517892605639,1.124517892605639,0.5096637004117048,0.9710735655526206,0.15344432705301864
115.0,45.0,0.021088078646530874,-0.01614660063055767,-0.0395686980932005,-0.049755641833306274,0.0688964842060907,0.007911022850068613,0.007911022850068613,-21.01767361076035,0.006735350926292404,0.0011756719237762067,0.9417884345319779,0.9417884345319779,-0.26046647137916645,0.8018274912252862,0.1399609433066913,1.114228570432199,1.114228570432199,0.46974290204889657,0.9486409755341414,0.16558759489805724
115.0,50.0,0.020406478712291676,-0.017379667020863784,-0.04025186352772317,-0.04818061531112189,0.06826464244690715,0.0077665860402756255,0.0077665860402756255,-21.097698421629755,0.006569152252078701,0.0011974337881969237,0.9245935762232887,0.9245935762232887,-0.34049128224856806,0.7820419347712738,0.1425516414520147,1.0938853577852992,1.0938853577852992,0.38971809117949485,0.9252327115603803,0.16865264622491882
115.0,55.0,0.01889958150409894,-0.018263450877251463,-0.04084099616479247,-0.04656477381501888,0.06728308069011345,0.007544843828901643,0.007544843828901643,-21.223497452784766,0.0063936245856243395,0.0011512192432773054,0.8981956939168623,0.8981956939168623,-0.4662903134035825,0.7611457840028976,0.13704990991396493,1.062654060408682,1.062654060408682,0.2639190600244809,0.9005105050175125,0.16214355539116976
115.0,60.0,0.016589820161254466,-0.018725007418225397,-0.041268315762967855,-0.044949482325067666,0.06594981336591449,0.007248792363350365,0.007248792363350365,-21.397343401350145,0.006205736877133756,0.0010430554862166095,0.8629514718274245,0.8629514718274245,-0.6401362619689623,0.7387781996587806,0.124173272168644,1.0209566708944176,1.0209566708944176,0.09007311145910071,0.8740474474836275,0.14690922341079007
115.0,65.0,0.013541711813292662,-0.018701101805821276,-0.0414669472379004,-0.043386998975034695,0.0643043432504869,0.006891585241955687,0.006891585241955687,-21.616808676938554,0.006003090894767659,0.0008884943471880253,0.8204268145185342,0.8204268145185342,-0.8596015375573698,0.714653677948531,0.10577313657000302,0.970645808726153,0.970645808726153,-0.12939216412930643,0.8455057598264308,0.12514004889972186
115.0,70.0,0.009861778457816852,-0.018144777391612243,-0.04137844228847931,-0.041940615024185515,0.062431388706084154,0.006495977453606343,0.006495977453606343,-21.873554911239232,0.005785181497744765,0.0007107959558615794,0.7733306492388504,0.7733306492388504,-1.1163477718580472,0.6887120830648529,0.08461856617399756,0.9149264019163863,0.9149264019163863,-0.38613839842998404,0.814814295457009,0.10011210645937738
115.0,75.0,0.00569441733286986,-0.017031385333274335,-0.04095950726108868,-0.04068209675181249,0.06045832206012973,0.00609187099158216,0.00609187099158216,-22.152493023545826,0.005554392862194373,0.0005374781293877875,0.7252227370931144,0.7252227370931144,-1.395285884164642,0.6612372454993303,0.06398549159378424,0.8580099988143888,0.8580099988143888,-0.6650765107365787,0.7823088538301934,0.07570114498419542
115.0,80.0,0.0012139531844802484,-0.015363246947015522,-0.040186789916454906,-0.03968666487367045,0.058544961283388014,0.005712386240810825,0.005712386240810825,-22.431824355838103,0.005316557167703378,0.0003958290731074479,0.6800459810489078,0.6800459810489078,-1.67461721645692,0.6329234723456402,0.04712250870326761,0.8045614423677218,0.8045614423677218,-0.9444078430288572,0.7488108686906164,0.055750573677105335
115.0,85.0,-0.0033862738034905727,-0.013172279884613806,-0.03905912817309208,-0.039026450106590706,0.056865236385643,0.005389298215008112,0.005389298215008112,-22.68467784199652,0.00508101246522308,0.0003082857497850319,0.6415831208342991,0.6415831208342991,-1.927470702615335,0.604882436336081,0.03670068449821809,0.7590560866208609,0.7590560866208609,-1.1972613291872718,0.715635558482124,0.04342052813873689
115.0,90.0,-0.007906523735395016,-0.01052024693412059,-0.0375972976784751,-0.03876368989405975,0.055582093879773344,0.005148827298393194,0.005148827298393194,-22.882916750037452,0.0048601862432928996,0.0002886410551002928,0.6129556307610945,0.6129556307610945,-2.1257096106562705,0.5785936003920119,0.03436203036908248,0.725186943435661,0.725186943435661,-1.3955002372282068,0.6845332737032254,0.0406536697324356
115.0,95.0,-0.01215361324159971,-0.007496659918909542,-0.03584178751541584,-0.03894482819473552,0.054820102154080834,0.005008621335058541,0.005008621335058541,-23.00281800874054,0.004668778966826577,0.0003398423682319635,0.5962644446498263,0.5962644446498263,-2.2456108693593584,0.5558070198603068,0.04045742478951947,0.7054396246561325,0.7054396246561325,-1.5154014959312945,0.6575745023699404,0.047865122286192045
115.0,100.0,-0.015953010535886117,-0.00421465855293569,-0.03384933937611281,-0.03959627678976598,0.0546434333080101,0.004976390766886678,0.004976390766886678,-23.03085524370426,0.004522631637247489,0.00045375912963918944,0.5924274722484141,0.5924274722484141,-2.2736481043230756,0.5384085282437487,0.05401894400466542,0.7009001080122081,0.7009001080122081,-1.5434387308950124,0.6369903714433083,0.06390973656889994
115.0,105.0,-0.019159158379443177,-0.0008053107010338434,-0.03168889124924916,-0.04072210592319856,0.05504723076196232,0.005050210379219792,0.005050210379219792,-22.966905298751634,0.004437355025647074,0.0006128553535727161,0.6012155213356896,0.6012155213356896,-2.20969815937045,0.5282565506722708,0.07295897066341858,0.7112972365098298,0.7112972365098298,-1.479488785942387,0.6249795810770526,0.0863176554327769
115.0,110.0,-0.021663391785701102,0.0025892370700067928,-0.0294372816715114,-0.04230354199611488,0.05596561363811206,0.005220126868357412,0.005220126868357412,-22.823189419099982,0.0044268010712853675,0.0007933257970720462,0.621443674804454,0.621443674804454,-2.0659822797187966,0.5270001275339724,0.09444354727048171,0.735229136388368,0.735229136388368,-1.3357729062907333,0.6234931086317419,0.11173602775662624
115.0,115.0,-0.023399009768493646,0.005823401809480199,-0.027174770594993413,-0.0442999563581374,0.05729205841130266,0.00547050438154616,0.00547050438154616,-22.619726297865455,0.004501484432810429,0.0009690199487357305,0.6512505216126382,0.6512505216126382,-1.8625191584842717,0.5358910039060035,0.11535951770663459,0.7704935748656563,0.7704935748656563,-1.1323097850562092,0.6340118919451309,0.1364816829205254
115.0,120.0,-0.024343188188270377,0.00875626385064654,-0.024980280304616194,-0.04665102578289802,0.05890327307107388,0.005782523066470911,0.005782523066470911,-22.37882626154221,0.004667111064914379,0.0011154120015565317,0.688395603151299,0.688395603151299,-1.6216191221610252,0.5556084601088547,0.13278714304244424,0.8144398685170297,0.8144398685170297,-0.8914097487329622,0.657339586607659,0.15710028190937064
115.0,125.0,-0.024515559468206743,0.011259702752713376,-0.022926334553987668,-0.04927985232116811,0.06067877901701838,0.006136379137460201,0.006136379137460201,-22.120878152552862,0.004923418443517559,0.0012129606939426387,0.7305213258881191,0.7305213258881191,-1.3636710131716794,0.5861212432759,0.1444000826122189,0.8642787517549578,0.8642787517549578,-0.6334616397436159,0.6934392173968393,0.1708395343581181
115.0,130.0,-0.023973501649875648,0.013225985440061457,-0.021073941402194925,-0.0520969386137718,0.06251285860819006,0.006512942379923698,0.006512942379923698,-21.862227640172087,0.005263546027541054,0.001249396352382643,0.7753502833242498,0.7753502833242498,-1.105020500790902,0.626612622326316,0.1487376609979337,0.9173158281582673,0.9173158281582673,-0.3748111273628387,0.7413445109212753,0.17597131723699197
115.0,135.0,-0.02280448705690365,0.014574084907458448,-0.019467992262991975,-0.055004930509281263,0.06431946582412723,0.006894827037289644,0.006894827037289644,-21.614766240048624,0.005674108161623318,0.0012207188756663252,0.8208127425344814,0.8208127425344814,-0.8575591006674393,0.6754890668599188,0.14532367567456253,0.9711023996182596,0.9711023996182596,-0.1273497272393761,0.7991701636089179,0.17193223600934154
115.0,140.0,-0.02111619475646447,0.015254016097371538,-0.018133963879205465,-0.05790392261597311,0.06603244345305373,0.00726696811078253,0.00726696811078253,-21.386467455920112,0.006136030274500397,0.0011309378362821339,0.8651152512836346,0.8651152512836346,-0.6292603165389282,0.7304797945833805,0.13463545670025404,1.023516635321483,1.023516635321483,0.10094905688913478,0.8642296161268164,0.15928701919466673
115.0,145.0,-0.019025414129638193,0.015248696702100464,-0.01707667525921861,-0.06069691232408949,0.06760338110999999,0.007616849116441609,0.007616849116441609,-21.182246473402955,0.006626057235405932,0.0009907918810356754,0.9067677519573345,0.9067677519573345,-0.42503933402177124,0.7888163375483254,0.11795141440900898,1.0727956502030436,1.0727956502030436,0.3051700394062922,0.9332474979444974,0.13954815225854583
115.0,150.0,-0.01664698026158508,0.014573242495374422,-0.01628153173025203,-0.06329479046784589,0.06899869654211091,0.00793451327757243,0.00793451327757243,-21.004797087765166,0.007118696916369182,0.000815816361203248,0.9445849139967176,0.9445849139967176,-0.2475899483839838,0.8474639186153787,0.09712099538133907,1.1175370813482293,1.1175370813482293,0.48261942504407984,1.0026333685027016,0.11490371284552788
115.0,155.0,-0.014084022944740813,0.013272063845591427,-0.015718170756512356,-0.06562019929665738,0.07019671522723378,0.00821243790355843,0.00821243790355843,-20.85527901236592,0.007588273639920635,0.0006241642636377955,0.9776711789950512,0.9776711789950512,-0.0980718729847383,0.9033659095143615,0.07430526948068994,1.1566813948673844,1.1566813948673844,0.6321375004433251,1.0687709352000894,0.08791045966729515
115.0,160.0,-0.011420645581748951,0.011414480687845436,-0.015345892055284185,-0.0676097488803891,0.07118494266007966,0.008445294472377744,0.008445294472377744,-20.733852027538262,0.008010768851279198,0.00043452562109854467,1.0053921990925887,1.0053921990925887,0.023355111842924128,0.9536629584856188,0.0517292406069696,1.1894780947010906,1.1894780947010906,0.7535644852709867,1.1282773029970699,0.061200791704020374
115.0,165.0,-0.008717788049126457,0.009089697983152666,-0.015119910144595147,-0.06921443945376422,0.07195743706924147,0.008629584610760733,0.008629584610760733,-20.64010108757124,0.008365220109124858,0.00026436450163587184,1.0273315012810396,1.0273315012810396,0.11710605180994538,0.9958595368005784,0.03147196448046094,1.2154344522198213,1.2154344522198213,0.8473154252380084,1.1782000153696983,0.037234436850122794
115.0,170.0,-0.006012536696088802,0.006401861767825687,-0.014997436964565836,-0.07039857129508435,0.07251218095955578,0.008763154193878218,0.008763154193878218,-20.57339546521863,0.008634599836475479,0.0001285543574027379,1.0432326421283595,1.0432326421283595,0.1838116741625552,1.0279285519613666,0.015304090166992608,1.2342470695603123,1.2342470695603123,0.9140210475906174,1.2161408220387997,0.018106247521512377
115.0,175.0,-0.0033206433418432675,0.0034656285811535703,-0.014942867562407702,-0.07113778139335966,0.07284854484629957,0.008844642438608923,0.008844642438608923,-20.533197195748265,0.008806247920371931,3.8394518236993756e-05,1.0529336236439195,1.0529336236439195,0.22400994363291843,1.048362847663325,0.004570775980594495,1.2457242871280172,1.2457242871280172,0.9542193170609813,1.2403166085030888,0.005407678624928698
115.0,180.0,-0.0006416300578350128,0.00040236128725645176,-0.014931742732997154,-0.07141701388933878,0.07296519990825094,0.008872991623107323,0.008872991623107323,-20.51929928493454,0.008872035672734313,9.559503730086153e-07,1.0563085265603958,1.0563085265603958,0.23790785444664353,1.0561947229445612,0.00011380361583435895,1.249717130015116,1.249717130015116,0.9681172278747068,1.2495824891175087,0.00013464089760684722
120.0,-180.0,-0.0005910099284620928,0.0005240962139883797,-0.015444819255525665,-0.07065190095077893,0.07232466743353606,0.008717890480017358,0.008717890480017358,-20.595885911823956,0.008716850555221946,1.0399247954101156e-06,1.0378441047639713,1.0378441047639713,0.16132122755722597,1.037720304193089,0.00012380057088215665,1.227871898593994,1.227871898593994,0.8915306009852892,1.2277254303129501,0.00014646828104367826
120.0,-175.0,0.00217527357002537,-0.0027961696982906088,-0.015480754775366087,-0.07043927223759522,0.07220730726085249,0.008689620650181555,0.008689620650181555,-20.60999182484466,0.008668703842819106,2.09168073624501e-05,1.0344786488311375,1.0344786488311375,0.1472153145365227,1.0319885527165602,0.0024900961145773934,1.2238902324199372,1.2238902324199372,0.8774246879645862,1.2209442032139586,0.002946029205978887
120.0,-170.0,0.004945791963585846,-0.005994260170825426,-0.015584184816026886,-0.06971444341549775,0.07185654076182163,0.008605401348298965,0.008605401348298965,-20.652288697539895,0.008504750364307277,0.00010065098399169,1.0244525414641625,1.0244525414641625,0.10491844184128749,1.012470281465152,0.011982259999010713,1.212028358915347,1.212028358915347,0.8351278152693508,1.1978521639869404,0.01417619492840704
120.0,-165.0,0.007722422654293988,-0.008945080369290469,-0.015775438114074555,-0.068491896845431,0.07127169603454639,0.008465891643996951,0.008465891643996951,-20.723272944156772,0.00823314666981666,0.00023274497418028888,1.0078442433329704,1.0078442433329704,0.033934195224413585,0.9801365083115073,0.027707735021462964,1.1923791047883028,1.1923791047883028,0.7641435686524765,1.1595981225093888,0.03278098227891393
120.0,-160.0,0.010494301447040973,-0.011530026711539623,-0.016088264104137533,-0.06679952902902284,0.07045623605624933,0.008273273754521849,0.008273273754521849,-20.823226050560123,0.00786816350050213,0.0004051102540197203,0.9849135422049822,0.9849135422049822,-0.06601891117894139,0.9366861310121584,0.04822741119282385,1.165249824580542,1.165249824580542,0.6641904622491214,1.1081920423242435,0.057057782256298636
120.0,-155.0,0.013232029315095449,-0.013641075322027142,-0.01656603821501703,-0.06468038175142626,0.06942010473478417,0.008031729015387876,0.008031729015387876,-20.95190952727323,0.007429800636713903,0.000601928378673972,0.9561582161176043,0.9561582161176043,-0.19470238789204727,0.8845000757992744,0.07165814031833,1.1312294387870248,1.1312294387870248,0.5355069855360162,1.0464507939033667,0.08477864488365802
120.0,-150.0,0.015883876626096943,-0.015185392553405948,-0.017255988298063754,-0.06219379152467423,0.0681815995707908,0.0077477016712202244,0.0077477016712202244,-21.108271103377035,0.006942897825546226,0.0008048038456739967,0.9223454370500268,0.9223454370500268,-0.35106396399585105,0.8265354554221698,0.09580998162785676,1.0912255874958061,1.0912255874958061,0.37914540943221164,0.9778729331755247,0.11335265432028122
120.0,-145.0,0.01837476958336815,-0.016090341082706267,-0.018201931478286828,-0.05941523209420665,0.0667683409090595,0.00742984387252322,0.00742984387252322,-21.290203122170897,0.006435648572530995,0.0009941952999922253,0.8845052229194311,0.8845052229194311,-0.5329959827897108,0.7661486395870232,0.1183565833324078,1.0464568834539745,1.0464568834539745,0.19721339063835136,0.9064293764128162,0.14002750704115852
120.0,-140.0,0.020608652631355254,-0.016308494207001235,-0.019436526186681062,-0.05643434527878255,0.06521730923481928,0.007088662037260932,0.007088662037260932,-21.494357288040526,0.005937549912120348,0.0011511121251405834,0.8438883377691586,0.8438883377691586,-0.7371501486593421,0.7068511800143272,0.13703715775483136,0.9984031038395679,0.9984031038395679,-0.006940775231278595,0.8362746355099083,0.16212846832965963
120.0,-135.0,0.022474422955983748,-0.015822016181818305,-0.020974385024582716,-0.05335107303557623,0.06357434784934092,0.006736004146626279,0.006736004146626279,-21.715976541603727,0.005476974002798931,0.0012590301438273467,0.8019052555507477,0.8019052555507477,-0.9587694022225446,0.6520207146189205,0.149884540931827,0.9487329783980675,0.9487329783980675,-0.2285600287944817,0.77140478912661,0.17732818927145724
120.0,-130.0,0.02385507538829382,-0.014645624445980394,-0.022807376790530635,-0.05027029365870852,0.06189376218805821,0.0063845792480833686,0.0063845792480833686,-21.94867718017886,0.005078678451933279,0.0013059007961500897,0.760068958105163,0.760068958105163,-1.1914700407976766,0.6046045776111046,0.1554643804940583,0.8992365138145588,0.8992365138145588,-0.4612606673696135,0.7153068242159548,0.18392968959860417
120.0,-125.0,0.024639100588128376,-0.01282740997414743,-0.02490302891149222,-0.04729575115197511,0.060238498075839655,0.006047651940187234,0.006047651940187234,-22.184132116877088,0.004761636030162431,0.0012860159100248013,0.719958564308004,0.719958564308004,-1.4269249774959025,0.5668614321621942,0.1530971321458097,0.8517819634066527,0.8517819634066527,-0.6967156040678384,0.6706529619947086,0.18112900141194382
120.0,-120.0,0.024732704338520716,-0.010447072940029126,-0.02720625143611538,-0.044524203422886446,0.058680770313269355,0.005738919470520757,0.005738919470520757,-22.411698693031973,0.004537534445878622,0.001201385024642134,0.6832046988715188,0.6832046988715188,-1.6544915536507867,0.5401826721284074,0.14302202674311118,0.8082985169747546,0.8082985169747546,-0.924282180222723,0.6390893585744538,0.16920915840030054
120.0,-115.0,0.024071198595540317,-0.007611558741745007,-0.029643878758334886,-0.0420405619381307,0.057302066491686315,0.005472415781871172,0.005472415781871172,-22.618209133141768,0.004410176760085256,0.0010622390217859168,0.6514780692703778,0.6514780692703778,-1.8610019937605848,0.5250210428672923,0.12645702640308532,0.7707627861790384,0.7707627861790384,-1.1307926203325216,0.621151656350036,0.14961112982900235
120.0,-110.0,0.022628022176980244,-0.004448518384765962,-0.03213100768251559,-0.0399144384983017,0.056190575355570926,0.00526217729252028,0.00526217729252028,-22.788345238166144,0.00437583700145873,0.0008863402910615505,0.6264496776809858,0.6264496776809858,-2.0311380987849597,0.5209329763641346,0.10551670131685127,0.7411517313408845,0.7411517313408845,-1.3009287253568966,0.6163150706279902,0.12483666071289444
120.0,-105.0,0.020420249802304967,-0.0010983326147958512,-0.034577945212306525,-0.0381981178001849,0.055433955614797456,0.005121418402527611,0.005121418402527611,-22.90609742328812,0.004424446595016559,0.0006969718075110527,0.6096926669675728,0.6096926669675728,-2.1488902839069355,0.5267198327400665,0.08297283422750629,0.7213265355672691,0.7213265355672691,-1.418680910478873,0.6231614922558534,0.09816504331141587
120.0,-100.0,0.01751002424681137,0.0022944420592281916,-0.036896763969146734,-0.03692569475839959,0.055106656025134586,0.005061119995052077,0.005061119995052077,-22.957533657990588,0.00454135655106282,0.0005197634439892549,0.6025142851252473,0.6025142851252473,-2.2003265186094083,0.5406376846503359,0.061876600474911295,0.7128338021200109,0.7128338021200109,-1.4701171451813444,0.6396276832482846,0.07320611887172603
120.0,-95.0,0.014001937874005681,0.005589413313652026,-0.03900686541434126,-0.036113031545354696,0.055253799889841616,0.005088184130769158,0.005088184130769158,-22.934371808639554,0.00470936671300043,0.000378817417768726,0.6057362060439473,0.6057362060439473,-2.1771646692583686,0.5606388944048131,0.04509731163913405,0.7166456522210081,0.7166456522210081,-1.4469552958303051,0.6632910863380886,0.053354565882919154
120.0,-90.0,0.01003685974959482,0.008657862856856236,-0.04083937963259212,-0.03575827792232576,0.05587670813162169,0.005203554928337311,0.005203554928337311,-22.836998566979375,0.004910733255482037,0.0002928216728552742,0.6194708248020608,0.6194708248020608,-2.0797914275981895,0.5846111018430996,0.03485972295896121,0.7328950603291986,0.7328950603291986,-1.3495820541701267,0.6916525711946531,0.04124248913454565
120.0,-85.0,0.005782989404545009,0.011389007559512837,-0.0423405198760736,-0.03584286564665397,0.05692611967088563,0.005400844595634069,0.005400844595634069,-22.675383189657197,0.005128930235617189,0.00027191436001687915,0.6429576899564368,0.6429576899564368,-1.9181760502760128,0.6105869328115702,0.03237075714486656,0.7606823374132491,0.7606823374132491,-1.1879666768479493,0.7223845402277731,0.038297797185475935
120.0,-80.0,0.0014250383846707362,0.013694753241166636,-0.0434740834095013,-0.036333026223448396,0.058306618179965596,0.00566596938753466,0.00566596938753466,-22.467257762435185,0.005350015163239572,0.00031595422429508795,0.6745201651826975,0.6745201651826975,-1.7100506230540007,0.63690656705233,0.03761359813036762,0.7980238573992476,0.7980238573992476,-0.9798412496259378,0.7535232624281085,0.044500594971139146
120.0,-75.0,-0.0028475339591620447,0.015512792022016516,-0.044223175906248816,-0.037181921370712044,0.05989106552750384,0.005978092044933384,0.005978092044933384,-22.234374023949467,0.005563509868835673,0.00041458217609771175,0.7116776243968316,0.7116776243968316,-1.4771668845682828,0.6623226034328182,0.049355020964013306,0.8419847950610401,0.8419847950610401,-0.7469575111402198,0.78359293927263,0.05839185578841011
120.0,-70.0,-0.006852308606343236,0.016807972862440995,-0.044591040352126216,-0.038332407758045056,0.061540201894331646,0.006311845380632721,0.006311845380632721,-21.99843648448902,0.005762754841739851,0.0005490905388928689,0.7514101643610381,0.7514101643610381,-1.2412293451078376,0.6860422430642681,0.06536792129677012,0.888992307131369,0.888992307131369,-0.5110199716797742,0.8116556115126551,0.07733669561871394
120.0,-65.0,-0.010424812484527425,0.01757194854518599,-0.044600721509663016,-0.03972032390854492,0.06312193423521228,0.006640474525760048,0.006640474525760048,-21.778008850061397,0.005944740764930134,0.0006957337608299152,0.790532681638101,0.790532681638101,-1.0208017106802145,0.7077072339202543,0.08282544771784706,0.935278102219725,0.935278102219725,-0.2905923372521515,0.8372874316803005,0.09799067053942469
120.0,-60.0,-0.013427689889525923,0.017821183310316572,-0.044293289609098056,-0.041278053100169985,0.06452651085007673,0.00693928752081426,0.00693928752081426,-21.586851176810484,0.00610947801979239,0.0008298095010218717,0.8261056572397929,0.8261056572397929,-0.8296440374293003,0.7273188118800463,0.09878684535974665,0.9773644395513041,0.9773644395513041,-0.09943466400123721,0.8604898619425899,0.11687457760871432
120.0,-55.0,-0.015757425858885125,0.017593490972022056,-0.043724510649542185,-0.0429380384443691,0.06567598778300125,0.007188722925655193,0.007188722925655193,-21.433482550416805,0.006259032504517815,0.000929690421137379,0.8558003482922849,0.8558003482922849,-0.6762754110356226,0.7451229172045019,0.11067743108778323,1.0124961867119988,1.0124961867119988,0.05393396239244018,0.8815538738757486,0.13094231283625055
120.0,-50.0,-0.017348146934933174,0.016943357430697432,-0.04296014053226739,-0.044635930105373846,0.06652800533628214,0.0073764520408463995,0.0073764520408463995,-21.32152476874479,0.006396415857777031,0.0009800361830693673,0.8781490524817144,0.8781490524817144,-0.5643176293636072,0.7614780783067894,0.1166709741749247,1.0389369071614647,1.0389369071614647,0.16589174406445567,0.9009036419404268,0.13803326522103765
120.0,-45.0,-0.018172340273254966,0.015936384772449647,-0.0420703390755334,-0.04631311725836286,0.06707473869304113,0.0074981909673131845,0.0074981909673131845,-21.250435029656547,0.00652454338786389,0.0009736475794492948,0.8926417818229984,0.8926417818229984,-0.4932278902753605,0.7767313556980822,0.11591042612491606,1.056083234832843,1.056083234832843,0.2369814831527029,0.9189497729385762,0.13713346189426687
120.0,-40.0,-0.018238669042011407,0.014643281870254043,-0.04112393685577094,-0.047918501219984026,0.06733821867292586,0.007557214782270628,0.007557214782270628,-21.21638234599824,0.006645445008814273,0.0009117697734563586,0.899668426460789,0.899668426460789,-0.45917520661705463,0.791124405811223,0.10854402064956652,1.0643964482071306,1.0643964482071306,0.2710341668110089,0.9359781702555314,0.1284182779515998
120.0,-35.0,-0.01758736635369294,0.0131339141356799,-0.04018335855617924,-0.04940946272705538,0.06736328723877096,0.0075628426056348445,0.0075628426056348445,-21.213149378447426,0.006759836264099415,0.0008030063415354275,0.9003384054327196,0.9003384054327196,-0.4559422390662432,0.8047424123927877,0.09559599303993187,1.0651890993851891,1.0651890993851891,0.2742671343618195,0.9520896146618893,0.11309948472329964
120.0,-30.0,-0.016283927350808247,0.011471986540068051,-0.039300882374534975,-0.050752048119733266,0.06720939301099703,0.007528326820951286,0.007528326820951286,-21.233015355086977,0.006867054458025925,0.0006612723629253645,0.8962293834465818,0.8962293834465818,-0.47580821570579196,0.8175064830983245,0.07872290034825769,1.0603277212607445,1.0603277212607445,0.25440115772227123,0.9671907687360457,0.09313695252469922
120.0,-25.0,-0.014411971000220049,0.0097109258568975,-0.03851663146192102,-0.051920455336788664,0.06694230030901428,0.0074686099974182124,0.0074686099974182124,-21.267602183483177,0.00696527687364172,0.0005033331237764923,0.8891202377878825,0.8891202377878825,-0.5103950441019929,0.8291996278144905,0.05992060997339195,1.0519169010448186,1.0519169010448186,0.2198143293260702,0.981024911780524,0.0708919892642947
120.0,-20.0,-0.012066191253566387,0.007891413514211274,-0.037858336217562155,-0.05289596224449461,0.06662659995491964,0.007398332071253558,0.007398332071253558,-21.30866179444467,0.0070518946019732884,0.0003464374692802671,0.8807538180063762,0.8807538180063762,-0.5514546550634851,0.8395112621396772,0.04124255586669846,1.0420186015850081,1.0420186015850081,0.17875471836457726,0.9932245918272236,0.04879400975778409
120.0,-15.0,-0.009346239548126549,0.006040797446516024,-0.03734258020278403,-0.05366551570441087,0.06631967505576701,0.007330326136661149,0.007330326136661149,-21.34876702548317,0.007123925286810192,0.00020640084985095987,0.8726578734120415,0.8726578734120415,-0.5915598861019873,0.8480863436678799,0.02457152974416189,1.03244030093819,1.03244030093819,0.13864948732607651,1.0033697587056607,0.02907054223252956
120.0,-10.0,-0.006352168552679439,0.004174324388390885,-0.03697703152919011,-0.054220271040439694,0.0660674933823785,0.007274684751401948,0.007274684751401948,-21.38185822093675,0.007178395304192153,9.628944720979556e-05,0.8660338989764224,0.8660338989764224,-0.6246510815555647,0.8545708695466849,0.011463029429737568,1.0246034861129503,1.0246034861129503,0.10555829187249849,1.0110415921397398,0.013561893973210642
120.0,-5.0,-0.003181747428065321,0.002297859122247238,-0.03676309800896242,-0.05455439741622698,0.06590228619635212,0.007238348347580164,0.007238348347580164,-21.40360520178985,0.007212676163657404,2.5672183922762387e-05,0.8617081366166863,0.8617081366166863,-0.6463980624086658,0.8586519242449291,0.0030562123717574274,1.0194856827577696,1.0194856827577696,0.08381131101939736,1.0158698822052683,0.003615800552501744
120.0,0.0,7.040300462182779e-05,0.0004115678560341848,-0.03669850078255107,-0.054664406651343665,0.06584186858613254,0.007225082548456448,0.007225082548456448,-21.411571866151068,0.00722479198082999,2.905676264572139e-07,0.8601288748162439,0.8601288748162439,-0.6543647267698827,0.8600942834321417,3.4591384102049274e-05,1.0176172603459785,1.0176172603459785,0.07584464665818047,1.0175763353281675,4.092501781087519e-05
120.0,5.0,0.003312230907138268,-0.001486021570151676,-0.036779372670711304,-0.05454911252673107,0.06589011356185534,0.007235674642717379,0.007235674642717379,-21.405209697350113,0.007213709937370674,2.1964705346703803e-05,0.8613898384187357,0.8613898384187357,-0.6480025579689277,0.8587749925441279,0.0026148458746075957,1.0191091046080816,1.0191091046080816,0.08220681545913533,1.0160154841367146,0.0030936204713667326
120.0,10.0,0.006452831340215999,-0.0033941162980466177,-0.03700159279127208,-0.05421012026382646,0.06603797442274849,0.007268185544565635,0.007268185544565635,-21.385739944140244,0.007179589202231971,8.859634233366865e-05,0.8652601838768613,0.8652601838768613,-0.6285328047590626,0.854713000265711,0.01054718361115103,1.0236881048683992,1.0236881048683992,0.10167656866900075,1.0112097467932353,0.012478358075164599
120.0,15.0,0.009400888196675778,-0.0053063145261450975,-0.037361146812959135,-0.05365255523041822,0.06626451272490683,0.007318137002437466,0.007318137002437466,-21.35599464370366,0.007123918790147974,0.0001942182122894928,0.8712067860044601,0.8712067860044601,-0.5987875043224783,0.8480855702557113,0.023121215748749147,1.0307235214700654,1.0307235214700654,0.1314218691055851,1.0033688436828132,0.02735467778725251
120.0,20.0,0.012063681468564406,-0.00720806645734332,-0.0378533806626639,-0.05288565202952307,0.06653765288022111,0.00737859158508136,0.00737859158508136,-21.320265277705523,0.007049451618273367,0.00032913996680799477,0.8784037601287334,0.8784037601287334,-0.5630581383243387,0.8392204307468295,0.03918332938190414,1.0392382514199099,1.0392382514199099,0.1671512351037246,0.9928805096159672,0.04635774180394292
120.0,25.0,0.01434726540663319,-0.009075044567540897,-0.03847114684323514,-0.051922900532001874,0.06681479774452025,0.00744018671200989,0.00744018671200989,-21.284161656667372,0.006959863930394112,0.00048032278161577957,0.8857365133345108,0.8857365133345108,-0.5269545172861889,0.8285552298088229,0.05718128352568805,1.0479136214098437,1.0479136214098437,0.2032548561418747,0.9802625254076213,0.06765109600222247
120.0,30.0,0.016158252318500623,-0.010872430288294729,-0.03920205868127877,-0.05078168156013584,0.06704386210002838,0.007491289254157749,0.007491289254157749,-21.254434335978868,0.006859139383099104,0.00063214987105865,0.8918201493044939,0.8918201493044939,-0.4972271965976824,0.8165642122737029,0.07525593703079168,1.0551111625574294,1.0551111625574294,0.23298217683038125,0.966075969450578,0.08903519310685211
120.0,35.0,0.017407400792470478,-0.012555083946932444,-0.040025344244503464,-0.04948263712442529,0.067165521615951,0.007518501694149247,0.007518501694149247,-21.238686980780432,0.006750773555688315,0.0007677281384609324,0.8950597254939582,0.8950597254939582,-0.4814798413992495,0.8036635185343232,0.09139620695963482,1.058943900584401,1.058943900584401,0.24872953202881337,0.9508131768575091,0.10813072372689188
120.0,40.0,0.018014919700688428,-0.014068580652522684,-0.0409090432951094,-0.048049260906855656,0.06711738664768624,0.007507729108728651,0.007507729108728651,-21.24491405830494,0.006636979133811246,0.000870749974917404,0.8937772748486491,0.8937772748486491,-0.4877069189237557,0.7901165635489579,0.10366071129969096,1.0574266350322044,1.0574266350322044,0.24250245450430713,0.9347857934945417,0.12264084153766253
120.0,45.0,0.017917084895111377,-0.015351145677153556,-0.04180840481387815,-0.04650821708081578,0.0668403813114289,0.007445885538110821,0.007445885538110821,-21.28083644259037,0.0065181080544748065,0.0009277774836360127,0.886414945013193,0.886414945013193,-0.5236293032091857,0.7759652445803341,0.11044970043285866,1.0487162729733548,1.0487162729733548,0.20658007021887703,0.9180433879541982,0.13067288501915672
120.0,50.0,0.017073460358970484,-0.016336565239328485,-0.04266623227641947,-0.0448906364330028,0.06628697480254767,0.0073230991885399385,0.0073230991885399385,-21.353050834728947,0.006392477092406496,0.0009306220961334422,0.8717975224452309,0.8717975224452309,-0.595843695347764,0.7610091776674401,0.11078834477779076,1.0314224209211182,1.0314224209211182,0.1343656780802997,0.9003488862544361,0.131073534666682
120.0,55.0,0.015473767325005825,-0.016958128418387567,-0.04341557408607587,-0.04323417388472047,0.06543027937737031,0.007135034337389363,0.007135034337389363,-21.466039324998825,0.006256695705780244,0.0008783386316091173,0.8494088496892098,0.8494088496892098,-0.7088321856176394,0.7448447268786005,0.10456412281060924,1.0049344137168117,1.0049344137168117,0.021377187810424587,0.881224747292992,0.12370966642381935
120.0,60.0,0.01314331202750492,-0.017153536063849974,-0.04398464216657319,-0.04158513848406197,0.06427256755262122,0.006884776033924155,0.006884776033924155,-21.621101830487333,0.006106476952368507,0.0007782990815556471,0.8196161945147805,0.8196161945147805,-0.8638946911061489,0.7269615419486319,0.09265465256614847,0.9696867653414302,0.9696867653414302,-0.13368531767808645,0.8600671763899307,0.10961958895149958
120.0,65.0,0.010145926351640584,-0.016870501428202067,-0.04430330750663691,-0.03999975282301031,0.0628515466945837,0.006583706430343233,0.006583706430343233,-21.815295426992623,0.005937798914052701,0.000645907516290531,0.7837745750408612,0.7837745750408612,-1.0580882876114375,0.7068808231015121,0.07689375193934894,0.9272825958229907,0.9272825958229907,-0.32787891418337406,0.8363097062046058,0.09097288961838464
120.0,70.0,0.006583634256601426,-0.016072527756626535,-0.044310132279843664,-0.03854370110423866,0.06124275553877665,0.006250977909260633,0.006250977909260633,-22.04052035876138,0.0057482057732629755,0.0005027721359976597,0.7441640368167421,0.7441640368167421,-1.2833132193801937,0.6843102111027352,0.05985382571400712,0.8804194238395259,0.8804194238395259,-0.5531038459521302,0.8096064469384471,0.07081297690107882
120.0,75.0,0.002592712258670839,-0.014744175016100123,-0.04395877707419248,-0.03728955713543494,0.05955667894516173,0.0059115240748099755,0.0059115240748099755,-22.2830053740142,0.005538011451492918,0.0003735126233170573,0.7037528660488066,0.7037528660488066,-1.5257982346330143,0.6592870775586808,0.04446578849012587,0.8326090246211232,0.8326090246211232,-0.7955888612049511,0.7800016128863265,0.0526074117347968
120.0,80.0,-0.001663628489015684,-0.012895102401474656,-0.043222800781917724,-0.03631226993442643,0.0579296364645764,0.005592939536941255,0.005592939536941255,-22.523598756323647,0.005311193965121717,0.0002817455718195382,0.6658261353501493,0.6658261353501493,-1.766391616942464,0.6322849958478235,0.03354113950232598,0.7877379629494725,0.7877379629494725,-1.0361822435144,0.7480554880453122,0.03968247490416031
120.0,85.0,-0.0060051929046599,-0.010562319208836457,-0.042098276559493365,-0.03568339430884557,0.056508357325015864,0.005321865367625936,0.005321865367625936,-22.739361164131008,0.005075829615852802,0.0002460357517731333,0.6335554009078496,0.6335554009078496,-1.982154024749826,0.604265430458667,0.02928997044918254,0.7495585024825262,0.7495585024825262,-1.2519446513217625,0.7149055796975777,0.03465292278494835
120.0,90.0,-0.01024629954071756,-0.00781034625986308,-0.0406041310569099,-0.03546501290435672,0.05542969206273809,0.005120630632864476,0.005120630632864476,-22.906765500578516,0.0048439902119670674,0.00027664042089740903,0.6095988848648187,0.6095988848648187,-2.149558361197334,0.5766655014246509,0.032933383440167746,0.7212155820935882,0.7212155820935882,-1.4193489877692715,0.6822521425305729,0.03896343956301535
120.0,95.0,-0.014207640744891756,-0.004729287240190946,-0.03878051317671097,-0.035704257816997306,0.054799137236345316,0.0050047911614005455,0.0050047911614005455,-23.006140399316408,0.004631094609792525,0.00037369655160802035,0.5958084715953031,0.5958084715953031,-2.248933259935221,0.5513207868800625,0.044487684715240526,0.7049001635775417,0.7049001635775417,-1.5187238865071575,0.6522668464496514,0.05263331712789018
120.0,100.0,-0.017727431252709577,-0.001431038810474949,-0.03668570255117995,-0.03642908125788236,0.054673836739922294,0.004981930003348501,0.004981930003348501,-23.026023786407514,0.004454759604844463,0.0005271703985040374,0.5930869051605359,0.5930869051605359,-2.2688166470263287,0.5303285243862456,0.06275838077429016,0.7016802821617606,0.7016802821617606,-1.5386072735982659,0.6274309302597835,0.0742493519019771
120.0,105.0,-0.020670988257561806,0.0019560177818015215,-0.034392058634376776,-0.03764558845664101,0.05505560633091034,0.005051747299517082,0.005051747299517082,-22.9655838202212,0.004333237958434607,0.0007185093410824755,0.6013984880377479,0.6013984880377479,-2.2083766808400203,0.5158616617184056,0.08553682631934234,0.7115137041573353,0.7115137041573353,-1.4781673074119581,0.610315205413325,0.10119849874401064
120.0,110.0,-0.022938106115448265,0.005293484644148426,-0.031981360856176005,-0.03933696499633068,0.05589617114952412,0.005207180572171185,0.005207180572171185,-22.833973618023595,0.004283572845130182,0.0009236077270410035,0.6199024490679982,0.6199024490679982,-2.0767664786424134,0.5099491482297837,0.10995330083821471,0.7334057143903077,0.7334057143903077,-1.34655710521435,0.60332011903242,0.1300855953578878
120.0,115.0,-0.02446776127710296,0.008440231590884485,-0.029539720416632796,-0.041463875993740844,0.057111793405024626,0.00543613350618301,0.00543613350618301,-22.647098859559897,0.004319645057604299,0.0011164884485787112,0.6471587507360727,0.6471587507360727,-1.8898917201787144,0.5142434592386071,0.13291529149746564,0.7656526065046492,0.7656526065046492,-1.1596823467506518,0.6084007123386337,0.15725189416601565
120.0,120.0,-0.025239825321824894,0.01126013194126894,-0.02715216769635099,-0.04396618102117038,0.0586012340979958,0.0057233728921997785,0.0057233728921997785,-22.423479577873945,0.004450337294413492,0.0012730355977862869,0.6813539157380689,0.6813539157380689,-1.666272438492762,0.5298020588587491,0.15155185687931988,0.8061088580563068,0.8061088580563068,-0.9360630650646986,0.6268080696357031,0.17930078842060376
120.0,125.0,-0.025273631085860625,0.01362979619794965,-0.02489708860539715,-0.04676583594835598,0.06026139896845546,0.006052251090506131,0.006052251090506131,-22.180830626450152,0.004678070510519319,0.0013741805799868112,0.7205060822031109,0.7205060822031109,-1.4236234870689715,0.5569131560142047,0.1635929261889061,0.8524297310572014,0.8524297310572014,-0.6934141136409084,0.6588831704956787,0.1935465605615227
120.0,130.0,-0.024623472118806763,0.015445726815871254,-0.02284086916103858,-0.04977086351074471,0.06199782266090512,0.006406065770048936,0.006406065770048936,-21.93408606817577,0.004997955850416036,0.0014081099196328985,0.7626268773867781,0.7626268773867781,-1.176878928794583,0.5949947440971473,0.16763213328963078,0.9022627845139346,0.9022627845139346,-0.44666955536651975,0.7039374437205685,0.19832534079336595
120.0,135.0,-0.02337141716208319,0.01663023818321112,-0.021033313765664464,-0.052880213479764036,0.06372993980716408,0.006769015907825356,0.006769015907825356,-21.69474465268578,0.005397734943638515,0.0013712809641868431,0.8058352271220663,0.8058352271220663,-0.937537513304595,0.6425874932902994,0.16324773383176705,0.9533825222289234,0.9533825222289234,-0.20732813987653215,0.7602443582589457,0.1931381639699779
120.0,140.0,-0.021618141450051077,0.017135533146580915,-0.01950450958078461,-0.05598919540086934,0.06539255639287729,0.0071268094848176144,0.0071268094848176144,-21.47104850687868,0.005858555137121123,0.0012682543476964935,0.8484297005735256,0.8484297005735256,-0.7138413674974979,0.697447040133467,0.15098266044005876,1.0037759837771287,1.0037759837771287,0.016368005930565113,0.8251486108621299,0.17862737291499906
120.0,145.0,-0.019472746239086902,0.016945537857837114,-0.018263728330727275,-0.058995001027981955,0.06693514038390795,0.00746701244764039,0.00746701244764039,-21.268531246946413,0.006356473445294449,0.0011105390023459422,0.8889300532905227,0.8889300532905227,-0.5113241075652296,0.7567230292017203,0.13220702408880267,1.0516918940338578,1.0516918940338578,0.21888526586283397,0.8952779500414717,0.15641394399238623
120.0,150.0,-0.017042693418173764,0.016075434888710126,-0.017300671583391363,-0.06180172296356237,0.06832012298223929,0.007779215402579663,0.007779215402579663,-21.090642029477294,0.0068644486106448676,0.000914766791934795,0.9260970717356742,0.9260970717356742,-0.33343489009611155,0.8171962631720081,0.10890080856366607,1.0956641412084032,1.0956641412084032,0.3967744833319515,0.9668237479781503,0.12884039323025281
120.0,155.0,-0.014424981118763048,0.014569202428945728,-0.016588945479671158,-0.06432429814492321,0.06952086149967321,0.008055060536165616,0.008055060536165616,-20.93931191380841,0.007354507474407321,0.0007005530617582939,0.9589357781149546,0.9589357781149546,-0.1821047744272267,0.8755366040961097,0.08339917401884452,1.1345155684740305,1.1345155684740305,0.5481045990008359,1.0358461231559606,0.09866944531806955
120.0,160.0,-0.01169951509550347,0.012495747068883898,-0.016091228673946696,-0.06649098977655907,0.0705195129732414,0.00828814092221357,0.00828814092221357,-20.815428732818265,0.007799781847045241,0.000488359075168329,0.9866834431206633,0.9866834431206633,-0.058221593437081776,0.9285454579815765,0.05813798513908679,1.1673437918610663,1.1673437918610663,0.6719877799909817,1.0985608235274988,0.06878296833356747
120.0,165.0,-0.00892531014258272,0.009944324648024824,-0.01576531576396272,-0.06824433023508415,0.07130487041022708,0.008473774605912344,0.008473774605912344,-20.71923091988365,0.008176197026826183,0.00029757757908615944,1.008782691180041,1.008782691180041,0.03797621949753648,0.9733567889078791,0.035425902272161844,1.1934893811144145,1.1934893811144145,0.7681855929255993,1.1515770460318568,0.04191233508255767
120.0,170.0,-0.006139746014642719,0.007019862948029996,-0.01557016653152947,-0.06954078591709584,0.07187020209182914,0.008608673768645419,0.008608673768645419,-20.650637497453456,0.008463718922094542,0.00014495484655087593,1.024842115314931,1.024842115314931,0.10656964192772639,1.007585585963636,0.017256529351294757,1.2124892631894957,1.2124892631894957,0.8367790153557897,1.1920730876189494,0.020416175570545907
120.0,175.0,-0.0033606935847148712,0.0038385871054013717,-0.015471258524784464,-0.0703496654241556,0.0722112475862829,0.008690569054678483,0.008690569054678483,-20.60951785206642,0.008647188389460827,4.3380665217656026e-05,1.034591554128391,1.034591554128391,0.1476892873147626,1.029427189221527,0.0051643649068638135,1.2240238105180963,1.2240238105180963,0.8778986607428261,1.2179138576705388,0.006109952847557187
120.0,180.0,-0.0005910099284620908,0.0005240962139883884,-0.015444819255525665,-0.07065190095077893,0.07232466743353606,0.008717890480017358,0.008717890480017358,-20.595885911823956,0.008716850555221946,1.0399247954101268e-06,1.0378441047639713,1.0378441047639713,0.16132122755722597,1.037720304193089,0.00012380057088215798,1.227871898593994,1.227871898593994,0.8915306009852892,1.2277254303129501,0.00014646828104367983
125.0,-180.0,-0.0005424969359401771,0.0006142699839425392,-0.015256857199104773,-0.06962335762057235,0.07128011818519008,0.008467892584946408,0.008467892584946408,-20.722246596347848,0.008466773227086336,1.1193578600716167e-06,1.0080824505888584,1.0080824505888584,0.034960543033337954,1.0079491937007543,0.00013325688810376392,1.1926609274572406,1.1926609274572406,0.7651699164614006,1.1925032714206105,0.00015765603662980517
125.0,-175.0,0.00230050687836879,-0.002921716837277208,-0.015309882732305068,-0.06938936154845074,0.07115549709300889,0.008438309145336333,0.008438309145336333,-20.73744567878732,0.008415261753020932,2.3047392315401653e-05,1.0045606125400397,1.0045606125400397,0.019761460593862443,1.0018168753596348,0.0027437371804049588,1.1884942458220187,1.1884942458220187,0.7499708340219258,1.1852481342283,0.0032461115937185425
125.0,-170.0,0.0051428635601520395,-0.006337282061508627,-0.015464761104978565,-0.06860445173268381,0.07079788007491228,0.008353702899496945,0.008353702899496945,-20.781209745345667,0.00824268853235243,0.00011101436714451191,0.994488440416303,0.994488440416303,-0.024002605964480575,0.9812724443276702,0.01321599608863237,1.1765778731685836,1.1765778731685836,0.7062067674635824,1.1609420468102012,0.015635826358381958
125.0,-165.0,0.007981966980766475,-0.009506526214161546,-0.015740418386198562,-0.067287228099456,0.07020981180592487,0.008215502573240977,0.008215502573240977,-20.853658639867852,0.007958698894065365,0.0002568036791756082,0.9780360206239258,0.9780360206239258,-0.09645150048666894,0.9474641540554007,0.030571866568524793,1.1571130384846444,1.1571130384846444,0.6337578729413941,1.1209435062063895,0.03616953227825468
125.0,-160.0,0.010803855916704231,-0.012310393538759292,-0.016167721165985232,-0.06547140936108597,0.06939862926006518,0.00802676046875495,0.00802676046875495,-20.95459696865026,0.007579655849221358,0.0004471046195335927,0.9555667224708276,0.9555667224708276,-0.1973898292690768,0.9023399820501617,0.053226740420665795,1.1305296434866128,1.1305296434866128,0.5328195441589861,1.067557161862163,0.06297248162444967
125.0,-155.0,0.01357805917252213,-0.014640861899271123,-0.01678561853144704,-0.06320666138976745,0.06837804882833393,0.0077924123537743105,0.0077924123537743105,-21.08328073810345,0.007127897129074271,0.0006645152247000418,0.9276681373540846,0.9276681373540846,-0.3260735987222682,0.8485591820326513,0.07910895532143357,1.0975228667287762,1.0975228667287762,0.40413577470579565,1.003929173109052,0.09359369361972421
125.0,-150.0,0.01625431030556279,-0.016405478117606755,-0.017635613444923915,-0.060558824450753265,0.06716940074329032,0.007519370177471816,0.007519370177471816,-21.238185343955415,0.006630487259120117,0.0008888829183517023,0.8951631163656926,0.8951631163656926,-0.4809782045742307,0.7893437213238236,0.10581939504186934,1.059066222179129,1.059066222179129,0.2492311688538318,0.9338714449464953,0.1251947772326341
125.0,-145.0,0.018761809217092387,-0.01753207808765572,-0.01875508954363596,-0.05760904646933884,0.06580224058545785,0.007216388098544692,0.007216388098544692,-21.416801184090172,0.00611744857661389,0.0010989395219308036,0.8590938212553206,0.8590938212553206,-0.6595940447089882,0.7282676876921297,0.13082613356319092,1.0163926899358722,1.0163926899358722,0.07061532871907494,0.8616124755794209,0.1547802143564512
125.0,-140.0,0.021011501184495886,-0.017973328763938774,-0.020170373079552117,-0.054451487735026394,0.06431432340939887,0.006893724582775275,0.006893724582775275,-21.61546071460455,0.0056195483864076535,0.0012741761963676222,0.8206814979494375,0.8206814979494375,-0.8582535752233651,0.6689938555247206,0.15168764242471694,0.9709471243345456,0.9709471243345456,-0.12804420179530215,0.79148568822643,0.1794614361081158
125.0,-135.0,0.02290148195732353,-0.017710547108738567,-0.02189062553560365,-0.051189546984350145,0.0627511797621007,0.0065626963247123575,0.0065626963247123575,-21.829176913629166,0.005165826975801321,0.0013968693489110364,0.7812733719895665,0.7812733719895665,-1.0719697742479826,0.6149794018811097,0.1662939701084567,0.9243234260158251,0.9243234260158251,-0.3417604008199191,0.727581264197369,0.1967421618184558
125.0,-130.0,0.02432516522097754,-0.01675616278170325,-0.0239036254757716,-0.04793089434525692,0.061165648838354784,0.006235247432914029,0.006235247432914029,-22.051463077641014,0.004781143933283851,0.0014541034996301773,0.742291361061194,0.742291361061194,-1.2942559382598315,0.5691838015814109,0.17310755947978304,0.8782038637907081,0.8782038637907081,-0.5640465648317688,0.673400553983641,0.2048033098070672
125.0,-125.0,0.025181363345334024,-0.015154255848018345,-0.026174184099471018,-0.0447818761186017,0.059617588614533215,0.005923621898520625,0.005923621898520625,-22.274126700405343,0.004484068262705275,0.0014395536358153503,0.7051930831572173,0.7051930831572173,-1.5169195610241593,0.5338176503220566,0.17137543283516077,0.834312943453609,0.834312943453609,-0.7867101875960969,0.6315589102401796,0.20275403321342964
125.0,-120.0,0.0253850535459415,-0.012978828082553719,-0.028645430504546463,-0.0418419852125446,0.058173562184590376,0.005640139352167074,0.005640139352167074,-22.487101656745377,0.004285419731589393,0.0013547196205776829,0.6714451609722707,0.6714451609722707,-1.7298945173641946,0.5101690156654038,0.161276145306867,0.7943858242488836,0.7943858242488836,-0.9996851439361311,0.6035802438858299,0.19080558036305392
125.0,-115.0,0.024877431317929587,-0.01032980375845842,-0.03124265573306242,-0.03919903129297585,0.05690570293238564,0.005396971229295291,0.005396971229295291,-22.678498971083272,0.004187680661307937,0.0012092905679873531,0.6424965749161061,0.6424965749161061,-1.9212918317020873,0.4985334120604688,0.1439631628556373,0.7601367928584918,0.7601367928584918,-1.1910824582740231,0.5898141776490052,0.17032261520948633
125.0,-110.0,0.023633939607945575,-0.007327105856264347,-0.033878983020524424,-0.03692543328432964,0.05588848446112475,0.005205748516216609,0.005205748516216609,-22.835168159919522,0.004185356586357877,0.0010203919298587337,0.619731966216263,0.619731966216263,-2.07796102053834,0.49825673647117585,0.12147522974508734,0.7332040163685365,0.7332040163685365,-1.3477516471102766,0.5894868431489967,0.14371717321953992
125.0,-105.0,0.021669281916843194,-0.004103416743172025,-0.03646194216247576,-0.0350757862773964,0.05519220793732653,0.005076846755751489,0.005076846755751489,-22.94405945544765,0.004266206174109592,0.0008106405816418954,0.6043865185418439,0.6043865185418439,-2.186852316066468,0.5078816873939991,0.0965048311478447,0.7150488388382378,0.7150488388382378,-1.4566429426384047,0.60087410902952,0.11417472980871765
125.0,-100.0,0.019038892033758168,-0.0007963490414098039,-0.03890008280801556,-0.03368562751769058,0.054873049171700994,0.005018300982374915,0.005018300982374915,-22.99443294582876,0.004413125936969317,0.0006051750454055973,0.5974167836160613,0.5974167836160613,-2.2372258064475776,0.5253721353534903,0.0720446482625711,0.7068029552640724,0.7068029552640724,-1.5070164330195144,0.6215670333759601,0.08523592188811228
125.0,-95.0,0.015836822600022456,0.0024592769186557967,-0.04110899194634022,-0.03277120761031843,0.054961388811692824,0.00503447182592142,0.00503447182592142,-22.980460852136115,0.004606393589344841,0.00042807823657657797,0.5993418840382644,0.5993418840382644,-2.22325371275493,0.5483801892077191,0.050961694830545,0.7090805388621718,0.7090805388621718,-1.4930443393268669,0.6487878294851889,0.060292709376982806
125.0,-90.0,0.0121904236919631,0.00553847903204585,-0.04301636504771161,-0.03233006932868942,0.05545198124949042,0.0051247496396975185,0.0051247496396975185,-22.90327346419275,0.004825954712738666,0.0002987949269588511,0.6100892428211332,0.6100892428211332,-2.1460663248115655,0.5745184181831746,0.035570824637958465,0.721795723901059,0.721795723901059,-1.415856951383502,0.6797119313716431,0.04208379252941565
125.0,-85.0,0.008252456407429797,0.008332070989780805,-0.044566005620472506,-0.03234230274757476,0.05629990983753921,0.005282675291147584,0.005282675291147584,-22.771460831606355,0.005053469951458953,0.0002292053396886329,0.6288899156128076,0.6288899156128076,-2.014253692225172,0.6016035656498754,0.027286349962932485,0.744038773401068,0.744038773401068,-1.2840443187971087,0.7117563311914018,0.0322824422096666
125.0,-80.0,0.0041914298624175636,0.010751260972764545,-0.0457207328121852,-0.03277241776980362,0.057424511074608414,0.005495827976868042,0.005495827976868042,-22.59966869446718,0.005273903710542618,0.00022192426632542485,0.6542652353414337,0.6542652353414337,-1.842461555085996,0.6278456798265021,0.026419555514931532,0.7740602784321187,0.7740602784321187,-1.1122521816579325,0.7428033395130447,0.03125693891907392
125.0,-75.0,0.00018100538235664334,0.012730727775810864,-0.0464641671336444,-0.03357180388712303,0.05872043116589774,0.005746679673947829,0.005746679673947829,-22.405830102291052,0.005476512384427345,0.0002701672895204839,0.6841285326128367,0.6841285326128367,-1.64862296290987,0.6519657600508745,0.03216277256196237,0.8093915033729335,0.8093915033729335,-0.9184135894818064,0.7713397724545555,0.03805173091837801
125.0,-70.0,-0.003610678231664914,0.014230092067094406,-0.04680129980523101,-0.034681716525967014,0.060072586444877264,0.006014384376848076,0.006014384376848076,-22.208088197656515,0.005655171977015796,0.00035921239983228255,0.7159981401009616,0.7159981401009616,-1.4508810582753324,0.6732347591685471,0.042763380932414594,0.847096391105363,0.847096391105363,-0.7206716848472692,0.7965030953543374,0.0505932957510257
125.0,-65.0,-0.007030924605332076,0.015233775022301065,-0.04675770992204306,-0.036036656987537316,0.06137121382396876,0.006277228591226575,0.006277228591226575,-22.022320558162836,0.005808069973785333,0.0004691586174412417,0.7472891180031638,0.7472891180031638,-1.2651134187816497,0.691436901641111,0.055852216362052585,0.8841167029896585,0.8841167029896585,-0.5349040453535864,0.8180380244768074,0.06607867851285093
125.0,-60.0,-0.00995087684751647,0.01574931730665846,-0.04637733544484374,-0.03756793370329295,0.06252413798973021,0.0065152928911998845,0.0065152928911998845,-21.860660560568853,0.005936871608847541,0.0005784212823523453,0.7756301060952245,0.7756301060952245,-1.103453421187668,0.7067704296247073,0.0688596764705173,0.9176468860844909,0.9176468860844909,-0.37324404775960496,0.8361790998376818,0.08146778624680918
125.0,-55.0,-0.012271760182719497,0.015804320766901716,-0.045718845617625056,-0.039207139390744335,0.06346483496156584,0.006712817313270053,0.006712817313270053,-21.730951718108077,0.006045545278785855,0.0006672720344841997,0.7991449182464349,0.7991449182464349,-0.9737445787268962,0.7197077712840303,0.07943714696240473,0.9454672272211342,0.9454672272211342,-0.24353520529883263,0.8514852505332189,0.09398197668791544
125.0,-50.0,-0.013928553838541902,0.015442268817783465,-0.04485087311057885,-0.04088926982250448,0.06415607129237784,0.0068598408611515865,0.0068598408611515865,-21.636859592094844,0.00613907737789655,0.000720763483255038,0.8166477215656651,0.8166477215656651,-0.879652452713662,0.7308425449876845,0.08580517657798072,0.9661747691762799,0.9661747691762799,-0.14944307928559833,0.8646587856192325,0.10151598355704759
125.0,-45.0,-0.014890948562818862,0.014717573254688832,-0.043846580718492865,-0.04255524570117926,0.06458961904980316,0.006952867678400761,0.006952867678400761,-21.578360356923667,0.0062223060370917805,0.0007305616413089795,0.8277223426667575,0.8277223426667575,-0.8211532175424827,0.7407507187014025,0.08697162396535471,0.979277137802924,0.979277137802924,-0.09094384411442036,0.8763811319847579,0.10289600581816612
125.0,-40.0,-0.015161734136150068,0.013690277531864223,-0.042778189167424985,-0.04415366817790064,0.06478288171209211,0.006994538153222496,0.006994538153222496,-21.552409565301005,0.0062990514034023184,0.0006954867498201737,0.8326831134788686,0.8326831134788686,-0.795202425919821,0.7498870718336094,0.08279604164525878,0.9851462187637317,0.9851462187637317,-0.06499305249175821,0.8871903385073687,0.09795588025636248
125.0,-35.0,-0.014773021678438887,0.01242090602267525,-0.041712126627941555,-0.04564172671294071,0.06477337262409572,0.0069924849318895865,0.0069924849318895865,-21.553684608168936,0.006371631098750522,0.0006208538331390638,0.8324386823678082,0.8324386823678082,-0.7964774687877519,0.7585275117560146,0.07391117061179332,0.9848570326605053,0.9848570326605053,-0.06626809535968882,0.8974128308099327,0.08744420185057236
125.0,-30.0,-0.013780908859004746,0.010965963845779806,-0.040705358758139125,-0.046985274408205,0.06461198073802012,0.006957682841445861,0.006957682841445861,-21.57535371988153,0.006440751999789615,0.0005169308416562462,0.8282955763626024,0.8282955763626024,-0.8181465805003469,0.7667561904511447,0.06153938591145789,0.9799553297811071,0.9799553297811071,-0.08793720707228314,0.9071481689844527,0.07280716079665439
125.0,-25.0,-0.012259325088578396,0.009374538824116952,-0.0398032420735798,-0.04815818317652827,0.06435589884559431,0.006902640240423151,0.006902640240423151,-21.609847610707057,0.006505694542450318,0.0003969456979728314,0.8217428857646607,0.8217428857646607,-0.8526404713258712,0.7744874455297999,0.04725544023486089,0.972202850763824,0.972202850763824,-0.12243109789780728,0.9162950059789181,0.05590784478490583
125.0,-20.0,-0.010293834462049947,0.007686324179535479,-0.03903896719883745,-0.04914118057958271,0.0640619949426496,0.006839737522033701,0.006839737522033701,-21.649605642038043,0.006564672990096554,0.00027506453193714667,0.8142544669087741,0.8142544669087741,-0.8923985026568605,0.781508689297209,0.03274577761156508,0.9633433129624931,0.9633433129624931,-0.16218912922879786,0.924601829591064,0.03874148337142911
125.0,-15.0,-0.007976113105093127,0.005931180730710401,-0.03843439112038989,-0.0499204379143334,0.06378126548979339,0.0067799233169479325,0.0067799233169479325,-21.687752181115062,0.006615265054271451,0.00016465826267648043,0.8071337282080873,0.8071337282080873,-0.9305450417338781,0.7875315540799348,0.019602174128152433,0.9549187770349199,0.9549187770349199,-0.20033566830581556,0.9317274724325988,0.023191304602321185
125.0,-10.0,-0.00539965111184487,0.0041301307091711325,-0.038001859916623144,-0.05048620645971485,0.06355480006750149,0.0067318624227866875,0.0067318624227866875,-21.718647681619167,0.006654840551011403,7.702187177528694e-05,0.8014121931888915,0.8014121931888915,-0.9614405422379803,0.7922429227394526,0.00916927044943892,0.9481496370122096,0.9481496370122096,-0.23123116880991681,0.9373014860579439,0.010848150954265764
125.0,-5.0,-0.0026569773055388586,0.002297476085615348,-0.03774652812982812,-0.05083176906078653,0.0634114110903642,0.006701520545698954,0.006701520545698954,-21.738266466000766,0.0066809578221945515,2.0562723504400766e-05,0.7978000649641613,0.7978000649641613,-0.9810593266195808,0.7953521216898275,0.0024479432743334246,0.9438761331970358,0.9438761331970358,-0.25084995319151787,0.940979974956979,0.002896158240056446
125.0,0.0,0.00016158658046850033,0.00044360952240600797,-0.03766868391930313,-0.05095288270404038,0.06336678075849696,0.0066920905132357355,0.0066920905132357355,-21.744381936610807,0.006691719022602122,3.7149063361186385e-07,0.7966774420518733,0.7966774420518733,-0.9871747972296225,0.7966332169764432,4.422507542998379e-05,0.9425479596106668,0.9425479596106668,-0.25696542380155957,0.9424956369862144,5.232262445237519e-05
125.0,5.0,0.002967909303379619,-0.0014219426658101729,-0.03776565912145326,-0.050847749262595186,0.06342372600634162,0.0067041237577968515,0.0067041237577968515,-21.736579772488756,0.006686073505414546,1.8050252382303765e-05,0.798109971166292,0.798109971166292,-0.9793726331075702,0.7959611315969698,0.0021488395693218766,0.944242782788289,0.944242782788289,-0.2491632596795071,0.9417004937203585,0.0025422890679301074
125.0,10.0,0.00567524547953067,-0.0032876482606930915,-0.03803300423313754,-0.05051740150332397,0.06357306275447856,0.006735731825568368,0.006735731825568368,-21.716152120360643,0.006664038444034535,7.169338153383252e-05,0.8018728363771868,0.8018728363771868,-0.958944980979458,0.7933379100041112,0.0085349263730753,0.9486946233194884,0.9486946233194884,-0.228735607551395,0.938596963948526,0.010097659370962325
125.0,15.0,0.00819723337747872,-0.005137558153428229,-0.03846472109780355,-0.04996627799419228,0.06379461454189864,0.006782761611863467,0.006782761611863467,-21.68593446457251,0.006626783388527926,0.00015597822333554277,0.8074716204599367,0.8074716204599367,-0.9287273251913266,0.7889027843485626,0.018568836111374137,0.9553185368821784,0.9553185368821784,-0.1985179517632641,0.9333497730321021,0.021968763850076442
125.0,20.0,0.01044730664613378,-0.006949521172415451,-0.03905247582015878,-0.049202729448982616,0.06405814947060263,0.00683891640398851,0.00683891640398851,-21.65012704865945,0.006576519151356401,0.00026239725263210945,0.814156714760537,0.814156714760537,-0.8929199092782649,0.7829189465900477,0.031237768170489226,0.9632276625335929,0.9632276625335929,-0.1627105358502018,0.9262703030079437,0.03695735952564922
125.0,25.0,0.012339064228033417,-0.008694084634935621,-0.03978387750914052,-0.04823927346149491,0.06432436573661758,0.006895877585068141,0.006895877585068141,-21.61410456667289,0.006516153841577274,0.00037972374349086696,0.8209378077462074,0.8209378077462074,-0.8568974272917073,0.7757326001877708,0.045205207558436544,0.9712503640941044,0.9712503640941044,-0.12668805386364423,0.9177681467010245,0.05348221739307985
125.0,30.0,0.01378799575574731,-0.010334079901626908,-0.040640108073167015,-0.047092577327894285,0.06454634968730696,0.006943555179390494,0.006943555179390494,-21.584181088747524,0.006448730113064593,0.0004948250663259031,0.8266137118322018,0.8266137118322018,-0.8269739493663419,0.7677059658410231,0.05890774599117894,0.9779655182240132,0.9779655182240132,-0.09676457593827888,0.9082718469105062,0.06969367131350748
125.0,35.0,0.014714743854813,-0.011824882735758272,-0.04159339571515832,-0.045783337134579265,0.06467206556716343,0.00697062921949626,0.00697062921949626,-21.567280175660866,0.00637672398065367,0.0005939052388425911,0.8298368118447929,0.8298368118447929,-0.8100730362796822,0.7591338072206751,0.070703004624118,0.9817787633093323,0.9817787633093323,-0.07986366285161874,0.8981301381202351,0.08364862518909734
125.0,40.0,0.015049818375832483,-0.013115369907550559,-0.042604980007221335,-0.044336344700893295,0.06464832359628196,0.006965512138526888,0.006965512138526888,-21.57046946611255,0.006301344517451975,0.0006641676210749128,0.8292276355389153,0.8292276355389153,-0.8132623267313652,0.7501600616014256,0.07906757393748962,0.9810580476798434,0.9810580476798434,-0.08305295330330183,0.8875133123171794,0.09354473536266376
125.0,45.0,0.014739390266550339,-0.01414963875548562,-0.04362425042066731,-0.04278101266255626,0.06442633135247815,0.006917757309803592,0.006917757309803592,-21.600346780634766,0.006222003863890447,0.0006957534459131466,0.8235425368813801,0.8235425368813801,-0.8431396412535817,0.7407147457012438,0.08282779118013651,0.9743320154652947,0.9743320154652947,-0.1129302678255184,0.8763385723789363,0.09799344308635868
125.0,50.0,0.01375152426466769,-0.014869575704100135,-0.04458960731414902,-0.041152438995270706,0.0639684689273645,0.006819781026989207,0.006819781026989207,-21.66229569668594,0.006136115964815873,0.0006836650621733327,0.8118786936891913,0.8118786936891913,-0.9050885573047558,0.7304899958114136,0.08138869787777772,0.9605325390125642,0.9605325390125642,-0.17487918387669282,0.8642416851853342,0.09629085382722997
125.0,55.0,0.012082006066531615,-0.015218315428328744,-0.045431298500832926,-0.03949279429413052,0.06325547944406167,0.0066686023599331614,0.0066686023599331614,-21.759651782231874,0.0060393305265611244,0.0006292718333720373,0.7938812333253765,0.7938812333253765,-1.0024446428506915,0.7189679198287054,0.07491331349667112,0.9392397690046707,0.9392397690046707,-0.2722352694226286,0.8506099333184683,0.08862983568620243
125.0,60.0,0.0097588293165691,-0.015144508474346384,-0.04607608605300095,-0.03785253202781381,0.06229294320739466,0.006467198927718217,0.006467198927718217,-21.892837801721655,0.005926226861597553,0.0005409720661206653,0.7699046342521687,0.7699046342521687,-1.1356306623404737,0.7055031978092324,0.06440143644293635,0.9108730884110164,0.9108730884110164,-0.40542128891241025,0.8346798396616271,0.07619324874938946
125.0,65.0,0.006844471871471716,-0.014607132030473917,-0.0464531986511585,-0.036290787188607496,0.061115759023739995,0.006225080011167482,0.006225080011167482,-22.058550621944406,0.005791398392721756,0.00043368161844572643,0.7410809537104145,0.7410809537104145,-1.3013434825632206,0.6894521896097328,0.05162876410068172,0.8767718325588003,0.8767718325588003,-0.5711341091351564,0.8156899144678529,0.06108191809094739
125.0,70.0,0.00343532663994782,-0.013580391327406424,-0.0465007351730431,-0.03487441852076012,0.05978939652248763,0.005957812866864943,0.005957812866864943,-22.249131419676136,0.00563077307541177,0.0003270397914531712,0.709263436531541,0.709263436531541,-1.4919242802949495,0.6703301280252109,0.038933308506329915,0.8391285727978794,0.8391285727978794,-0.761714906866886,0.7930666303396859,0.04606194245819313
125.0,75.0,-0.00034196601024323185,-0.012058136855226421,-0.04617158671721634,-0.03367544317737115,0.05840690454346397,0.005685476885897367,0.005685476885897367,-22.45233101736572,0.0054429565908365955,0.0002425202950607724,0.6768424864163533,0.6768424864163533,-1.6951238779845346,0.6479710227186424,0.028871463697711004,0.8007713923799108,0.8007713923799108,-0.9649145045564713,0.7666136043431825,0.034157788036728504
125.0,80.0,-0.00433708550750487,-0.01005721660227348,-0.04543805887900139,-0.03276700277596953,0.057081096539015844,0.005430291370748816,0.005430291370748816,-22.65176867038507,0.005230366219996825,0.00019992515075198882,0.6464632584224781,0.6464632584224781,-1.8945615310038857,0.6226626452377173,0.023800613184760577,0.764829770528002,0.764829770528002,-1.1643521575758229,0.7366712985911019,0.028158471936899833
125.0,85.0,-0.008384883968245839,-0.0076193012296880145,-0.04429465733461362,-0.03221834534457188,0.055932088066892406,0.005213874625041556,0.005213874625041556,-22.82839416264597,0.004999946281016754,0.00021392834402480325,0.6206993601239948,0.6206993601239948,-2.071187023264789,0.5952317001210421,0.02546766000295277,0.7343485387382472,0.7343485387382472,-1.3409776498367263,0.7042177860586977,0.030130752679549754
125.0,90.0,-0.01231562839850991,-0.004810924290687918,-0.04275885034004799,-0.0320894992360487,0.05507154382259414,0.005054672481501998,0.005054672481501998,-22.963069793577517,0.004763313186694843,0.0002913592948071552,0.6017467239883332,0.6017467239883332,-2.205862654196335,0.567061093654148,0.03468563033418514,0.7119257016199997,0.7119257016199997,-1.4756532807682723,0.6708891812246258,0.04103652039537396
125.0,95.0,-0.015965631879386002,-0.0017217020044306584,-0.04086993234658342,-0.032426317890845,0.05458647379225523,0.004966021540152299,0.004966021540152299,-23.03991401022092,0.004536255566549089,0.0004297659736032092,0.5911930404943213,0.5911930404943213,-2.2827068708397356,0.5400304245891774,0.05116261590514396,0.6994396535425772,0.6994396535425772,-1.552497497411673,0.6389092347252238,0.06053041881735341
125.0,100.0,-0.019187327087351155,0.0015391244847451835,-0.03868630560156404,-0.03325643010954604,0.054526533079458366,0.004955121277940435,0.004955121277940435,-23.049457115731073,0.004337598451324565,0.0006175228266158695,0.5898953902310042,0.5898953902310042,-2.292249976349887,0.5163807680148292,0.07351462221617494,0.6979044053437232,0.6979044053437232,-1.5620406029218241,0.6109293593414881,0.08697504600223513
125.0,105.0,-0.02185798122761187,0.004847575403652177,-0.03628155266109371,-0.03458642466583931,0.054898471429596474,0.005022951939313091,0.005022951939313091,-22.990409772437907,0.004187521070239651,0.000835430869073439,0.5979704689658443,0.5979704689658443,-2.233202633056723,0.4985144131237681,0.09945605584207609,0.7074580196215622,0.7074580196215622,-1.5029932596286597,0.5897917000337537,0.11766631958780831
125.0,110.0,-0.023886421324024732,0.00807095045468755,-0.03373963312426389,-0.03640041346854914,0.05566915042419907,0.00516496883293354,0.00516496883293354,-22.869322948076366,0.004105491518407856,0.001059477314525684,0.6148772420158977,0.6148772420158977,-2.1121158086951812,0.48874899028664953,0.1261282517292481,0.7274603990047239,0.7274603990047239,-1.3819064352671178,0.5782382420292754,0.14922215697544844
125.0,115.0,-0.02521729915451686,0.011074650872456432,-0.031149476917560256,-0.03865999863123308,0.0567753949788089,0.005372282558889391,0.005372282558889391,-22.69841153386176,0.004108045562175738,0.001264236996713655,0.6395574474868324,0.6395574474868324,-1.9412043944805726,0.48905304311615927,0.15050440437067322,0.7566595153365341,0.7566595153365341,-1.2109950210525091,0.5785979665036249,0.17806154883290914
125.0,120.0,-0.02583258500992045,0.013729424131045083,-0.028599232521039224,-0.04130561112405514,0.05813681403714023,0.005633015868564265,0.005633015868564265,-22.49259025327726,0.004206683579552694,0.0014263322890115697,0.6705971272100316,0.6705971272100316,-1.7353831138960754,0.5007956642324637,0.16980146297756782,0.7933825166991921,0.7933825166991921,-1.0051737404680126,0.5924906450074218,0.20089187169177036
125.0,125.0,-0.025750169597462833,0.01591856535949772,-0.026170490584062765,-0.044259152696419946,0.05966773945959604,0.00593359209697597,0.00593359209697597,-22.266823124380192,0.0044061748192054774,0.0015274172777704933,0.7063800115447585,0.7063800115447585,-1.5096159849990105,0.5245446213339854,0.18183539021077305,0.8357171967571789,0.8357171967571789,-0.7794066115709474,0.6205880027049968,0.21512919405218212
125.0,130.0,-0.025019693514022598,0.017544524480777063,-0.023932918020440418,-0.047427813123501354,0.06128602961069594,0.0062598149001703695,0.0062598149001703695,-22.034385084865534,0.004703525893609132,0.0015562890065612357,0.7452160595440916,0.7452160595440916,-1.2771779454843495,0.5599435587629921,0.1852725007810995,0.8816640704465308,0.8816640704465308,-0.5469685720562865,0.6624684357195961,0.21919563472693457
125.0,135.0,-0.023716001233383976,0.01853433857304783,-0.021939841353811815,-0.0507088288155788,0.06291829924052576,0.006597698529733562,0.006597698529733562,-21.80607532662206,0.005087783400562406,0.001509915129171157,0.7854403011587575,0.7854403011587575,-1.0488681872408778,0.6056885000669532,0.17975180109180444,0.9292533140469805,0.9292533140469805,-0.31865881381281497,0.7165892113468177,0.21266410270016295
125.0,140.0,-0.02193088839134807,0.018843384957895785,-0.02022533734544428,-0.05399481120177691,0.06450225523001328,0.006934071522486301,0.006934071522486301,-21.59011683063104,0.0055407093116623405,0.001393362210823958,0.8254847050578931,0.8254847050578931,-0.8329096912498568,0.6596082513883739,0.16587645366951884,0.976629791899479,0.976629791899479,-0.10270031782179381,0.7803815931918789,0.19624819870759974
125.0,145.0,-0.01976402243919945,0.01845714548341689,-0.018803274597740435,-0.0571791514275006,0.06598712977498165,0.007256997858271866,0.007256997858271866,-21.392430050899954,0.006038221900907311,0.0012187759573645566,0.8639283164609365,0.8639283164609365,-0.6352229115187701,0.7188359405842039,0.14509237587673293,1.0221123744044882,1.0221123744044882,0.0949864619092936,0.8504537888601846,0.17165858554430374
125.0,150.0,-0.0173140214793756,0.01739095010664664,-0.01766850111447192,-0.06016095987598763,0.06733303431624361,0.007556051170000379,0.007556051170000379,-21.217051096737674,0.006552374006724838,0.0010036771632755427,0.8995299011905213,0.8995299011905213,-0.459843957356489,0.7800445246100999,0.11948537658042177,1.0642325591549828,1.0642325591549828,0.27036541607157405,0.9228695784119492,0.1413629807430342
125.0,155.0,-0.014670649085754543,0.015687953940734002,-0.016800042387558903,-0.06284906509055044,0.06850975295842165,0.007822459460648272,0.007822459460648272,-21.066566788768636,0.0070535778357295655,0.0007688816249187023,0.9312451738866989,0.9312451738866989,-0.3093596493874525,0.8397116471106626,0.09153352677603599,1.1017548536124324,1.1017548536124324,0.42084972404061083,0.9934616670041642,0.10829318660826792
125.0,160.0,-0.011908923204547358,0.013415814798987468,-0.01616585208369486,-0.06516477750511974,0.06949524832314939,0.008049126269037329,0.008049126269037329,-20.942512596482775,0.007512794673502951,0.0005363315955343811,0.9582293177425393,0.9582293177425393,-0.18530545710158985,0.894380318274161,0.0638489994683787,1.1336797562024408,1.1336797562024408,0.5449039163264736,1.0581400948595705,0.07553966134287057
125.0,165.0,-0.009085668901731906,0.010662622746134182,-0.015728435751105906,-0.06704337583625201,0.07027402676605264,0.008230537492519393,0.008230537492519393,-20.84571802404615,0.007903477025737234,0.0003270604667821552,0.9798258919665943,0.9798258919665943,-0.08851088466497008,0.9408901221115756,0.038935769855018475,1.1592306327492101,1.1592306327492101,0.6416984887630934,1.11316577827285,0.046064854476359884
125.0,170.0,-0.006238715889866553,0.007532581074315917,-0.015450604530078689,-0.06843452686815048,0.07083549252746192,0.008362581321173462,0.008362581321173462,-20.776596459457735,0.008203149487916993,0.00015943183325646792,0.9955453953777932,0.9955453953777932,-0.019389320076552183,0.9765654152282136,0.018979980149579516,1.1778283550948536,1.1778283550948536,0.7108200533515106,1.1553731673122525,0.022455187782601114
125.0,175.0,-0.003388616358559836,0.0041417867934241135,-0.015300705916086866,-0.06930203160956704,0.07117246873202927,0.008442334948589534,0.008442334948589534,-20.735374212602128,0.008394607541891199,4.772740669833847e-05,1.0050398748320875,1.0050398748320875,0.021832926779053113,0.9993580407013333,0.00568183413075458,1.189061260364723,1.189061260364723,0.7520423002071163,1.1823390904072109,0.006722169957512461
125.0,180.0,-0.0005424969359401748,0.0006142699839425489,-0.015256857199104773,-0.06962335762057235,0.07128011818519008,0.008467892584946408,0.008467892584946408,-20.722246596347848,0.008466773227086336,1.1193578600716328e-06,1.0080824505888584,1.0080824505888584,0.034960543033337954,1.0079491937007543,0.00013325688810376582,1.1926609274572406,1.1926609274572406,0.7651699164614006,1.1925032714206105,0.00015765603662980742
130.0,-180.0,-0.0005003516137287184,0.0006712667410885372,-0.01436808492502666,-0.06826420233038244,0.06976492051877664,0.008111715786976694,0.008111715786976694,-20.908872742718398,0.008110547563207235,1.1682237694605767e-06,0.965680450830559,0.965680450830559,-0.1516656033372157,0.96554137657229,0.0001390742582691163,1.1424951812643234,1.1424951812643234,0.5785437700908482,1.1423306427052444,0.00016453855907895448
130.0,-175.0,0.0024045893965170236,-0.0030342120237824848,-0.014439843498717419,-0.0680136719036466,0.0696373257589308,0.008082071491809808,0.008082071491809808,-20.924773122253214,0.008057091259036284,2.498023277352656e-05,0.9621513680725963,0.9621513680725963,-0.1675659828720274,0.9591775308376529,0.0029738372349436383,1.1383199284239167,1.1383199284239167,0.5626433905560364,1.1348015857797582,0.0035183426441586702
130.0,-170.0,0.005303372585932695,-0.006622214337825096,-0.01465104404392572,-0.06718321291332557,0.06928359598386624,0.008000172643939403,0.008000172643939403,-20.969006408204073,0.007880209664289662,0.00011996297964974133,0.9524015052308814,0.9524015052308814,-0.21179926882288783,0.9381201981297218,0.014281307101159683,1.1267848794280848,1.1267848794280848,0.518410104605175,1.1098886851112202,0.016896194316864975
130.0,-165.0,0.008187759205134546,-0.009968191314241821,-0.015018122682758863,-0.06579464496833877,0.06870868616341556,0.00786795389530522,0.00786795389530522,-21.041381936272813,0.0075906200309088364,0.00027733386439638427,0.9366611780125262,0.9366611780125262,-0.28417479689162867,0.9036452417748616,0.03301593623766479,1.1081625204655239,1.1081625204655239,0.4460345765364346,1.0691014128040615,0.03906110766146257
130.0,-160.0,0.011039743642186458,-0.012954695716266984,-0.015567471012532344,-0.06388614742648738,0.06792264767742184,0.007688962300865774,0.007688962300865774,-21.141322684453073,0.007206140207739781,0.00048282209312599026,0.9153526548649732,0.9153526548649732,-0.3841155450718887,0.8578738342547358,0.05747882061023694,1.082952436741658,1.082952436741658,0.34609382835617364,1.0149493250337718,0.06800311170788595
130.0,-155.0,0.013827203772754012,-0.01547557333995631,-0.016331768560767675,-0.06151233494738451,0.06694160850603555,0.007468455632243377,0.007468455632243377,-21.2676919466874,0.006750664318800409,0.0007177913134429688,0.8891018609813546,0.8891018609813546,-0.5104848073062169,0.8036505141429058,0.08545134683844866,1.051895159470898,1.051895159470898,0.21972456612184557,0.9507977913803392,0.10109736809055898
130.0,-150.0,0.016501242313054637,-0.017440315843228145,-0.017344944521214888,-0.05874372534737011,0.06578850950368897,0.00721337669724141,0.00721337669724141,-21.41861387474218,0.006252639973685431,0.0009607367235559801,0.8587353211001679,0.8587353211001679,-0.6614067353609948,0.7443619016292181,0.11437341947095002,1.0159685489072408,1.0159685489072408,0.06880263806706823,0.8806535174204833,0.13531503148675775
130.0,-145.0,0.018995768912826488,-0.018778399284357757,-0.018636286936762697,-0.05566528911497568,0.06449343469932002,0.006932175216424353,0.006932175216424353,-21.59130468669526,0.005743090703057811,0.0011890845133665409,0.8252589543362324,0.8252589543362324,-0.8340975473140756,0.683701274173549,0.14155768016268344,0.9763627065386412,0.9763627065386412,-0.10388817388601176,0.8088860145151846,0.16747669202345644
130.0,-140.0,0.02122966761996476,-0.019443288161689623,-0.020224448087025483,-0.052373880075389526,0.06309351675385319,0.0066344967912138715,0.0066344967912138715,-21.7819201162196,0.005253295594741662,0.0013812011964722086,0.78982104657308,0.78982104657308,-1.0247129768384144,0.6253923327073408,0.16442871386573912,0.9344361677766015,0.9344361677766015,-0.29450360341035176,0.7399007879917834,0.19453537978481808
130.0,-135.0,0.02311158277897499,-0.019415665235218534,-0.02211221873947754,-0.0489745344514022,0.06163252840334858,0.006330798447773078,0.006330798447773078,-21.985415127955935,0.0048123120301449655,0.0015184864176281125,0.7536664818777474,0.7536664818777474,-1.2282079885747537,0.5728942893029721,0.18077219257477534,0.8916617532074756,0.8916617532074756,-0.49799861514669075,0.677790426780981,0.21387132642649476
130.0,-130.0,0.02454697752724778,-0.01870540035875312,-0.024282895925182027,-0.04557584788132858,0.06016031127678508,0.006031962980616135,0.006031962980616135,-22.195413324836856,0.004444590197173458,0.0015873727834426765,0.7180908310257305,0.7180908310257305,-1.4382061854556694,0.5291178806158879,0.18897295040984244,0.849572250791005,0.849572250791005,-0.7079968120276061,0.6259986193202053,0.2235736314707995
130.0,-125.0,0.025446744360483723,-0.017351833378844297,-0.026698837436485167,-0.04228483512468568,0.058732087670511926,0.005748961429904667,0.005748961429904667,-22.404106050495827,0.0041679604765965505,0.001581000953308116,0.684400170226746,0.684400170226746,-1.646898911114644,0.4961857710233989,0.18821439920334718,0.8097128774513614,0.8097128774513614,-0.9166895376865805,0.5870366868445845,0.22267619060677687
130.0,-120.0,0.025736360672231357,-0.015422121774034675,-0.029302432626091484,-0.039201786622804706,0.05740744492564421,0.0054925618217041144,0.0054925618217041144,-22.602250461646012,0.003992260333007474,0.001500301488696638,0.6538764073457279,0.6538764073457279,-1.8450433222648268,0.47526908726279454,0.1786073200829331,0.7736002565780442,0.7736002565780442,-1.1148339488367638,0.5622901877475315,0.2113100688305124
130.0,-115.0,0.025364453892643003,-0.01300765780086311,-0.03201931916470476,-0.036415628600262796,0.05624846210217551,0.005273024920409627,0.005273024920409627,-22.779401761802344,0.003918799020184398,0.0013542259002252296,0.6277410619535271,0.6277410619535271,-2.0221946224211607,0.46652369287909506,0.16121736907443213,0.7426795662548771,0.7426795662548771,-1.2919852489930972,0.5519435239696334,0.19073604228524363
130.0,-110.0,0.02430970400710245,-0.010218827267560522,-0.03476334313619813,-0.03400017909174641,0.05531625750096489,0.005099693762356652,0.005099693762356652,-22.924559025906586,0.003940744166763919,0.0011589495955927342,0.6071064002805538,0.6071064002805538,-2.167351886525404,0.469136210329038,0.13797018995151597,0.7182667270924862,0.7182667270924862,-1.4371425130973405,0.555034389685059,0.16323233740742732
130.0,-105.0,0.022585250009141706,-0.007178593240905358,-0.03744256951703213,-0.03201151764769706,0.05466542776783523,0.004980397654743803,0.004980397654743803,-23.027359800583035,0.004044376841723181,0.0009360208130206218,0.5929044827075955,0.5929044827075955,-2.2701526612018523,0.48147343353847394,0.11143104916912164,0.70146445841462,0.70146445841462,-1.5399432877737889,0.5696305410877719,0.13183391732684813
130.0,-100.0,0.02024012131102085,-0.004015497180902197,-0.03996562299099853,-0.03048651271164513,0.05433659178371978,0.004920659418172859,0.004920659418172859,-23.079766934757572,0.00421103158920385,0.0007096278289690085,0.5857927878777214,0.5857927878777214,-2.3225597953763906,0.5013132844290299,0.08447950344869148,0.6930506222778675,0.6930506222778675,-1.5923504219483273,0.5931030407329367,0.09994758154493075
130.0,-95.0,0.017357602513933902,-0.000856670261548479,-0.042247742687615226,-0.02944242665596227,0.05434839922720272,0.004922798187600065,0.004922798187600065,-23.07787967966467,0.004419442964578541,0.000503355223021524,0.586047403285722,0.586047403285722,-2.320672540283483,0.5261241624498263,0.05992324083589572,0.6933518574084598,0.6933518574084598,-1.5904631668554194,0.6224567555744425,0.07089510183401747
130.0,-90.0,0.01405078395815254,0.002178633260485684,-0.04421610257631544,-0.02887746243502682,0.05469133876993692,0.0049851201158328876,0.0049851201158328876,-23.02324372956148,0.0046481764327168645,0.0003369436831160234,0.5934666804562961,0.5934666804562961,-2.2660365901802964,0.5533543372281982,0.04011234322809802,0.70212959377928,0.70212959377928,-1.5358272167522322,0.6546727370023753,0.0474568567769047
130.0,-85.0,0.010455805417278072,0.004984587435320649,-0.04581411272677133,-0.02877211394731248,0.055325739441626824,0.005101442222580726,0.005101442222580726,-22.923070276740418,0.004877830859287974,0.00022361136329275238,0.6073145503072294,0.6073145503072294,-2.1658631373592327,0.580694149915235,0.026620400391994335,0.7185129890958769,0.7185129890958769,-1.4356537639311695,0.68701843088563,0.03149455821024681
130.0,-80.0,0.00672345825572489,0.007473156708112791,-0.04700453095466428,-0.02909120241569621,0.05618520223652744,0.00526117096884401,0.00526117096884401,-22.789175849887986,0.005092753333110123,0.00016841763573388635,0.6263298772433346,0.6263298772433346,-2.0319687105068005,0.6062801587035862,0.02004971853974838,0.7410099956118323,0.7410099956118323,-1.3017593370787373,0.7172892018464962,0.023720793765336107
130.0,-75.0,0.003009890596199566,0.00957709588131203,-0.047771272764292765,-0.029786492402903795,0.05718487420734297,0.005450054665165492,0.005450054665165492,-22.635991416388322,0.005282091610688002,0.00016796305447748904,0.6488160315673205,0.6488160315673205,-1.8787842770071395,0.6288204298438097,0.019995601723510597,0.7676133331219002,0.7676133331219002,-1.1485749035790764,0.743956564885634,0.023656768236266057
130.0,-70.0,-0.0005328165025843253,0.011251498928217942,-0.04811983566834966,-0.03079976766904833,0.058232502906653834,0.005651574178654662,0.005651574178654662,-22.478305677766436,0.005440112291243299,0.00021146188741136054,0.6728064498398407,0.6728064498398407,-1.7210985383852493,0.6476324156242023,0.025174034215638158,0.7959963631907974,0.7959963631907974,-0.9908891649571863,0.7662129987666618,0.029783364424135282
130.0,-65.0,-0.0037654556490894337,0.012473884297205211,-0.048076291131763746,-0.03206621155779462,0.05923975133608065,0.005848775772075807,0.005848775772075807,-22.32935028118096,0.005565821695375314,0.00028295407670049174,0.6962828300090247,0.6962828300090247,-1.5721431417997789,0.6625978208780137,0.03368500913101092,0.8237712355036345,0.8237712355036345,-0.8419337683717167,0.7839185486444105,0.039852686859224176
130.0,-60.0,-0.00656920800382066,0.013242883792869994,-0.04768487410266181,-0.033517893847724876,0.06013172948720983,0.00602623284595176,0.00602623284595176,-22.199540917535494,0.005662027318055854,0.0003642055278959057,0.7174086721371143,0.7174086721371143,-1.4423337781543077,0.6740508711971256,0.04335780093998877,0.8487651895706703,0.8487651895706703,-0.7121244047262452,0.7974686363458949,0.051296553224775436
130.0,-55.0,-0.008851322551373154,0.013575688185470699,-0.047004323066937,-0.035087133699490056,0.06085358295815006,0.006171785529731509,0.006171785529731509,-22.095891741306794,0.0057340538079316975,0.0004377317217998122,0.7347363725870845,0.7347363725870845,-1.338684601925611,0.6826254533252021,0.05211091926188242,0.8692655675678183,0.8692655675678183,-0.6084752284975472,0.807613212384746,0.06165235518307215
130.0,-50.0,-0.010548604064951787,0.013504492547525442,-0.04610327299955525,-0.03670949992162413,0.06137380167834262,0.006277757989129835,0.006277757989129835,-22.02195430593822,0.005788362241041489,0.000489395748088343,0.7473521415630756,0.7473521415630756,-1.2647471665570353,0.6890907429811297,0.0582613985819456,0.8841912660746246,0.8841912660746246,-0.534537793128972,0.8152622874706323,0.06892897860399197
130.0,-45.0,-0.011628581434697366,0.013072270043681448,-0.04505514204677109,-0.03832623216495612,0.06168447168530469,0.006341474012442423,0.006341474012442423,-21.97809782959694,0.0058313057810799145,0.000510168231362509,0.7549373824336217,0.7549373824336217,-1.220890690215755,0.6942030691761804,0.06073431325744154,0.8931653538651301,0.8931653538651301,-0.4906813167876906,0.8213106733915373,0.0718546804735928
130.0,-40.0,-0.012088464116114838,0.012328272498391187,-0.04393303985461655,-0.0398859209256769,0.06179899632225318,0.006365043289409451,0.006365043289409451,-21.96198638312334,0.005868192882286293,0.000496850407123158,0.7577432487392205,0.7577432487392205,-1.204779243742156,0.6985943907483683,0.05914885799085214,0.8964849703393594,0.8964849703393594,-0.4745698703140929,0.8265060397586328,0.06997893058072648
130.0,-35.0,-0.011952208382486257,0.011323693869852854,-0.042805231697719576,-0.041345366576005446,0.06174794349673714,0.006354531169796101,0.006354531169796101,-21.969164856892633,0.005902739600135331,0.0004517915696607709,0.7564918059281073,0.7564918059281073,-1.2119577175114513,0.7027070952542062,0.0537847106739013,0.8950043901121267,0.8950043901121267,-0.48174834408338857,0.831371774666948,0.063632615445179
130.0,-30.0,-0.011266183935057328,0.010107921930880117,-0.041731608282456374,-0.04266963892388876,0.0615737135631329,0.006318721473237601,0.006318721473237601,-21.993707877444034,0.005936902158189243,0.00038181931504835517,0.7522287468140002,0.7522287468140002,-1.2365007380628503,0.7067740664511004,0.04545468036289943,0.8899607708785353,0.8899607708785353,-0.5062913646347873,0.8361834025618653,0.05377736831666974
130.0,-25.0,-0.01009404045381886,0.008725732227022994,-0.04076144897549338,-0.04383146388866606,0.06132471773099511,0.006267720679489249,0.006267720679489249,-22.028903660738187,0.005971014243655684,0.00029670643583356416,0.7461572237487202,0.7461572237487202,-1.2716965213570053,0.7108350290066292,0.03532219474209097,0.8827775604914434,0.8827775604914434,-0.5414871479289425,0.8409879216416457,0.041789638849797764
130.0,-20.0,-0.008511411627572171,0.007215648111110941,-0.039932558037707795,-0.044810152835702936,0.061049723129194516,0.006211634816429843,0.006211634816429843,-22.06794084474595,0.0060041235292788596,0.00020751128715098028,0.7394803352892669,0.7394803352892669,-1.310733705364771,0.7147766106284357,0.024703724660830987,0.8748781431591326,0.8748781431591326,-0.5805243319367078,0.8456512013068817,0.02922694185225074
130.0,-15.0,-0.006601051948562921,0.005609520673020167,-0.039271641909281986,-0.045590342553865675,0.06079294203637751,0.006159491223697394,0.006159491223697394,-22.10455159242414,0.0060344264884281485,0.00012506473526924787,0.7332727647258804,0.7332727647258804,-1.347344453042956,0.7183841057652558,0.014888658960624745,0.867533975168647,0.867533975168647,-0.6171350796148934,0.8499192237222744,0.017614751446372937
130.0,-10.0,-0.004448877416611545,0.003933207108054959,-0.0387956225030941,-0.046160815298000604,0.06059029479051574,0.006118495558456867,0.006118495558456867,-22.13355350890503,0.006059725895645398,5.87696628114688e-05,0.7283923283877223,0.7283923283877223,-1.3763463695238505,0.7213959399577856,0.006996388429936762,0.8617599378108264,0.8617599378108264,-0.6461369960957866,0.8534825205134364,0.00827741729738997
130.0,-5.0,-0.002141188852766785,0.0022080842367124274,-0.038513475834442513,-0.04651361580837795,0.0604670538567839,0.006093630776444616,0.006093630776444616,-22.15123863964771,0.006077863938397652,1.5766838046963586e-05,0.7254322352910259,0.7254322352910259,-1.3940315002665242,0.7235552307616254,0.001877004529400427,0.8582578558372698,0.8582578558372698,-0.663822126838462,0.8560371744222046,0.0022206814150652937
130.0,0.0,0.00023687326036285334,0.000453054789947535,-0.03842815634825013,-0.046643586775308006,0.06043681622302264,0.0060875378417489835,0.0060875378417489835,-22.15558326079291,0.0060871022393711016,4.356023778848218e-07,0.7247068859224981,0.7247068859224981,-1.398376121411722,0.7246550284965597,5.1857425938669265e-05,0.8573996960209835,0.8573996960209835,-0.6681667479836593,0.8573383435733944,6.135244758941152e-05
130.0,5.0,0.0026018195857896915,-0.00131330245857844,-0.03853820606396553,-0.046548329091587105,0.06050152474402667,0.006100580436438367,0.006100580436438367,-22.14628842308926,0.006086423722449879,1.415671398848837e-05,0.7262595757664724,0.7262595757664724,-1.3890812837080737,0.7245742526726047,0.0016853230938676633,0.8592366811885023,0.8592366811885023,-0.6588719102800112,0.857242777809842,0.0019939033786603336
130.0,10.0,0.004871609396414503,-0.003070732983618844,-0.03883873644433891,-0.04622848868986557,0.06065214418559139,0.00613099321653698,0.00613099321653698,-22.12469164385274,0.006075724553336749,5.5268663200228825e-05,0.729880144825831,0.729880144825831,-1.3674845044715556,0.7233005420638987,0.006579602761932004,0.8635201713432366,0.8635201713432366,-0.6372751310434922,0.8557358525826406,0.007784318760595608
130.0,15.0,0.006965230793577899,-0.00479566204913559,-0.03932159408498401,-0.045688207515576444,0.0608696384239955,0.006175042658035681,0.006175042658035681,-22.09360037892505,0.0060558574417691954,0.00011918521626648616,0.7351241259566287,0.7351241259566287,-1.3363932395438651,0.720935409734428,0.014188716222200736,0.8697243180331944,0.8697243180331944,-0.6061838661158021,0.8529376678548163,0.01678665017837833
130.0,20.0,0.00880257372226037,-0.006460017243714822,-0.039974670113305834,-0.044935572574018146,0.061126075124674904,0.006227181726818872,0.006227181726818872,-22.057084601493177,0.0060284911962462375,0.0001986905305726344,0.7413311579546277,0.7413311579546277,-1.2998774621119933,0.7176775233626473,0.023653634591980284,0.8770678488477284,0.8770678488477284,-0.5696680886839303,0.8490832670769349,0.027984581770793573
130.0,25.0,0.010305056885893395,-0.008030559331245326,-0.04078048103008015,-0.043982956299188025,0.06138592801656712,0.006280238974017794,0.006280238974017794,-22.020238302878642,0.005995772208140176,0.00028446676587761836,0.7476474969068801,0.7476474969068801,-1.263031163497462,0.7137824057309734,0.03386509117590695,0.8845407005658864,0.8845407005658864,-0.532821790069398,0.8444749588929825,0.04006574167290399
130.0,30.0,0.011397343408501712,-0.009468729908777321,-0.04171432142242711,-0.04284724252403183,0.0616078492280282,0.006325729449050571,0.006325729449050571,-21.98889386763812,0.00595981093166486,0.0003659185173857109,0.7530630296488774,0.7530630296488774,-1.231686728256936,0.7095013013886737,0.04356172826020368,0.8909478097254324,0.8909478097254324,-0.5014773548288722,0.8394099903753323,0.05153781935010013
130.0,35.0,0.01201028936830188,-0.01073102957963501,-0.04274243790917286,-0.041550032691422156,0.061747253069485565,0.006354389065728698,0.006354389065728698,-21.969261977672666,0.005922062506701861,0.0004323265590268357,0.7564748887772259,0.7564748887772259,-1.2120548382914833,0.7050074412740311,0.05146744750319472,0.8949843754547461,0.8949843754547461,-0.48184546486342006,0.834093310803079,0.06089106465166699
130.0,40.0,0.012085036038510487,-0.011769969373034036,-0.0438207590775098,-0.04011797623296737,0.06175994833427525,0.006357002265206174,0.006357002265206174,-21.967476338162996,0.005882712980541623,0.00047428928466455096,0.756785983953116,0.756785983953116,-1.2102691987818148,0.7003229738740028,0.05646301007911322,0.8953524317191796,0.8953524317191796,-0.480059825353751,0.828551124019947,0.06680130769923252
130.0,45.0,0.011577911922362377,-0.012535665315845278,-0.044894700593566345,-0.038583330744429996,0.06160680564769537,0.006325515146781762,0.006325515146781762,-21.98904099987022,0.005840208331182576,0.0004853068155991877,0.7530375174740194,0.7530375174740194,-1.231833860489036,0.6952628965693542,0.0577746209046652,0.8909176263072905,0.8909176263072905,-0.5016244870609721,0.8225645536876868,0.0683530726196039
130.0,50.0,0.010465591881817523,-0.012978142086492752,-0.04590043021874677,-0.03698473034328007,0.0612591263264923,0.00625432025102273,0.00625432025102273,-22.03819884575165,0.005791063189182833,0.0004632570618398977,0.7445619346455633,0.7445619346455633,-1.2809917063704708,0.6894122844265279,0.05514965021903545,0.8808901762003846,0.8808901762003846,-0.550782332942408,0.8156427027018076,0.06524747349857714
130.0,55.0,0.008749806904997331,-0.013050355212589161,-0.04676773787381466,-0.03536796618343462,0.0607040791861297,0.006141497361612401,0.006141497361612401,-22.117257303890035,0.005730055568059169,0.0004114417935532324,0.7311306382871907,0.7311306382871907,-1.3600501645088494,0.6821494723879963,0.04898116589919434,0.8649996283961127,0.8649996283961127,-0.629840791080787,0.8070500800083336,0.05794954838777921
130.0,60.0,0.006460844656318588,-0.012711830370536064,-0.04742435751469177,-0.03378643319877085,0.05994936112268979,0.005989735385625011,0.005989735385625011,-22.225923634372883,0.005650854794274136,0.0003388805913508738,0.71306373638393,0.71306373638393,-1.468716494991698,0.6727208088421592,0.04034292754177069,0.8436247022007057,0.8436247022007057,-0.7385071215636351,0.7958950414470615,0.047729660753644196
130.0,65.0,0.0036591523021172884,-0.011932675611243922,-0.047801298419448704,-0.032300842508177906,0.059026152679440044,0.0058066743669066,0.0058066743669066,-22.360725281290463,0.005547050245393596,0.0002596241215130066,0.6912707579650715,0.6912707579650715,-1.6035181419092803,0.6603631244516186,0.03090763351345317,0.8178414601276902,0.8178414601276902,-0.873308768481217,0.7812746824498022,0.036566777677888254
130.0,70.0,0.00043455289846792164,-0.010697589260864039,-0.04783853381435855,-0.030977875931304823,0.057989493590982155,0.005604503574537307,0.005604503574537307,-22.51462849507389,0.005413462654928773,0.00019104091960853677,0.6672028064925366,0.6672028064925366,-1.757421355692705,0.6444598398724729,0.022742966620063903,0.7893667006390573,0.7893667006390573,-1.0272119822646415,0.7624595288632074,0.02690717177585025
130.0,75.0,-0.0030971111279107016,-0.009009407525726819,-0.04749031543197939,-0.029887651576224496,0.056915404750154816,0.005398811638678617,0.005398811638678617,-22.677018245401513,0.005247546000187938,0.0001512656384906779,0.6427156712712639,0.6427156712712639,-1.91981110602033,0.6247078571652307,0.018007814106033086,0.7603960054476925,0.7603960054476925,-1.1896017325922668,0.7390909859419631,0.021305019505729283
130.0,80.0,-0.00679974541560965,-0.0068917404307088015,-0.046729448161726216,-0.029100115777262462,0.05589446025887457,0.0052068618104376165,0.0052068618104376165,-22.834239483010286,0.005050644450974798,0.0001562173594628168,0.6198645012425734,0.6198645012425734,-2.0770323436291065,0.6012671965446189,0.01859730469795438,0.7333608183714951,0.7333608183714951,-1.3468229702010437,0.7113583733767321,0.022002444994762928
130.0,85.0,-0.01052469810584787,-0.004390333152120174,-0.045550042497192376,-0.02868069775863759,0.05502211456154874,0.005045602948205798,0.005045602948205798,-22.970869282512325,0.00482886756195208,0.00021673538625371772,0.6006670176435475,0.6006670176435475,-2.2136621431311427,0.5748651859466762,0.02580183169687116,0.7106483025641969,0.7106483025641969,-1.4834527697030797,0.6801221918242366,0.03052611073996024
130.0,90.0,-0.01411966630818453,-0.001572934521740838,-0.04396850549861923,-0.02868569711898636,0.05438692668875947,0.004929780183259052,0.004929780183259052,-23.07172445291932,0.004593389608875964,0.00033639057438308764,0.5868785932451253,0.5868785932451253,-2.3145173135381345,0.5468320962947577,0.04004649695036758,0.6943352370787397,0.6943352370787397,-1.584307940110071,0.6469562829402766,0.04737895413846305
130.0,95.0,-0.0174379917983204,0.001472386493712958,-0.04202276574377378,-0.02915789833601123,0.05405873986761448,0.004870464183066804,0.004870464183066804,-23.124296460671403,0.00436005707455396,0.0005104071085128434,0.57981716465081,0.57981716465081,-2.367089321290216,0.5190544136373763,0.060762751013433744,0.6859808708544793,0.6859808708544793,-1.6368799478621534,0.6140925457118254,0.071888325142654
130.0,100.0,-0.020347530834054172,0.004640398750704237,-0.039769902977067714,-0.030122840773917147,0.054079441849047116,0.004874195219550393,0.004874195219550393,-23.120970805933077,0.0041482868019478885,0.0007259084176025039,0.5802613356607612,0.5802613356607612,-2.3637636665518924,0.49384366689855813,0.08641766876220286,0.6865063689507596,0.6865063689507596,-1.6335542931238298,0.5842657467532236,0.10224062219753575
130.0,105.0,-0.022738370641624775,0.007813164822672122,-0.037282451484698824,-0.03158606183576797,0.05445860386554197,0.004942782777488921,0.004942782777488921,-23.06028475238362,0.003979340402014909,0.000963442375474014,0.5884265211296335,0.5884265211296335,-2.303077613002438,0.4737310002398701,0.11469552088976356,0.6961665883787213,0.6961665883787213,-1.5728682395743743,0.5604704791570293,0.1356961092216921
130.0,110.0,-0.024528793897040047,0.010865548977412709,-0.034643685145911575,-0.033531519014458055,0.055174899841594995,0.005073663089977354,0.005073663089977354,-22.946783749191088,0.003874154874930864,0.0011995082150464897,0.6040075107115899,0.6040075107115899,-2.1895766098099023,0.46120891368224587,0.142798597029344,0.714600435208078,0.714600435208078,-1.4593672363818393,0.5456556161874456,0.16894481902063233
130.0,115.0,-0.025669040839546763,0.013671470204807662,-0.03194220895745196,-0.03592130670123145,0.05618232589870877,0.005260632303249874,0.005260632303249874,-22.789620525556742,0.003850984254642093,0.0014096480486077813,0.6262657503868898,0.6262657503868898,-2.03241338617556,0.4584505065050111,0.1678152438818787,0.7409341272182921,0.7409341272182921,-1.3022040127474968,0.5423921485411398,0.19854197867715226
130.0,120.0,-0.026142586796528654,0.016110523969130344,-0.029266210645535955,-0.03869671178190775,0.05741890294367246,0.005494754573984865,0.005494754573984865,-22.600517007917986,0.003923151887897133,0.0015716026860877316,0.6541374492839125,0.6541374492839125,-1.8433098685368043,0.4670418914163254,0.1870955578675871,0.7739090949274458,0.7739090949274458,-1.1131004951087407,0.5525566039291736,0.22135249099827206
130.0,125.0,-0.02596485084295932,0.01807452262891712,-0.026697778343850818,-0.04178057716654672,0.058815387820089375,0.005765280582591577,0.005765280582591577,-22.39179551768071,0.004097216801395852,0.001668063781195725,0.6863429264989973,0.6863429264989973,-1.6345883782995254,0.4877639049280777,0.19857902157091967,0.8120113496607856,0.8120113496607856,-0.9043790048714616,0.5770727889289933,0.23493856073179226
130.0,130.0,-0.02517948042179765,0.01947345231976766,-0.024307749136024414,-0.045080844869129076,0.06030232849348633,0.0060604752569205006,0.0060604752569205006,-22.174933175226673,0.004371812407684168,0.001688662849236332,0.7214851496333929,0.7214851496333929,-1.41772603584549,0.520453858057639,0.20103129157575383,0.853588064355,0.853588064355,-0.6875166624174267,0.6157482264343896,0.23783983792061011
130.0,135.0,-0.023852598697732427,0.020240349737057548,-0.022151581561984986,-0.048495028848133,0.06181487370198209,0.0063683143196038355,0.0063683143196038355,-21.959755093563388,0.004737322374107396,0.0016309919454964394,0.7581326570956948,0.7581326570956948,-1.2025479541822008,0.5639669492984994,0.1941657077971952,0.8969456788174416,0.8969456788174416,-0.4723385807541376,0.6672285033954077,0.2297171754220337
130.0,140.0,-0.022065620952431163,0.02033469168324486,-0.02026670453900071,-0.051915245353079814,0.06329552375018808,0.00667704823947675,0.00667704823947675,-21.754154861204363,0.005176431402868316,0.001500616836608436,0.7948866951758037,0.7948866951758037,-0.9969477218231791,0.6162418336747996,0.17864486150100428,0.9404293295037676,0.9404293295037676,-0.2667383483951161,0.7290748454744107,0.21135448402935716
130.0,145.0,-0.019907404086396963,0.019744061978681938,-0.018671664728554974,-0.05523334350495788,0.06469533228409423,0.006975645692355835,0.006975645692355835,-21.56415586240982,0.005665455357791305,0.0013101903345645312,0.8304340109947423,0.8304340109947423,-0.806948723028637,0.6744589711656316,0.15597503982911085,0.982485308782512,0.982485308782512,-0.07673934960057383,0.7979514588438459,0.18453384993866637
130.0,150.0,-0.01746655939342669,0.01848408105982889,-0.017367182730480057,-0.05834566768003474,0.06597407007827667,0.0072541256371939445,0.0072541256371939445,-21.39414926965187,0.006176247781569039,0.0010778778556249093,0.8635863853802317,0.8635863853802317,-0.6369421302706834,0.7352675930439332,0.12831879233629875,1.0217078362244991,1.0217078362244991,0.09326724315737894,0.8698940537421179,0.15181378248238162
130.0,155.0,-0.014824720392088896,0.01659679926607848,-0.016338973844591816,-0.06115706232520033,0.06709973486627807,0.007503780582935345,0.007503780582935345,-21.247198735913596,0.006678423226636747,0.0008253573562985962,0.8933072122542078,0.8933072122542078,-0.48999159653241153,0.7950503841234223,0.09825682813078528,1.056870504638781,1.056870504638781,0.2402177768956516,0.9406229896671473,0.11624751497163326
130.0,160.0,-0.012051420066796095,0.014147911486006285,-0.015561948311703096,-0.06358388612713585,0.06804766664131066,0.007717293079777898,0.007717293079777898,-21.125350062275174,0.007141639766578046,0.0005756533131998462,0.918725366640226,0.918725366640226,-0.3681429228939914,0.8501952103069104,0.06853015633331504,1.0869426872926615,1.0869426872926615,0.36206645053407155,1.005864755856063,0.08107793143659806
130.0,165.0,-0.009201017336921758,0.011223214770390249,-0.0150052350287211,-0.06555599708595278,0.06879945568111168,0.007888755984751031,0.007888755984751031,-21.029914773424903,0.0075377321381937855,0.00035102384655724374,0.9391376172322655,0.9391376172322655,-0.27270763404372106,0.8973490640706888,0.04178855316157664,1.111092392218455,1.111092392218455,0.4575017393843428,1.0616524138301104,0.04943997838834419
130.0,170.0,-0.006311856285237971,0.007924698716428922,-0.014637406211665548,-0.0670178521339009,0.06934180950017368,0.008013622114253351,0.008013622114253351,-20.96171140760809,0.007842558845162889,0.00017106326909046435,0.9540026326492086,0.9540026326492086,-0.20450426822690523,0.9336379577574869,0.020364674891721952,1.1286791710215986,1.1286791710215986,0.5257051052011575,1.1045857528398435,0.024093418181755543
130.0,175.0,-0.003407585973057856,0.00436655592338252,-0.014431317583352723,-0.06792898938602088,0.06966555087698316,0.00808862440432593,0.00808862440432593,-20.92125330601252,0.008037494854232132,5.112955009379866e-05,0.962931476705468,0.962931476705468,-0.16404616663133526,0.9568446255038253,0.006086851201642699,1.1392428738487224,1.1392428738487224,0.5661632067967273,1.132041528765089,0.007201345083633614
130.0,180.0,-0.0005003516137287163,0.000671266741088548,-0.01436808492502666,-0.06826420233038244,0.06976492051877664,0.008111715786976694,0.008111715786976694,-20.908872742718398,0.008110547563207235,1.1682237694605975e-06,0.965680450830559,0.965680450830559,-0.1516656033372157,0.96554137657229,0.00013907425826911876,1.1424951812643234,1.1424951812643234,0.5785437700908482,1.1423306427052444,0.00016453855907895738
135.0,-180.0,-0.00046720272273269786,0.0006956685267370642,-0.012797608668209658,-0.06649902824730958,0.06772445480433441,0.007644156208178652,0.007644156208178652,-21.166704467273263,0.007642985847279258,1.1703608993930747e-06,0.9100185962117443,0.9100185962117443,-0.40949732789208076,0.9098792675332451,0.00013932867849917558,1.0766417194617819,1.0766417194617819,0.3207120455359825,1.076476879898487,0.00016483956329479924
135.0,-175.0,0.002481938525662006,-0.003126412728678978,-0.012888112969090813,-0.06623794428482851,0.06759810052345631,0.007615659239266375,0.007615659239266375,-21.182924965848624,0.00758910240592929,2.655683333708376e-05,0.9066260999126637,0.9066260999126637,-0.42571782646744166,0.9034645721344393,0.0031615277782242575,1.0726280618685036,1.0726280618685036,0.304491546960622,1.0688876628069421,0.0037403990615610936
135.0,-170.0,0.005419021261979466,-0.0068352861747888434,-0.01315680775903706,-0.06537986024892194,0.06725856558911932,0.007539346788329519,0.007539346788329519,-21.226662799277044,0.0074125382282759075,0.00012680856005361246,0.8975412843249426,0.8975412843249426,-0.4694556598958607,0.8824450271757033,0.01509625714923958,1.0618798293421856,1.0618798293421856,0.26075371353220295,1.0440194687712545,0.017860360570931332
135.0,-165.0,0.008329491239069108,-0.010310050106527968,-0.01361677806496869,-0.06394870647623167,0.06671230218149192,0.007417377357233531,0.007417377357233531,-21.297496258020956,0.007124588325909792,0.00029278903132374406,0.8830211139563728,0.8830211139563728,-0.5402891186397756,0.8481652768940228,0.034855837062350487,1.0447010362300748,1.0447010362300748,0.18992025478828772,1.0034631444943367,0.0412378917357386
135.0,-160.0,0.011190785855608742,-0.01343699684592423,-0.014288703259279348,-0.061985462485324,0.06597083577350464,0.007253414403885555,0.007253414403885555,-21.39457509608495,0.00674378212318795,0.0005096322806976056,0.8635017147482804,0.8635017147482804,-0.6373679567037694,0.8028312051414226,0.06067050960685781,1.0216076625190922,1.0216076625190922,0.0928414167242937,0.9498284680546407,0.0717791944644515
135.0,-155.0,0.01396888580841639,-0.016113690960900217,-0.015197594690862615,-0.05954765812375293,0.06505129729315987,0.007052619312549915,0.007052619312549915,-21.51649557942005,0.006294669157315637,0.0007579501552342783,0.8395975372083233,0.8395975372083233,-0.7592884400388676,0.7493653758709091,0.09023216133741409,0.9933266637394246,0.9933266637394246,-0.029079066610804727,0.8865731207486812,0.10675354299074341
135.0,-150.0,0.01661632722137713,-0.018253043589392854,-0.01636844568828645,-0.05670827129875609,0.06397679249968587,0.006821555921235411,0.006821555921235411,-21.661165562910398,0.0058061199596465,0.00101543596158891,0.8120899906232634,0.8120899906232634,-0.9039584235292113,0.6912047571007739,0.12088523352248927,0.9607825241176635,0.9607825241176635,-0.17374905010114844,0.8177633745980987,0.14301914951956476
135.0,-145.0,0.0190720956217414,-0.019787207687596557,-0.017821265984946547,-0.05355384651317504,0.0627765116675007,0.006567995959198394,0.006567995959198394,-21.825671230777722,0.005309228248830422,0.0012587677103679717,0.7819042808569517,0.7819042808569517,-1.0684640913965375,0.6320509820036216,0.14985329885332999,0.9250698534082245,0.9250698534082245,-0.3382547179684744,0.7477786265958339,0.17729122681239037
135.0,-140.0,0.021263635763324643,-0.020671025135900384,-0.019566117362731363,-0.05018173427963508,0.061485550253766494,0.006300639712650347,0.006300639712650347,-22.006153537893294,0.004834951766189955,0.0014656879464603903,0.7500761562678985,0.7500761562678985,-1.2489463985121083,0.5755894959749948,0.17448666029290363,0.88741404403526,0.88741404403526,-0.5187370250840452,0.6809791219985851,0.2064349220366747
135.0,-135.0,0.023110956986619018,-0.020884686537945157,-0.021598831069541424,-0.04669647341907291,0.060144464400095486,0.006028785630562755,0.006028785630562755,-22.19770158350415,0.004411679620406075,0.0016171060101566796,0.7177125750669948,0.7177125750669948,-1.4404944441229666,0.5251999548102472,0.19251262025674762,0.8491247366989796,0.8491247366989796,-0.7102850706949039,0.6213633268177571,0.22776140988122245
135.0,-130.0,0.02453252412811012,-0.02043524709087709,-0.023898037071534015,-0.043205482361462544,0.05879858795685974,0.005761987495662145,0.005761987495662145,-22.394276885357904,0.004062954083747623,0.0016990334119145205,0.6859508923407315,0.6859508923407315,-1.63706974597672,0.4836850099699552,0.20226588237077628,0.811547534600302,0.811547534600302,-0.9068603725486563,0.572247054048961,0.23930048055134093
135.0,-125.0,0.025452348292888147,-0.019356697925372902,-0.026423966950197133,-0.03981435740405514,0.057497068386827964,0.005509724984336715,0.005509724984336715,-22.588700782381963,0.0038055921518347323,0.0017041328325019846,0.655919640992466,0.655919640992466,-1.8314936430007778,0.45304668474223,0.20287295625023627,0.7760176034277063,0.7760176034277063,-1.1012842695727139,0.5359988946246101,0.2400187088030964
135.0,-120.0,0.025807485037012523,-0.017708423508080207,-0.029119237054931583,-0.03662216046240699,0.05629144829077272,0.005281087500150659,0.005281087500150659,-22.772766368065657,0.0036484350521680206,0.0016326524479826398,0.6287008928750786,0.6287008928750786,-2.0155592286844732,0.4343375062104787,0.1943633866646,0.74381514086629,0.74381514086629,-1.2853498552564107,0.5138640918546508,0.22995104901163937
135.0,-115.0,0.02555505472583759,-0.015572059643324964,-0.031911532383167844,-0.03371709327983346,0.05523348750403857,0.005084443784875191,0.005084443784875191,-22.937565499923323,0.0035918958419928824,0.001492547942882308,0.6052909267708562,0.6052909267708562,-2.18035836054214,0.4276066478562956,0.17768427891456046,0.7161188429401678,0.7161188429401678,-1.450148987114077,0.505900822815899,0.2102180201242687
135.0,-110.0,0.02467794249673306,-0.01304696218677494,-0.0347178572323638,-0.031172897788405655,0.05437189747938157,0.004927055982205233,0.004927055982205233,-23.074125031554352,0.0036283797975476427,0.0012986761846575897,0.586554283595861,0.586554283595861,-2.316917892173169,0.43194997589852896,0.1546043076973321,0.6939515467894694,0.6939515467894694,-1.5867085187451053,0.5110394081053018,0.18291213868416756
135.0,-105.0,0.023188504131961222,-0.010244658442142694,-0.03744984506631802,-0.029046213818740403,0.053747866777848576,0.0048146085441333015,0.0048146085441333015,-23.174390177884426,0.0037435341935511085,0.0010710743505821928,0.5731676838253931,0.5731676838253931,-2.4171830385032433,0.4456588325656082,0.12750885125978487,0.6781138794553946,0.6781138794553946,-1.6869736650751797,0.5272583371198745,0.15085554233552012
135.0,-100.0,0.021129861995836583,-0.007282748474730027,-0.04001954888564839,-0.02737499931143255,0.0533897403404532,0.004750662034741228,0.004750662034741228,-23.232458644803362,0.003918165825415605,0.0008324962093256229,0.5655550041358606,0.5655550041358606,-2.475251505422179,0.46644831254947683,0.09910669158638367,0.6691073288367926,0.6691073288367926,-1.7450421319941165,0.5518543416078316,0.11725298722896096
135.0,-95.0,0.018574668860204223,-0.00427874242125179,-0.04234515590959811,-0.02617800733555948,0.05330784423555728,0.0047360988502056995,0.0047360988502056995,-23.245792417473716,0.00413056984929763,0.0006055290009080687,0.5638212916911547,0.5638212916911547,-2.488585278092531,0.4917345058687655,0.07208678582238913,0.6670561760853098,0.6670561760853098,-1.758375904664467,0.5817704013095253,0.08528577477578432
135.0,-90.0,0.0156214948630608,-0.001344275192790078,-0.04435615572409038,-0.02545523811855614,0.05349089526118192,0.004768680780605429,0.004768680780605429,-23.21601748621208,0.0043589601373349674,0.00040972064327046345,0.5677000929292179,0.5677000929292179,-2.458810346830895,0.5189238258732104,0.04877626705600756,0.6716451803669619,0.6716451803669619,-1.7286009734028318,0.6139380475119672,0.05770713285499485
135.0,-85.0,0.012389217543998302,0.001419942467999193,-0.045997601622711506,-0.02518924467180303,0.05390534621113728,0.004842863156768915,0.004842863156768915,-23.148978024999792,0.004583687682766717,0.0002591754740021974,0.5765313281867755,0.5765313281867755,-2.391770885618608,0.5456771050912759,0.0308542230954997,0.682093402361819,0.682093402361819,-1.6615615121905438,0.6455898144741855,0.036503587887633436
135.0,-80.0,0.009009951760764386,0.003928172137276585,-0.04723321157735817,-0.025347155540810754,0.054498296643041184,0.0049499906110270445,0.0049499906110270445,-23.05395624820575,0.00478897812588303,0.00016101248514401072,0.5892845965508386,0.5892845965508386,-2.296749108824568,0.5701164435575037,0.019168152993334613,0.6971817762009922,0.6971817762009922,-1.566539735396505,0.674503961391976,0.022677814809015595
135.0,-75.0,0.005621147114926587,0.006112520998210979,-0.04804714635607195,-0.025883271408725563,0.05520355259963588,0.005078934044282989,0.005078934044282989,-22.942274269410294,0.0049640030722172095,0.00011493097206577963,0.6046350052717844,0.6046350052717844,-2.1850671300291107,0.5909527466925251,0.01368225857925948,0.715342823138449,0.715342823138449,-1.4548577566010477,0.6991553622841141,0.01618746085433516
135.0,-70.0,0.002357513736212292,0.007924547815292724,-0.04844438260986535,-0.026742081745727474,0.05594956185386517,0.005217132875141596,0.005217132875141596,-22.82568102091905,0.00510320834394486,0.00011392453119673589,0.6210872470406662,0.6210872470406662,-2.068473881537866,0.6075248028505786,0.013562444190087607,0.7348074472030417,0.7348074472030417,-1.3382645081098021,0.7187617385837832,0.016045708619258577
135.0,-65.0,-0.0006565809489782149,0.009335585330107194,-0.048449681294765186,-0.027861529935748832,0.05666763379499114,0.00535190844709078,0.00535190844709078,-22.714913244747926,0.005205938132688693,0.00014597031440208703,0.6371319579869976,0.6371319579869976,-1.9577061053667428,0.6197545396057969,0.01737741838120084,0.7537899221254618,0.7537899221254618,-1.22749673193868,0.7332307229139003,0.020559199211561553
135.0,-60.0,-0.003313669923257202,0.010335838891970216,-0.04810524677040366,-0.029176334562963407,0.05729906839846934,0.005471843153886483,0.005471843153886483,-22.61866359821907,0.005275497823002834,0.0001963453308836509,0.6514098992722004,0.6514098992722004,-1.8614564588378841,0.628035455119385,0.023374444152815584,0.7706821343502088,0.7706821343502088,-1.1312470854098209,0.7430278623947654,0.027654271955443784
135.0,-55.0,-0.005528240839680771,0.010932399754053173,-0.047467278864261685,-0.03062115932662504,0.05780031809988658,0.005567996777120242,0.005567996777120242,-22.543010247766787,0.005317871317909572,0.00025012545921066946,0.6628567591809812,0.6628567591809812,-1.7858031083856054,0.6330799187987586,0.029776840382222555,0.7842248981859495,0.7842248981859495,-1.055593734957542,0.7489959602689538,0.035228937916995696
135.0,-50.0,-0.007239986833123421,0.011146390419314386,-0.04660172657053371,-0.03213342371912957,0.058145827606041436,0.005634762696748017,0.005634762696748017,-22.491243691765213,0.005340337251938795,0.0002944254448092209,0.6708050829461926,0.6708050829461926,-1.734036552384031,0.6357544347546186,0.03505064819157392,0.7936285488377489,0.7936285488377489,-1.0038271789559676,0.7521601763294077,0.04146837250834096
135.0,-45.0,-0.008415137273671628,0.011009531424343036,-0.045579637726351825,-0.03365556891336732,0.058328595145659266,0.005670241433692341,0.005670241433692341,-22.46398448851711,0.005350208444182424,0.00032003298950991676,0.6750287421062311,0.6750287421062311,-1.7067773491359264,0.6369295766883839,0.03809916541784723,0.7986255540411747,0.7986255540411747,-0.9765679757078631,0.7535504850961161,0.045075068945058694
135.0,-40.0,-0.00904593932108023,0.010560472540422292,-0.044472543520439674,-0.03513664255898747,0.05835874721044934,0.005676105236057974,0.005676105236057974,-22.45949561238595,0.005353858497103083,0.0003222467389548925,0.6757268138164255,0.6757268138164255,-1.7022884730047667,0.6373641067979862,0.038362707018439586,0.7994514416983062,0.7994514416983062,-0.9720790995767035,0.7540645770567722,0.04538686464153416
135.0,-35.0,-0.00914853151259468,0.0098412530160427,-0.04334830588031995,-0.036533141106214514,0.05826055193304531,0.005657019911640829,0.005657019911640829,-22.474122926224123,0.005356117184365308,0.0003009027272755195,0.673454751385813,0.673454751385813,-1.716915786842939,0.6376329981387273,0.035821753247085655,0.7967633678367365,0.7967633678367365,-0.9867064134148753,0.7543827020232828,0.04238066581345345
135.0,-30.0,-0.00875958720492258,0.008894233412717984,-0.042267785800340116,-0.03780914015845958,0.05806836102376256,0.005619758523556972,0.005619758523556972,-22.502823453099094,0.0053600350490724865,0.00025972347448448486,0.6690188718520205,0.6690188718520205,-1.7456163137179106,0.6380994106038674,0.03091946124815296,0.7915152850080243,0.7915152850080243,-1.0154069402898467,0.7549345139538713,0.03658077105415279
135.0,-25.0,-0.007932196524331685,0.007759770983148002,-0.04128256920799393,-0.03893583614039948,0.057821999652177124,0.005572174797570356,0.005572174797570356,-22.539752683375305,0.005366956653304716,0.00020521814426564212,0.6633541425678996,0.6633541425678996,-1.7825455439941218,0.6389234111077042,0.024430731460195493,0.7848133517704726,0.7848133517704726,-1.052336170566059,0.7559093877893965,0.028903963981076353
135.0,-20.0,-0.006731491374473166,0.006474798053725635,-0.040433832232767315,-0.03989069619070645,0.057562126590041396,0.005522200597903194,0.005522200597903194,-22.578878213512112,0.005376810713221938,0.00014538988468125563,0.6574048330837136,0.6574048330837136,-1.8216710741309272,0.6400965134788021,0.017308319604911387,0.7777747320990412,0.7777747320990412,-1.0914617007028642,0.7572972835523856,0.020477448546655726
135.0,-15.0,-0.005230492299248024,0.005072327544472509,-0.03975226532920833,-0.04065644974203384,0.05732605045562802,0.005476997734963791,0.005476997734963791,-22.614574386755475,0.005388522225348468,8.847550961532457e-05,0.6520235398766419,0.6520235398766419,-1.857367247374291,0.6414907411129129,0.010532798763729116,0.771408131685041,0.771408131685041,-1.127157873946228,0.758946792302601,0.01246133938244008
135.0,-10.0,-0.0035065674880842873,0.003581778763002847,-0.039258833351999464,-0.041220145471301955,0.057144392056359725,0.005442341022527438,0.005442341022527438,-22.642142483773572,0.005400466751288021,4.187427123941778e-05,0.6478977407770761,0.6478977407770761,-1.884935344392387,0.6429127084866693,0.004985032290406879,0.7665269045813293,0.7665269045813293,-1.154725970964324,0.7606291198997214,0.005897784681608137
135.0,-5.0,-0.0016387519013309924,0.002029916915057547,-0.03896604989392382,-0.041572444325874196,0.05703882223573539,0.005422250993411781,0.005422250993411781,-22.658203830058476,0.005410907809853323,1.1343183558459246e-05,0.6455060706442597,0.6455060706442597,-1.9009966906772922,0.6441556916492052,0.0013503789950546723,0.7636973230157437,0.7636973230157437,-1.1707873172492294,0.7620996915286371,0.001597631487106936
135.0,0.0,0.00029400091262556663,0.0004421492904369208,-0.038879402957829476,-0.04170723803098528,0.05702090503545347,0.005418845022024016,0.005418845022024016,-22.660932695527038,0.005418375145541115,4.6987648289996633e-07,0.6451005978600021,0.6451005978600021,-1.9037255561458533,0.6450446601834662,5.593767653571028e-05,0.7632176087357768,0.7632176087357768,-1.1735161827177911,0.7631514289494528,6.617978632393892e-05
135.0,5.0,0.002213741220917914,-0.0011560767890756562,-0.03899858791198255,-0.04162159491207792,0.05709189247072804,0.005432345662006118,0.005432345662006118,-22.650126035424123,0.005421950634011177,1.0395027994941907e-05,0.6467078169054903,0.6467078169054903,-1.8929188960429377,0.6454703135727592,0.0012375033327311797,0.7651191073248053,0.7651191073248053,-1.162709522614875,0.7636550188748137,0.0014640884499918178
135.0,10.0,0.00404387989401901,-0.002737985468833592,-0.039318275912202535,-0.04131596378966167,0.05724321106997331,0.005461180028881792,0.005461180028881792,-22.627135066248243,0.005421431750273905,3.9748278607890095e-05,0.6501404796287849,0.6501404796287849,-1.8699279268670623,0.6454085416992743,0.0047319379295107265,0.7691802857579989,0.7691802857579989,-1.1397185534389989,0.7635819366582963,0.00559834909970283
135.0,15.0,0.005709341959406297,-0.004274439730549417,-0.0398282594936125,-0.04079452933762521,0.0574573868078634,0.005502122539624865,0.005502122539624865,-22.594697415198965,0.005417345502529163,8.47770370957021e-05,0.6550145880505791,0.6550145880505791,-1.837490275817779,0.6449220836344242,0.010092504416155014,0.7749468365668823,0.7749468365668823,-1.1072809023897152,0.7630064088069243,0.011940427759958043
135.0,20.0,0.0071369149707786895,-0.00573324776945616,-0.04051295731288465,-0.0400656155237137,0.057709262192613076,0.005550467474040883,0.005550467474040883,-22.55670437986032,0.005410794622463235,0.00013967285157764824,0.6607699373858195,0.6607699373858195,-1.7994972404791396,0.644142216959909,0.016627720425910507,0.7817559822592792,0.7817559822592792,-1.0692878670510766,0.7620837496427091,0.019672232616570175
135.0,25.0,0.0082561539011113,-0.007078847406746728,-0.04135041007979789,-0.039142071590632335,0.057967511073190627,0.005600255296426086,0.005600255296426086,-22.51792174547035,0.005403136343958631,0.00019711895246745506,0.6666970590983436,0.6666970590983436,-1.7607146060891663,0.6432305171379323,0.023466541960411317,0.7887683516093079,0.7887683516093079,-1.0305052326611028,0.7610051188674128,0.02776323274189508
135.0,30.0,0.009001100108331064,-0.00827239061564013,-0.04231103853390641,-0.03804162919779088,0.058196578795474366,0.005644603324089029,0.005644603324089029,-22.48366572820041,0.005395522109453583,0.0002490812146354459,0.6719765862010749,0.6719765862010749,-1.7264585888192272,0.6423240606492362,0.0296525255518388,0.7950145526885956,0.7950145526885956,-0.9962492153911642,0.7599326914723357,0.03508186121625998
135.0,35.0,0.009312913459780157,-0.009272256943562035,-0.043356536826518154,-0.036787263891022756,0.05835920815187403,0.0056761949008466055,0.0056761949008466055,-22.45942700792262,0.005388359838751931,0.0002878350620946751,0.6757374881960245,0.6757374881960245,-1.7022198685414334,0.64147140937523,0.03426607882079466,0.7994640705417754,0.7994640705417754,-0.9720104951133703,0.7589239209509762,0.04054014959079931
135.0,40.0,0.009143326112952523,-0.010035041318512253,-0.04443931571653878,-0.03540760422998447,0.05841963441629427,0.005687955472477715,0.005687955472477715,-22.45043812090687,0.005380791931185733,0.00030716354129198004,0.677137556247347,0.677137556247347,-1.6932309815256876,0.6405704679983016,0.03656708824904525,0.8011204890813681,0.8011204890813681,-0.9630216080976246,0.7578580184768637,0.04326247060450423
135.0,45.0,0.008458632483646717,-0.010517069097967098,-0.04550287183419394,-0.0339373947697711,0.05834736767689855,0.00567389185295337,0.00567389185295337,-22.461189463183118,0.005370303662041422,0.0003035881909119465,0.6754633158277821,0.6754633158277821,-1.7039823238019338,0.6393218645287408,0.03614145129904125,0.7991396975990661,0.7991396975990661,-0.97377295037387,0.7563807974706228,0.04275890012844317
135.0,50.0,0.007243764159959227,-0.010676471154374707,-0.04648333926150096,-0.032417941568186996,0.05812127768669137,0.005630005562058463,0.005630005562058463,-22.494911760953492,0.005352580172090483,0.0002774253899679804,0.6702387573879123,0.6702387573879123,-1.7377046215723073,0.637211925248867,0.033026832139045295,0.7929585298673891,0.7929585298673891,-1.0074952481442438,0.7538845312803497,0.03907399858703949
135.0,55.0,0.005505890782807358,-0.010475794997667596,-0.047312294337073554,-0.030897378021439964,0.057733510876985514,0.005555132923072537,0.005555132923072537,-22.553055448119956,0.005321709898731926,0.0002334230243406109,0.6613253479848258,0.6613253479848258,-1.7958483087387722,0.6335368927061816,0.027788455278644156,0.7824130877566952,0.7824130877566952,-1.0656389353107092,0.7495366054552007,0.032876482301494495
135.0,60.0,0.0032769617423436524,-0.009885039216110607,-0.04792066779729816,-0.02943052262421352,0.057192644130501444,0.005451535804485427,0.005451535804485427,-22.634811312183665,0.005270785931847299,0.00018074987263812727,0.6489923576768366,0.6489923576768366,-1.8776041728024795,0.6274745156961071,0.02151784198072944,0.7678219442937221,0.7678219442937221,-1.1473947993744162,0.7423642157531407,0.025457728540581304
135.0,65.0,0.0006146714951923706,-0.008884896982076201,-0.04824341396740165,-0.028078092097382306,0.05652544084293617,0.005325083650000456,0.005325083650000456,-22.73673565645418,0.0051928880720266656,0.00013219557797379013,0.6339385297619591,0.6339385297619591,-1.979528517072998,0.6182009609555554,0.01573756880640359,0.7500117816902051,0.7500117816902051,-1.2493191436449342,0.7313926862009387,0.018619095489266217
135.0,70.0,-0.002398509721742361,-0.007469907579898078,-0.04822443763118075,-0.026905097199731637,0.05577663496759338,0.005184932861525873,0.005184932861525873,-22.85256862815464,0.005082347998103136,0.00010258486342273751,0.6172539120864134,0.6172539120864134,-2.0953614887734555,0.6050414283456115,0.012212483740802088,0.7302722340177284,0.7302722340177284,-1.3651521153453925,0.7158236617046669,0.01444857231306162
135.0,75.0,-0.005658369844207539,-0.005651168869848486,-0.04782121600736409,-0.025978372312105476,0.05500633951917475,0.00504271017714775,0.00504271017714775,-22.97335991603399,0.004936124590058653,0.00010658558708909641,0.6003226401366369,0.6003226401366369,-2.216152776652806,0.5876338797688874,0.012688760367749572,0.7102408700208098,0.7102408700208098,-1.4859434032247432,0.6952288155012187,0.015012054519591042
135.0,80.0,-0.009043925025130206,-0.003458272826617448,-0.0470085856047085,-0.025363340179389595,0.054284973762673425,0.004911314921226639,0.004911314921226639,-23.088022173312424,0.00475506488433013,0.00015625003689650983,0.584680347765076,0.584680347765076,-2.3308150339312395,0.5660791528964441,0.018601194868632123,0.6917344959474139,0.6917344959474139,-1.600605660503176,0.6697274484972012,0.02200704745021265
135.0,85.0,-0.01242395492684088,-0.0009401885882643523,-0.04578127780916907,-0.025120249299679688,0.053686040395283845,0.00480353838852729,0.00480353838852729,-23.184387341891423,0.004544813466175949,0.00025872492235134173,0.5718498081580107,0.5718498081580107,-2.4271802025102422,0.5410492221638036,0.030800585994207347,0.6765547026094774,0.6765547026094774,-1.6969708290821788,0.640114572700838,0.03644012990863967
135.0,90.0,-0.0156645478754271,0.001835084086486429,-0.04415495075533187,-0.02530021135403735,0.05327763099566991,0.0047307318224285595,0.0047307318224285595,-23.25071670708691,0.004316165599656497,0.00041456622277206273,0.5631823598129237,0.5631823598129237,-2.493509567705722,0.5138292380543449,0.04935312175857891,0.6663002566800788,0.6663002566800788,-1.7633001942776583,0.6079106478389432,0.058389608841135594
135.0,95.0,-0.018636997264517067,0.004782156779971151,-0.04216563956399003,-0.02594139711981732,0.0531140653205366,0.004701729122978321,0.004701729122978321,-23.27742395156738,0.00408473250801655,0.0006169966149617715,0.5597296574974192,0.5597296574974192,-2.5202168121861956,0.48627767952577977,0.07345197797163946,0.6622153694335663,0.6622153694335663,-1.7900074387581326,0.5753144377488097,0.08690093168475654
135.0,100.0,-0.021225370186543507,0.007801150962969053,-0.03986770054144112,-0.027065729028666052,0.05322932960519083,0.004722157967266284,0.004722157967266284,-23.258594888446346,0.0038698875528137486,0.0008522704144525328,0.5621616627697957,0.5621616627697957,-2.501387749065161,0.46070089914449386,0.10146076362530153,0.6650926714459554,0.6650926714459554,-1.771178375637098,0.5450545849033448,0.12003808654261025
135.0,105.0,-0.02333311693445669,0.010781724637073173,-0.037330442057563175,-0.028676356334679753,0.053633713733745016,0.004794179134938259,0.004794179134938259,-23.192857425464762,0.003693071855983732,0.001101107278954528,0.5707356113021738,0.5707356113021738,-2.4356502860835754,0.4396514114266348,0.13108419987553904,0.675236497878628,0.675236497878628,-1.7054409126555123,0.5201509656315115,0.1550855322471166
135.0,110.0,-0.024888186578814277,0.013608021117885933,-0.03463371775928373,-0.030756133796011293,0.05431421767672415,0.004916607905562776,0.004916607905562776,-23.08334424868329,0.003575639381021897,0.001340968524540879,0.5853104649479495,0.5853104649479495,-2.3261371093021035,0.42567135488355917,0.15963911006439035,0.6924799866989824,0.6924799866989824,-1.59592773587404,0.5036111804256193,0.1888688062733632
135.0,115.0,-0.02584624568707229,0.016164261430414294,-0.0318628189923373,-0.0332672560218113,0.055238223369931734,0.005085315729679107,0.005085315729679107,-22.936820780606702,0.0035364992788794406,0.0015488164507996666,0.6053947297237032,0.6053947297237032,-2.1796136412255223,0.4210118189142192,0.18438291080948413,0.7162416520674798,0.7162416520674798,-1.4494042677974586,0.4980984899830198,0.21814316208446008
135.0,120.0,-0.02619175865396933,0.018340631823117765,-0.029103054118025645,-0.03615212464658994,0.056359124128380865,0.005293793403886917,0.005293793403886917,-22.76233011524027,0.00358985521869536,0.001703938185191558,0.6302135004627283,0.6302135004627283,-2.0051229758590843,0.4273637165113524,0.20284978395137596,0.7456047047728053,0.7456047047728053,-1.2749136024310208,0.5056134110838535,0.23999129368895183
135.0,125.0,-0.02593687549781573,0.020039059706553387,-0.026434443912200303,-0.039335436265404415,0.05762240706226148,0.005533772622078472,0.005533772622078472,-22.569786896123695,0.003743339095550351,0.0017904335265281216,0.658782455009342,0.658782455009342,-1.812579756742512,0.4456356066131371,0.21314684839620496,0.7794045946589397,0.7794045946589397,-1.0823703833144485,0.5272308585282185,0.2521737361307213
135.0,130.0,-0.025118276813106986,0.02117844434421407,-0.023926983155790484,-0.04272737241973717,0.05897103705831566,0.005795835474922198,0.005795835474922198,-22.368839512456464,0.003996787300699313,0.0017990481742228852,0.689980413681214,0.689980413681214,-1.6116323730752822,0.4758080119880134,0.21417240169320062,0.8163148556228448,0.8163148556228448,-0.881422999647218,0.562927788830889,0.25338706679195566
135.0,135.0,-0.02379232619620159,0.021698933807170067,-0.02163690069277542,-0.04622765834179375,0.06034956819687319,0.006069974299486188,0.006069974299486188,-22.168131477410455,0.004341817489637701,0.0017281568098484867,0.72261598803407,0.72261598803407,-1.4109243380292718,0.5168830344806786,0.2057329535533913,0.8549259576741108,0.8549259576741108,-0.680714964601209,0.6115235900898169,0.24340236758429393
135.0,140.0,-0.02202905103034062,0.021564927488615625,-0.01960427821931894,-0.04973015709050423,0.06170689941678558,0.006346086218013265,0.006346086218013265,-21.97494031864815,0.004762248220323985,0.0015838379976892798,0.7554864545253888,0.7554864545253888,-1.2177331792669663,0.5669343119433317,0.18855214258205713,0.8938149602835584,0.8938149602835584,-0.48752380583890315,0.6707391859611247,0.22307577432243372
135.0,145.0,-0.01990558685031745,0.020766625362660704,-0.01785225815201649,-0.05312760767349904,0.06299786452764973,0.006614395729235608,0.006614395729235608,-21.795098254667522,0.005235286358455289,0.0013791093707803158,0.7874280630042391,0.7874280630042391,-1.0378911152863393,0.6232483760065821,0.16417968699765667,0.9316050322867053,0.9316050322867053,-0.3076817418582757,0.7373642758387732,0.1942407564479318
135.0,150.0,-0.017499760896973884,0.019320113797418725,-0.016387895449644828,-0.05631612031002143,0.06418393064184962,0.006865799835705368,0.006865799835705368,-21.633088620689918,0.005733312468421021,0.0011324873672843502,0.8173571232982583,0.8173571232982583,-0.8758814813087363,0.68253719862155,0.1348199246767084,0.9670140613669533,0.9670140613669533,-0.14567210788067317,0.8075087983691577,0.15950526299779583
135.0,155.0,-0.014884451698740944,0.01726613569267256,-0.015204514036185996,-0.05919911286792311,0.06523326264687064,0.0070921305084228345,0.0070921305084228345,-21.492232811694876,0.006226040339172723,0.0008660901692501138,0.8443012510027185,0.8443012510027185,-0.7350256723136926,0.7411952784729434,0.10310597252977546,0.9988916209046246,0.9988916209046246,-0.004816298885629334,0.8769070900243272,0.1219845308802977
135.0,160.0,-0.012123250773218385,0.01466780579114315,-0.014285249919903126,-0.06169049375576466,0.06612036842865567,0.007286333542484546,0.007286333542484546,-21.374909521793377,0.006682818200697537,0.000603515341787008,0.8674206598195889,0.8674206598195889,-0.6177023824121932,0.7955735953211354,0.07184706449845334,1.0262441609133164,1.0262441609133164,0.11250699101587006,0.9412420000982445,0.08500216081507155
135.0,165.0,-0.009267787121331954,0.011607580548285795,-0.013607332343123234,-0.06371703777966868,0.06682550561891173,0.007442571661792728,0.007442571661792728,-21.28276974998831,0.0070748673173885186,0.00036770434440420676,0.8860204359277057,0.8860204359277057,-0.5255626106071257,0.8422461092129189,0.043774326714786524,1.0482495298299617,1.0482495298299617,0.2046467628209378,0.9964601855476787,0.05178934428228264
135.0,170.0,-0.006356879317120079,0.00818377570812303,-0.013146591252476695,-0.06522002820357162,0.06733401101915486,0.007556270380994677,0.007556270380994677,-21.216925104017253,0.00737730109819336,0.00017896928280131921,0.8995559977374616,0.8995559977374616,-0.4597179646360697,0.8782501307373047,0.02130586700015705,1.0642634339429122,1.0642634339429122,0.27049140879199346,1.0390564927032901,0.025206941239622423
135.0,175.0,-0.0034174805518787654,0.004506860283432162,-0.012881685757481384,-0.06615632263648333,0.0676356992694969,0.007624133408446825,0.007624133408446825,-21.17809512940902,0.007570816392985991,5.331701546082995e-05,0.907634929577003,0.907634929577003,-0.420887990027839,0.9012876658316658,0.006347263745336899,1.0738216068234965,1.0738216068234965,0.3093213834002247,1.066312168026196,0.007509438797299992
135.0,180.0,-0.00046720272273269563,0.0006956685267370757,-0.012797608668209658,-0.06649902824730958,0.06772445480433441,0.007644156208178652,0.007644156208178652,-21.166704467273263,0.007642985847279258,1.1703608993930978e-06,0.9100185962117443,0.9100185962117443,-0.40949732789208076,0.9098792675332451,0.00013932867849917834,1.0766417194617819,1.0766417194617819,0.3207120455359825,1.076476879898487,0.0001648395632948025
140.0,-180.0,-0.00044379747380023375,0.0006899911464793332,-0.010584503170421724,-0.06424850481640336,0.06511969842135364,0.007067458701222327,0.007067458701222327,-21.507367206359184,0.007066336987682259,1.1217135400640732e-06,0.8413641310978961,0.8413641310978961,-0.7501600669779978,0.8412305937716975,0.00013353732619810396,0.9954167184820178,0.9954167184820178,-0.019950693549934253,0.995258730659473,0.00015798782254423564
140.0,-175.0,0.0025272748738529795,-0.003189915536205303,-0.010691947648220889,-0.06398366371475825,0.06499838187441054,0.007041150194033011,0.007041150194033011,-21.52356391693099,0.007013546378660341,2.7603815372671047e-05,0.8382321659563109,0.8382321659563109,-0.7663567775498068,0.8349459974595645,0.003286168496746554,0.9917112949342269,0.9917112949342269,-0.03614740412174322,0.9878234336141325,0.0038878613200945137
140.0,-170.0,0.00548034866782089,-0.00696235239504037,-0.011014782466562964,-0.06311844721022852,0.06468208703659553,0.006972789699741026,0.006972789699741026,-21.565934329765387,0.006841945161663787,0.00013084453807723579,0.8300940118739316,0.8300940118739316,-0.8087271903842009,0.814517281150451,0.015576730723480451,0.9820830563015529,0.9820830563015529,-0.0785178169561372,0.9636542481216602,0.018428808179892363
140.0,-165.0,0.008394472734038518,-0.010512383256681737,-0.011562209332065648,-0.06167768373607768,0.06417786791335472,0.006864502828372094,0.006864502828372094,-21.633909116994023,0.006562880977279861,0.0003016218510922325,0.8172027176633445,0.8172027176633445,-0.8767019776128402,0.7812953544380787,0.035907363225265776,0.9668313842777596,0.9668313842777596,-0.1464926041847769,0.9243494334196987,0.04248195085806091
140.0,-160.0,0.011242540642935754,-0.013732141244948216,-0.012348465313147452,-0.05970332758998046,0.06349754596979161,0.006719738929348063,0.006719738929348063,-21.726475995274257,0.006194807257463921,0.0005249316718841424,0.7999689201604838,0.7999689201604838,-0.9692688558930713,0.7374770544599906,0.06249186570049314,0.9464421027250793,0.9464421027250793,-0.23905948246500808,0.872508064431538,0.07393403829354118
140.0,-155.0,0.013988763206347045,-0.01652467676651456,-0.013390116520015122,-0.05725356975340417,0.06265793571614481,0.006543207361643102,0.006543207361643102,-21.842093162001312,0.005761975036300556,0.0007812323253425438,0.7789532573384645,0.7789532573384645,-1.084886022620129,0.6859494090833996,0.09300384825506475,0.9215785016398735,0.9215785016398735,-0.3546766491920653,0.8115457797606417,0.11003272187923152
140.0,-150.0,0.016587332667414578,-0.018807672918075273,-0.014702526005909895,-0.05440136166443061,0.06168095806252865,0.006340751596822317,0.006340751596822317,-21.97859260256102,0.005292662679493083,0.0010480889173292316,0.7548513805740854,0.7548513805740854,-1.2213854631798355,0.6300788904158433,0.12477249015824188,0.8930636051862417,0.8930636051862417,-0.4911760897517726,0.7454454478159273,0.1476181573703143
140.0,-145.0,0.018982583703710275,-0.020516865044142657,-0.016295895089531783,-0.051232270946976195,0.060593580670408785,0.0061191592022549176,0.0061191592022549176,-22.133082476104452,0.004817056153109933,0.0013021030491449852,0.728471333601776,0.728471333601776,-1.3758753367232672,0.5734590658464206,0.15501226775535537,0.8618534087682983,0.8618534087682983,-0.6456659632952038,0.678458613114075,0.18339479565422323
140.0,-140.0,0.02111079849228406,-0.021608947393712167,-0.018171366263726754,-0.04784164097900012,0.05942754903157367,0.00588591730628728,0.00588591730628728,-22.301858437782705,0.004364932438569463,0.0015209848677178184,0.7007044412246762,0.7007044412246762,-1.54465129840152,0.5196348141154123,0.1810696271092641,0.8290024375052507,0.8290024375052507,-0.8144419249734562,0.6147792166999244,0.21422322080532652
140.0,-135.0,0.022903606374380908,-0.022063715782680387,-0.02031770473149847,-0.04433110527298838,0.05821888662086055,0.005648931515245364,0.005648931515245364,-22.48033690395789,0.003963333327925829,0.001685598187319533,0.6724918470530196,0.6724918470530196,-1.723129764576705,0.4718253961816463,0.20066645087137303,0.7956241570768118,0.7956241570768118,-0.9929203911486417,0.5582159616796942,0.23740819539711733
140.0,-130.0,0.02429271697182316,-0.021885197225840737,-0.022709029255319254,-0.04080459968077258,0.05700713394228922,0.005416227932433444,0.005416227932433444,-22.663030674183414,0.0036344399839315917,0.0017817879485018512,0.64478903957541,0.64478903957541,-1.9058235348022277,0.4326714266585228,0.21211761291688708,0.7628490045680906,0.7628490045680906,-1.1756141613741646,0.5118929554833228,0.25095604908476776
140.0,-125.0,0.025215531307575128,-0.021101566508556553,-0.02530394208555665,-0.037364101382896656,0.05583426085710208,0.005195652070908946,0.005195652070908946,-22.843599393433493,0.0033938626390384477,0.0018017894318704982,0.6185300084415412,0.6185300084415412,-2.0863922540523077,0.40403126655219623,0.21449874188934503,0.7317819818181613,0.7317819818181613,-1.356182880624244,0.4780088223997814,0.25377315941837997
140.0,-120.0,0.025621032571055278,-0.019763745412829815,-0.02804623059033217,-0.03410538320939813,0.05474313798948876,0.004994567594072529,0.004994567594072529,-23.01502104962935,0.00324953713415892,0.001745030459913608,0.5945913802467298,0.5945913802467298,-2.257813910248167,0.3868496588284428,0.20774172141828667,0.7034602245172576,0.7034602245172576,-1.5276045368201039,0.4576812865012563,0.2457789380160011
140.0,-115.0,0.025475293895081193,-0.017942709055579865,-0.030867111624575172,-0.031114089858268988,0.05377542724187665,0.004819547414239681,0.004819547414239681,-23.169937428248236,0.003201366524958902,0.001618180889280779,0.5737556445523431,0.5737556445523431,-2.412730288867049,0.3811150624951074,0.19264058205723564,0.6788094949633353,0.6788094949633353,-1.6825209154389862,0.4508966936561834,0.22791280130715197
140.0,-110.0,0.024765968026597977,-0.01572566103162516,-0.03368880016081774,-0.028462414365761877,0.05296880095848771,0.0046760462948852504,0.0046760462948852504,-23.30121197785288,0.003241664109003363,0.001434382185881888,0.5566721779625299,0.5566721779625299,-2.544004838471695,0.38591239392897186,0.17075978403355807,0.658598069702148,0.658598069702148,-1.8137954650436323,0.4565724097187835,0.20202565998336447
140.0,-105.0,0.023505238281637333,-0.01321135704780092,-0.03642903755448392,-0.026206586486048854,0.05235356849459057,0.004568052604348596,0.004568052604348596,-23.40268903526049,0.0033563541813306876,0.0012116984230179074,0.5438157862319758,0.5438157862319758,-2.645481895879305,0.399565973967939,0.1442498122640366,0.6433876907533234,0.6433876907533234,-1.9152725224512424,0.47272594103249127,0.170661749720832
140.0,-100.0,0.02173089015577357,-0.010504933677134266,-0.03900613044488098,-0.024385296612629843,0.05194907238529187,0.004497737573531202,0.004497737573531202,-23.470058876491894,0.0035267850840867646,0.0009709524894444354,0.5354449492299049,0.5354449492299049,-2.712851737110713,0.41985536715318633,0.11558958207671849,0.6334841652860846,0.6334841652860846,-1.9826423636826498,0.4967302935333471,0.13675387175273734
140.0,-95.0,0.019505376312729854,-0.007712625384325877,-0.04134403132626846,-0.023019089453372082,0.051760522611252344,0.004465147640149959,0.004465147640149959,-23.50164176586774,0.0037319244218578184,0.0007332232182921398,0.5315651952559475,0.5315651952559475,-2.744434626486557,0.4442767168878355,0.08728847836811188,0.6288940338239378,0.6288940338239378,-2.014225253058494,0.5256231580081433,0.10327087581579433
140.0,-90.0,0.01691296058510395,-0.004936733203974857,-0.04337702558181578,-0.02211068648088938,0.05177710281062656,0.004468008696866433,0.004468008696866433,-23.498859902123314,0.003950654934451547,0.0005173537624148868,0.531905797246004,0.531905797246004,-2.741652762742131,0.4703160636251842,0.061589733620819855,0.6292969995586526,0.6292969995586526,-2.011443389314067,0.5564302724579644,0.07286672710068827
140.0,-85.0,0.014055211680217882,-0.002271155737761759,-0.045053659650741124,-0.02164614227816877,0.05197205833149622,0.0045017186889399815,0.0045017186889399815,-23.466216474204003,0.0041638814418113,0.0003378372471286814,0.535918891540474,0.535918891540474,-2.709009334822818,0.4957001716442023,0.040218719896271606,0.6340448857661946,0.6340448857661946,-1.9787999613947547,0.5864621749029999,0.04758271086319457
140.0,-80.0,0.01104525774315485,0.00020227678911911972,-0.04633963376033485,-0.021596705845964237,0.05230504750931032,0.0045595892384602005,0.0045595892384602005,-23.410742800340923,0.004356196306026532,0.0002033929324336679,0.5428082426738335,0.5428082426738335,-2.6535356609597365,0.5185947983364919,0.02421344433734142,0.6421956673887607,0.6421956673887607,-1.923326287531674,0.6135487754966945,0.0286468918920659
140.0,-75.0,0.008001302182491283,0.0024164995197190637,-0.047219478519456126,-0.021921237297903816,0.05272646491909665,0.004633357680398404,0.004633357680398404,-23.341041723573163,0.004516926579169102,0.00011643110122930316,0.551590200047429,0.551590200047429,-2.5838345841919814,0.5377293546629883,0.013860845384440854,0.6525855887885075,0.6525855887885075,-1.853625210763918,0.6361868421364932,0.01639874665201453
140.0,-70.0,0.005039939081191238,0.00432084859097558,-0.04769693238985896,-0.022569016254633468,0.05318297258139057,0.004713936564913235,0.004713936564913235,-23.266162660402706,0.0046404870978357165,7.344946707751937e-05,0.5611829243944327,0.5611829243944327,-2.508955521021525,0.5524389402185378,0.008743984175895163,0.6639347274525682,0.6639347274525682,-1.7787461475934616,0.6535897320895375,0.010344995363030896
140.0,-65.0,0.0022697956535159274,0.005881613929912454,-0.04779403533884805,-0.023482766664933208,0.053623273855109,0.004792312929015558,0.004792312929015558,-23.19454831080458,0.004726072231704276,6.624069731128044e-05,0.5705134439304236,0.5705134439304236,-2.437341171423397,0.5626276466314615,0.007885797298961958,0.6749736519740223,0.6749736519740223,-1.7071317979953329,0.6656439762963768,0.009329675677645132
140.0,-60.0,-0.00021402674807733126,0.007081557329630196,-0.047549051410736023,-0.02460171382414308,0.054003248743085645,0.0048604702830693175,0.0048604702830693175,-23.133217078033937,0.004776815151138889,8.365513193042978e-05,0.5786274146511092,0.5786274146511092,-2.376009938652757,0.5686684703736774,0.009958944277432118,0.6845732793055377,0.6845732793055377,-1.645800565224693,0.67279086635759,0.011782412947947858
140.0,-55.0,-0.002334336944806217,0.007918512543046976,-0.04701342490991403,-0.02586448661511711,0.0542898310873222,0.004912193872312403,0.004912193872312403,-23.08724500984578,0.004798609931803346,0.00011358394050905925,0.5847849847990958,0.5847849847990958,-2.3300378704645954,0.5712630871194461,0.01352189767964991,0.6918582918749865,0.6918582918749865,-1.5998284970365324,0.6758605537751191,0.0159977380998675
140.0,-50.0,-0.004034812961974661,0.008403249462153371,-0.04624805300734409,-0.02721168697087636,0.05446331455147006,0.004943637918923142,0.004943637918923142,-23.059533452760714,0.004798817468826252,0.0001448204500968915,0.5885283236813266,0.5885283236813266,-2.302326313379531,0.5712877939078871,0.017240529773439466,0.6962870308342454,0.6962870308342454,-1.572116939951468,0.6758897843417255,0.02039724649251993
140.0,-45.0,-0.005281427790050206,0.008556840599287956,-0.045319211647106616,-0.028587974648863094,0.05451803590906793,0.004953577030516761,0.004953577030516761,-23.05081079129843,0.004785059333069153,0.0001685176974476078,0.5897115512519953,0.5897115512519953,-2.293603651917248,0.5696499206034706,0.02006163064852474,0.697686905706586,0.697686905706586,-1.5633942784891839,0.6739520187421342,0.023734886964451807
140.0,-40.0,-0.006062378467995955,0.008407806310042426,-0.04429449249199024,-0.029943561578432577,0.05446156979706675,0.004943321181099203,0.004943321181099203,-23.059811713220384,0.004764252667063821,0.00017906851403538219,0.5884906167975241,0.5884906167975241,-2.302604573839199,0.5671729365552168,0.021317680242307405,0.6962424198731271,0.6962424198731271,-1.5723952004111355,0.671021502403355,0.025220917469772137
140.0,-35.0,-0.006386687164113224,0.007989325973015833,-0.043239090781777276,-0.031235074537548507,0.05431268687366094,0.00491633076809483,0.00491633076809483,-23.08358905703018,0.004741969705157925,0.00017436106293690514,0.5852774723922417,0.5852774723922417,-2.3263819176489946,0.5645202029949911,0.020757269397250613,0.6924409532527929,0.6924409532527929,-1.5961725442209316,0.6678830570644964,0.024557896188296496
140.0,-30.0,-0.006281750524295478,0.007336778642943871,-0.042212726990037586,-0.03242581989629034,0.05409839948082707,0.004877613131831946,0.004877613131831946,-23.11792648748299,0.004722135610566423,0.00015547752126552288,0.5806682299799937,0.5806682299799937,-2.3607193481018083,0.5621590012579075,0.01850922872208606,0.6869877650467531,0.6869877650467531,-1.6305099746737448,0.6650895226149891,0.021898242431763786
140.0,-25.0,-0.005790187309599201,0.006485817548798988,-0.04126739436362307,-0.033485556447110924,0.05385046356803248,0.004833006849556951,0.004833006849556951,-23.15782589358806,0.004707022987028367,0.0001259838625285849,0.5753579582805894,0.5753579582805894,-2.40061875420688,0.5603598794081389,0.014998078872450584,0.6807051900784439,0.6807051900784439,-1.6704093807788163,0.6629609840885023,0.017744205989941534
140.0,-20.0,-0.004966366954383904,0.005471095585825186,-0.0404460107253285,-0.034389936672819,0.053601727729511876,0.0047884625474749025,0.0047884625474749025,-23.198039050255595,0.004697468545153108,9.09940023217928e-05,0.5700550651755837,0.5700550651755837,-2.440831910874413,0.5592224458515606,0.010832619324022952,0.674431344714775,0.674431344714775,-1.7106225374463502,0.6616152880497336,0.012816056665041237
140.0,-15.0,-0.00387298819202922,0.004325658863317695,-0.03978193192370116,-0.03511980081639933,0.05338271142516979,0.004749411240012047,0.004749411240012047,-23.23360224282899,0.004693226960100455,5.618427991159183e-05,0.5654061000014342,0.5654061000014342,-2.4763951034478056,0.5587174952500542,0.00668860475137998,0.6689311605650771,0.6689311605650771,-1.7461857300197423,0.6610178817042894,0.007913278860787581
140.0,-10.0,-0.0025780166223139636,0.0030809317725129853,-0.03929917423591723,-0.03566049688510771,0.05321874147337161,0.004720279534506323,0.004720279534506323,-23.26032281726321,0.004693382984345,2.6896550161322947e-05,0.5619380398221813,0.5619380398221813,-2.5031156778820285,0.558736069564881,0.003201970257300351,0.6648281034515947,0.6648281034515947,-1.7729063044539652,0.66103985695,0.0037882465015947804
140.0,-5.0,-0.0011521891056338004,0.001767147694801933,-0.03901311140386528,-0.036001357799720926,0.053127873809746186,0.004704174133159572,0.004704174133159572,-23.2751661047133,0.004696757056715199,7.4170764443732825e-06,0.5600207301380444,0.5600207301380444,-2.517958965332117,0.5591377448470476,0.0008829852909968195,0.6625597370647285,0.6625597370647285,-1.7877495919040545,0.6615150784105914,0.0010446586541370821
140.0,0.0,0.0003328348586419341,0.00041404510461999787,-0.038931372026468083,-0.03613540690885015,0.05311969100741478,0.004702725162594187,0.004702725162594187,-23.27650401618908,0.0047022548196887295,4.703429054588779e-07,0.5598482336421651,0.5598482336421651,-2.5192968768078967,0.5597922404391346,5.599320303081879e-05,0.6623556567034066,0.6623556567034066,-1.7890875033798328,0.6622894112237646,6.624547964209546e-05
140.0,5.0,0.0018057287671219833,-0.0009483498060679637,-0.03905467092838876,-0.03605930152128887,0.05319492993945045,0.0047160565127526855,0.0047160565127526855,-23.264209993721995,0.004709123303201019,6.933209551665629e-06,0.5614352991372246,0.5614352991372246,-2.5070028543408096,0.5606099170477403,0.0008253820894840035,0.6642333116553077,0.6642333116553077,-1.776793480912747,0.663256803267749,0.0009765083875585393
140.0,10.0,0.0031963336321450143,-0.0022890043178414718,-0.0393773621234417,-0.03577347613145676,0.053345799570197146,0.004742845482496501,0.004742845482496501,-23.239610240287615,0.0047170859402761835,2.575954222031855e-05,0.5646244622019644,0.5646244622019644,-2.4824031009064322,0.5615578500328791,0.003066612169085542,0.6680064059854227,0.6680064059854227,-1.752193727478368,0.6643783014473497,0.003628104538073035
140.0,15.0,0.004436324449562549,-0.0035753330691071705,-0.039887592176585,-0.035282422084336656,0.05355682308501588,0.004780442875362724,0.004780442875362724,-23.20531867108276,0.004726337514741277,5.41053606214487e-05,0.5691003423050863,0.5691003423050863,-2.4481115317015787,0.5626592279453901,0.006441114359696276,0.6733018134313697,0.6733018134313697,-1.7179021582735148,0.6656813401044052,0.0076204733269646064
140.0,20.0,0.005459991932428662,-0.0047728939621200376,-0.04056704668019646,-0.03459503991942717,0.05380607857905857,0.0048250431464476355,0.0048250431464476355,-23.164987987594962,0.0047373918303068585,8.765131614077715e-05,0.5744098983866234,0.5744098983866234,-2.4077808482137777,0.5639752178936737,0.010434680492949662,0.6795835417531881,0.6795835417531881,-1.6775714747857147,0.6672382859587125,0.012345255794475655
140.0,25.0,0.00620539629887537,-0.00584536842394018,-0.04139040091682796,-0.033725017846099686,0.054066786403606314,0.0048719142088034725,0.0048719142088034725,-23.12300367947286,0.004750791603612835,0.00012112260519063804,0.5799897867623183,0.5799897867623183,-2.3657965400916767,0.565570429001528,0.014419357760790242,0.686185099831475,0.686185099831475,-1.6355871666636141,0.6691255779736387,0.01705952185783634
140.0,30.0,0.006616069932944167,-0.0067548574363150244,-0.04232468835022966,-0.03269121227638854,0.05430925413211372,0.004915709330985607,0.004915709330985607,-23.084138051348802,0.004766712040655873,0.00014899729032973378,0.5852034917840009,0.5852034917840009,-2.3269309119676205,0.5674657191256992,0.017737772658301638,0.6923534268993812,0.6923534268993812,-1.5967215385395575,0.6713678930501229,0.020985533849258275
140.0,35.0,0.006643324428116115,-0.007462525666257478,-0.04332886776655097,-0.03151802004909038,0.05450320558024893,0.00495088239256742,0.00495088239256742,-23.05317390143097,0.004784514564081482,0.00016636782848593738,0.5893907610199309,0.5893907610199309,-2.295966762049784,0.5695850671525575,0.019805693867373502,0.6973073792348478,0.6973073792348478,-1.5657573886217213,0.6738752907157017,0.023432088519146112
140.0,40.0,0.006249074095795144,-0.007929628711064974,-0.04435388626161512,-0.030235726458449547,0.05462047527739538,0.004972210058449735,0.004972210058449735,-23.034505322229602,0.004802330829733661,0.00016987922871607557,0.5919297688630637,0.5919297688630637,-2.2772981828484196,0.5717060511587692,0.02022371770429471,0.7003112758379908,0.7003112758379908,-1.547088809420356,0.6763846239061493,0.023926651931841625
140.0,45.0,0.005408945985080478,-0.008118950883544439,-0.045343493485807775,-0.028880786047569766,0.05463795626066112,0.004975393224812817,0.004975393224812817,-23.031725895679735,0.004816773528217628,0.00015861969659518776,0.5923087172396211,0.5923087172396211,-2.2745187562985536,0.5734254200259082,0.01888329721371283,0.7007596091285656,0.7007596091285656,-1.5443093828704912,0.6784188067912152,0.022340802337350387
140.0,50.0,0.0041153299643543004,-0.007996653875948764,-0.04623596612419095,-0.02749595194919611,0.05454057527160008,0.0049576737866253206,0.0049576737866253206,-23.04722053068289,0.0048228729391991,0.00013480084742621858,0.5901992603125382,0.5901992603125382,-2.2900133913017027,0.5741515403808454,0.01604771993169269,0.6982639136092,0.6982639136092,-1.5598040178736396,0.6792778787604367,0.01898603484876318
140.0,55.0,0.002379952487515246,-0.007534487703582644,-0.04696676527483566,-0.026130130062479977,0.05432396723603585,0.00491837315468731,0.00491837315468731,-23.081785246266293,0.004814321141394701,0.00010405201329261016,0.5855206136532513,0.5855206136532513,-2.324578106885106,0.5731334692136549,0.012387144439596449,0.6927286133362409,0.6927286133362409,-1.5943687334570422,0.6780734001964367,0.014655213139804247
140.0,60.0,0.00023554893608144408,-0.006712250844707602,-0.04747199676587396,-0.02483781480002104,0.053996456510430925,0.0048592477133307475,0.0048592477133307475,-23.134309610336214,0.004784066493359572,7.518121997117766e-05,0.5784818706346129,0.5784818706346129,-2.37710247095503,0.5695317253999491,0.00895014523466401,0.6844010863846123,0.6844010863846123,-1.646893097526967,0.67381218216332,0.010588904221292628
140.0,65.0,-0.0022637324774482624,-0.005520319979163838,-0.047692403135538124,-0.023677977193258995,0.05357994343230487,0.004784571176852516,0.004784571176852516,-23.20156980326471,0.004725241878927343,5.932929792517121e-05,0.5695918067681567,0.5695918067681567,-2.4443626638835276,0.562528795110398,0.007063011657758478,0.6738832643454247,0.6738832643454247,-1.7141532904554648,0.6655270252010342,0.00835623914439031
140.0,70.0,-0.005043442479308593,-0.00396201760156301,-0.04757751174898528,-0.02271232723020688,0.05310935254692924,0.00470089479776725,0.00470089479776725,-23.27819467863099,0.004632339920329408,6.85548774378423e-05,0.5596303330675299,0.5596303330675299,-2.520987539249803,0.5514690381344535,0.008161294933076463,0.6620978588404578,0.6620978588404578,-1.790778165821739,0.6524422422999167,0.009655616540541166
140.0,75.0,-0.008011540175997629,-0.002055561811349161,-0.04708951459491237,-0.022002951973866872,0.052630432172847096,0.004616495224055814,0.004616495224055814,-23.3568760939769,0.004502481059539739,0.00011401416451607411,0.5495827647685493,0.5495827647685493,-2.599668954595717,0.5360096499452071,0.013573114823342159,0.6502105949374386,0.6502105949374386,-1.8694595811676529,0.6341522619070055,0.016058333030432973
140.0,80.0,-0.011062596658872563,0.0001646466520566892,-0.04620646843552774,-0.021609422080182704,0.0521959098136994,0.004540581363482901,0.004540581363482901,-23.428885377181594,0.004336572580816785,0.0002040087826661167,0.5405454004146311,0.5405454004146311,-2.6716782378004105,0.5162586405734267,0.02428675984120437,0.6395185018990001,0.6395185018990001,-1.9414688643723474,0.6107848705375752,0.02873363136142489
140.0,85.0,-0.014083212575282342,0.002647601773307255,-0.04492447329689429,-0.02158554222617905,0.051860298936586724,0.004482378742204426,0.004482378742204426,-23.484914501882677,0.004140142352332714,0.0003422363898717122,0.5336165169290984,0.5336165169290984,-2.727707362501492,0.4928740895634184,0.04074242736568004,0.6313209496062572,0.6313209496062572,-1.9974979890734288,0.5831186411736217,0.04820230843263553
140.0,90.0,-0.01695822778923909,0.005326269012530562,-0.04325859672089025,-0.02197598039797911,0.051673983164243716,0.004450229383391536,0.004450229383391536,-23.51617603092388,0.003923657403374411,0.0005265719800171255,0.5297892123085163,0.5297892123085163,-2.758968891542699,0.467102071830287,0.06268714047822924,0.6267928709002163,0.6267928709002163,-2.028759518114636,0.5526278032921705,0.07416506760804584
140.0,95.0,-0.019577211927369442,0.008119218140711228,-0.04124243990454035,-0.022813040083463153,0.0516774861733319,0.004450832771070213,0.004450832771070213,-23.515587229418735,0.0037022021913524837,0.0007486305797177289,0.5298610441750254,0.5298610441750254,-2.7583800900375484,0.44073835611339096,0.0891226880616344,0.6268778550803117,0.6268778550803117,-2.0281707166094853,0.5214369283595047,0.10544092672080688
140.0,100.0,-0.021840693734376505,0.010933288590244682,-0.03892637054649148,-0.024113839606992718,0.05189693908807086,0.00448871472779901,0.00448871472779901,-23.478779945269544,0.0034944836473218897,0.0009942310804771214,0.5343708009284537,0.5343708009284537,-2.7215728058883606,0.41600995801451074,0.11836084291394304,0.6322133419435225,0.6322133419435225,-1.9913634324602976,0.49218079539744924,0.14003254654607344
140.0,105.0,-0.023665611555113618,0.013667186493715393,-0.03637456284666136,-0.025878140270170234,0.052341571652557844,0.004565959301901672,0.004565959301901672,-23.404679638572375,0.0033212333649645788,0.0012447259369370927,0.5435665835597229,0.5435665835597229,-2.6474724991911924,0.3953849244005451,0.1481816591591777,0.6430928594227706,0.6430928594227706,-1.9172631257631298,0.46777934717810965,0.17531351224466094
140.0,110.0,-0.02498953899076601,0.016215839358346373,-0.033661081850545865,-0.028087025542120874,0.05300358422049973,0.00468218959222093,0.00468218959222093,-23.295510047384337,0.003203173594720105,0.0014790159975008254,0.5574035228834441,0.5574035228834441,-2.538302908003154,0.3813301898476317,0.17607333303581255,0.6594633228480182,0.6594633228480182,-1.8080935345750913,0.45115121052395846,0.2083121123240599
140.0,115.0,-0.02577335019371732,0.01847526571087342,-0.030865326001797297,-0.030702579688269345,0.05386016869642275,0.0048347490510374696,0.0048347490510374696,-23.15626063169001,0.0031587868296968366,0.001675962221340633,0.5755653632187464,0.5755653632187464,-2.3990534923088283,0.37604605115438533,0.19951931206436108,0.6809505705686576,0.6809505705686576,-1.6688441188807654,0.44489955347842775,0.23605101709023
140.0,120.0,-0.026002130095310296,0.02034765723609921,-0.028067197498790407,-0.03366864510317137,0.05487698208730719,0.00501902036144486,0.00501902036144486,-22.99381042444022,0.0032021666240542777,0.0018168537373905822,0.597502423981531,0.597502423981531,-2.2366032850590374,0.3812103123874141,0.21629211159411696,0.7069042762598394,0.7069042762598394,-1.5063939116309741,0.45100938366961657,0.25589489259022286
140.0,125.0,-0.025684296429753818,0.0217463295157954,-0.025342401117714006,-0.036912652753461325,0.056012205439615985,0.005228822077371684,0.005228822077371684,-22.815961357818047,0.0033412233299864548,0.0018875987473852317,0.6224788187347243,0.6224788187347243,-2.0587542184368646,0.3977646821412446,0.22471413659347997,0.7364538137143217,0.7364538137143217,-1.3285448450088009,0.47059483520935974,0.2658589785049622
140.0,130.0,-0.02484906923443771,0.022600187287319107,-0.02275827182650838,-0.04034842409090292,0.05722044189263466,0.005456836392525371,0.005456836392525371,-22.630590670870376,0.00357647284678741,0.0018803635457379606,0.6496233800625443,0.6496233800625443,-1.8733835314891896,0.42577057699850124,0.22385280306404295,0.7685685059894889,0.7685685059894889,-1.1431741580611263,0.5037285699700578,0.26483993601943107
140.0,135.0,-0.023542581825043204,0.0228573817039315,-0.02037049288396914,-0.04387974762055132,0.058455985911856745,0.0056950363116490925,0.0056950363116490925,-22.44503502506996,0.0039005568257133236,0.0017944794859357691,0.6779805132915586,0.6779805132915586,-1.6878278856887754,0.46435200306110996,0.21362851023044874,0.8021177903731116,0.8021177903731116,-0.9576185122607117,0.5493742008046935,0.2527435895684182
140.0,140.0,-0.02182305564672936,0.022487912409866216,-0.01822098632761589,-0.047404456768126456,0.05967527818574788,0.005935091552197102,0.005935091552197102,-22.265725774158195,0.004298543503929761,0.0016365480482673398,0.7065585181187026,0.7065585181187026,-1.5085186347770116,0.5117313695154477,0.19482714860325476,0.8359283876333946,0.8359283876333946,-0.778309261348948,0.6054286625253185,0.230499725108076
140.0,145.0,-0.019755543231660868,0.021485036491557575,-0.016337141164859664,-0.05081869547729704,0.06083855909599097,0.006168738458237644,0.006168738458237644,-22.098036425542137,0.004748958104607257,0.0014197803536303857,0.734373625980672,0.734373625980672,-1.3408292861609539,0.5653521553103878,0.169021470670284,0.8688364025686822,0.8688364025686822,-0.6106199127328908,0.6688673386770784,0.1999690638916036
140.0,150.0,-0.01740676878927625,0.019865469391819955,-0.014732403549613061,-0.054021064668441025,0.0619108360152017,0.0063881021956014,0.0063881021956014,-21.94628144720351,0.005225408797870112,0.0011626933977312904,0.7604883566192143,0.7604883566192143,-1.1890743078223251,0.6220724759369182,0.1384158806822965,0.899732703605831,0.899732703605831,-0.4588649343942616,0.735973070122551,0.16375963348328035
140.0,155.0,-0.014840563208768415,0.01766847530297535,-0.013408106178750077,-0.056916395020204354,0.06286231517596118,0.006585962622823454,0.006585962622823454,-21.813807383595474,0.0056986213013056255,0.0008873413215178301,0.7840431693837446,0.7840431693837446,-1.0566002442142923,0.6784072977744793,0.1056358716092655,0.927600369411754,0.927600369411754,-0.3263908707862293,0.80262271849375,0.12497765091800424
140.0,160.0,-0.012114305825410586,0.014954025557274559,-0.012356281724319261,-0.05941897616429933,0.06366845146902442,0.00675596035646692,0.00675596035646692,-21.7031290750514,0.006138676089126378,0.0006172842673405368,0.8042809948174906,0.8042809948174906,-0.9459219356702151,0.7307947725150451,0.07348622230244486,0.9515437121784394,0.9515437121784394,-0.21571256224215235,0.8646022660741378,0.08694144610430095
140.0,165.0,-0.009276661502612783,0.011800241909292518,-0.011563105559646486,-0.061455168283211944,0.06430976035294571,0.006892746407561123,0.006892746407561123,-21.61607699428751,0.006517251657624129,0.0003754947499369972,0.8205650485191814,0.8205650485191814,-0.858869854906325,0.7758632925743011,0.04470175594488062,0.970809353177623,0.970809353177623,-0.12866048147826192,0.9179227686794547,0.05288658449816861
140.0,170.0,-0.006366754314596876,0.008300337952363445,-0.011012558049733279,-0.06296540724261677,0.06477152240493661,0.006992085463889445,0.006992085463889445,-21.553932719828136,0.006809704476243819,0.00018238098764562595,0.8323911266535055,0.8323911266535055,-0.7967255804469537,0.8106791043147404,0.021712022338765,0.9848007695618937,0.9848007695618937,-0.06651620701889055,0.959113306513214,0.02568746304867971
140.0,175.0,-0.0034147653664700003,0.004559236678683178,-0.010689889189990785,-0.06390567196523518,0.06504349238642419,0.0070509270562508644,0.0070509270562508644,-21.517537781936994,0.0069968495609338405,5.407749531702212e-05,0.8393960781251029,0.8393960781251029,-0.7603306425558133,0.8329582810635525,0.006437797061550253,0.9930883177818117,0.9930883177818117,-0.030121269127750056,0.9854717691456113,0.007616548636200298
140.0,180.0,-0.0004437974738002318,0.0006899911464793452,-0.010584503170421724,-0.06424850481640336,0.06511969842135364,0.007067458701222327,0.007067458701222327,-21.507367206359184,0.007066336987682259,1.121713540064098e-06,0.8413641310978961,0.8413641310978961,-0.7501600669779978,0.8412305937716975,0.0001335373261981069,0.9954167184820178,0.9954167184820178,-0.019950693549934253,0.995258730659473,0.00015798782254423913
145.0,-180.0,-0.0004291116470126261,0.00065822044233415,-0.007787167497087653,-0.061435152563072574,0.06193169898389685,0.006392408299038197,0.006392408299038197,-21.943354933379737,0.0063913793383523956,1.0289606857991574e-06,0.7610009879807378,0.7610009879807378,-1.186147793998554,0.7608784926609996,0.00012249531973799495,0.9003391970476332,0.9003391970476332,-0.4559384205704914,0.9001942730073796,0.00014492404025340244
145.0,-175.0,0.002536013011831294,-0.0032158699296096307,-0.00790797189143134,-0.06117379762588852,0.06181862758755793,0.006369087811409704,0.006369087811409704,-21.95922763400759,0.006341133167661877,2.7954643747826554e-05,0.7582247394535363,0.7582247394535363,-1.2020204946264077,0.7548968056740331,0.0033279337795031616,0.8970546213253104,0.8970546213253104,-0.47181112119834445,0.8931173475580109,0.0039372737672995145
145.0,-170.0,0.005477626142741216,-0.006989826752942442,-0.008276693161339155,-0.060323478415666376,0.061532818593398736,0.006310330941066572,0.006310330941066572,-21.99947863876281,0.006178897260532031,0.00013143368053454208,0.7512298739364968,0.7512298739364968,-1.2422714993816284,0.7355830072061942,0.01564686673030263,0.8887790057840241,0.8887790057840241,-0.5120621259535656,0.8702672197932437,0.01851178599078057
145.0,-165.0,0.008368967466439281,-0.010556893254839073,-0.008898506895538649,-0.058908704169602526,0.061081146547523814,0.006218030948090729,0.006218030948090729,-22.063471207374103,0.005915558721315065,0.00030247222677566387,0.7402417795346107,0.7402417795346107,-1.306264067992919,0.7042331811089365,0.036008598425674276,0.8757790067733421,0.8757790067733421,-0.5760546945648558,0.8331772846922628,0.042601722081079416
145.0,-160.0,0.011178957872149897,-0.013817014810242556,-0.009781078520835615,-0.056970547460210415,0.060474720109485444,0.006095176023708988,0.006095176023708988,-22.150137477943055,0.00556872343083221,0.0005264525928767785,0.7256161932986891,0.7256161932986891,-1.3929303385618703,0.6629432655752631,0.06267292772342602,0.8584754962970406,0.8584754962970406,-0.6627209651338068,0.7843272437791845,0.07414825251785612
145.0,-155.0,0.013870540043411442,-0.016680349111385773,-0.010932488467796944,-0.05456553828135463,0.059728914267765484,0.005945765255833785,0.005945765255833785,-22.25792241129823,0.005161407188643297,0.0007843580671904867,0.7078291971230696,0.7078291971230696,-1.5007152719170491,0.6144532367432497,0.09337596037981985,0.8374317261737724,0.8374317261737724,-0.7705058984889859,0.7269587589638445,0.11047296720992768
145.0,-150.0,0.016399927358397366,-0.019070560349745986,-0.012358568505523505,-0.05176400278071707,0.05886331700475108,0.005774680768422215,0.005774680768422215,-22.384720191145576,0.0047202991263418205,0.0010543816420803928,0.68746199624074,0.68746199624074,-1.6275130517643928,0.5619403721835501,0.1255216240571896,0.8133353194960866,0.8133353194960866,-0.8973036783363297,0.6648308628650451,0.14850445663104123
145.0,-145.0,0.018716968664811075,-0.020927753434205058,-0.014059962272061148,-0.048647828380088534,0.05790155028142797,0.005587517571469103,0.005587517571469103,-22.527810981007104,0.004273722223626631,0.0013137953478424725,0.6651806632701314,0.6651806632701314,-1.7706038416259187,0.5087764551936466,0.15640420807648484,0.7869743058407187,0.7869743058407187,-1.0403944681978556,0.6019327075530465,0.1850415982876722
145.0,-140.0,0.02076671396375227,-0.022210879337720126,-0.016029277161956828,-0.04530767483618491,0.056870930141886725,0.005390377499594983,0.005390377499594983,-22.683808191824365,0.0038494478528230533,0.0015409296467719317,0.6417116070946409,0.6417116070946409,-1.926601052443183,0.45826760152655405,0.1834440055680871,0.7592080985345045,0.7592080985345045,-1.1963916790151203,0.5421757539187398,0.21703234461576504
145.0,-135.0,0.022492122503483005,-0.022899432604773493,-0.01824870572426195,-0.041839702383611385,0.05580193136883469,0.005189636977674453,0.005189636977674453,-22.848630205921747,0.0034725447835905732,0.001717092194083879,0.6178139259136254,0.6178139259136254,-2.0914230665405635,0.4133981885226873,0.204415737390938,0.7309347855879511,0.7309347855879511,-1.3612136931125,0.4890908145902215,0.24184397099772945
145.0,-130.0,0.023837707242188602,-0.022994275346777525,-0.02068845644294742,-0.03834194595723449,0.054727415753595875,0.004991699125202268,0.004991699125202268,-23.01751599648216,0.0031634538881909475,0.0018282452370113201,0.5942498958574128,0.5942498958574128,-2.260308857100975,0.37660165335606527,0.21764824250134765,0.7030562148172208,0.7030562148172208,-1.5300994836729112,0.44555688566069684,0.25749932915652396
145.0,-125.0,0.024753778471099747,-0.02251746362187754,-0.023306248392377115,-0.03491051810871707,0.053681572306566276,0.0048027388606652,0.0048027388606652,-23.185110266142782,0.0029364733005929995,0.0018662655600721995,0.5717546262696667,0.5717546262696667,-2.4279031267615996,0.34958015483249993,0.22217447143716662,0.6764420930514365,0.6764420930514365,-1.6976937533335366,0.4135877888159154,0.26285430423552103
145.0,-120.0,0.025200854751563705,-0.021511020790902533,-0.02604800282287969,-0.03163586124706025,0.052698512916210916,0.004628446397295983,0.004628446397295983,-23.345647615324868,0.002798811009054798,0.0018296353882411845,0.5510055234876171,0.5510055234876171,-2.588440475943681,0.33319178679223793,0.21781373669537912,0.6518938587740821,0.6518938587740821,-1.8582311025156184,0.3941987336696899,0.2576951251043922
145.0,-115.0,0.025153766932061217,-0.02003469004413144,-0.0288497252085848,-0.028599283072039326,0.051810485742582686,0.004473771990122084,0.004473771990122084,-23.493261538905212,0.002750311266567281,0.0017234607235548044,0.5325919035859624,0.5325919035859624,-2.736054399524029,0.32741800792467635,0.20517389566128624,0.6301087310031104,0.6301087310031104,-2.005845026095966,0.3873677840235607,0.24274094697954987
145.0,-110.0,0.024604998540880465,-0.018162790923156303,-0.03164043471845032,-0.025869993453126853,0.05104573045566457,0.004342675353423412,0.004342675353423412,-23.622426360963814,0.0027838905314566437,0.0015587848219667665,0.5169851611218347,0.5169851611218347,-2.8652192215826338,0.3314155394591243,0.1855696216627103,0.6116444159751283,0.6116444159751283,-2.1350098481545707,0.39209725795163997,0.21954715802348823
145.0,-105.0,0.02356688098612791,-0.015980386427974884,-0.03434588394126662,-0.023502819002616974,0.05042611302270334,0.004237888283488666,0.004237888283488666,-23.728504960688067,0.0028866357347717125,0.0013512525487169532,0.5045105099391269,0.5045105099391269,-2.9712978213068837,0.34364711128234676,0.16086339865678015,0.596885673730798,0.596885673730798,-2.2410884478788202,0.40656841334812843,0.19031726038266944
145.0,-100.0,0.02207238291005612,-0.013579024855573026,-0.03689273399473229,-0.021536711414611623,0.04996482526256592,0.004160708250014159,0.004160708250014159,-23.808327359857483,0.0030414346134930454,0.0011192736365211132,0.49532241071597133,0.49532241071597133,-3.051120220476296,0.36207554922536256,0.13324686149060871,0.5860152464808674,0.5860152464808674,-2.3209108470482325,0.4283710723229641,0.15764417415790324
145.0,-95.0,0.02017438120089654,-0.01105234662450407,-0.039212815203114884,-0.01999409844586363,0.0496645635394473,0.004110851271341164,0.004110851271341164,-23.860682355048056,0.00322893867715748,0.000881912594183684,0.48938705611204336,0.48938705611204336,-3.103475215666873,0.38439746156636667,0.10498959454567668,0.5789931368086146,0.5789931368086146,-2.3732658422388093,0.454780095374293,0.12421304143432167
145.0,-90.0,0.01794345556163489,-0.008491841017245903,-0.04124711011371981,-0.01888106271572916,0.04951663945951068,0.0040863997003969775,0.0040863997003969775,-23.886591562578946,0.003429616904680407,0.0006567827957165717,0.486476154809164,0.486476154809164,-3.129384423197762,0.40828772674766745,0.07818842806149663,0.575549253577039,0.575549253577039,-2.3991750497696986,0.4830446344620291,0.0925046191150101
145.0,-85.0,0.015464389953231489,-0.005983006811093087,-0.04294913700333127,-0.018188280376373513,0.049501370077076515,0.004083879853336485,0.004083879853336485,-23.889270432258037,0.00362565110357872,0.000458228749757765,0.48617617301624827,0.48617617301624827,-3.1320632928768544,0.431625131378419,0.05455104163782918,0.57519434554035,0.57519434554035,-2.4018539194487913,0.5106550850110873,0.06453926052926268
145.0,-80.0,0.012831678132704326,-0.0036021226499967983,-0.04428747887719621,-0.01789261179432363,0.04958985373448294,0.004098492765569054,0.004098492765569054,-23.873758271690928,0.0038024543211550455,0.00029603844441400856,0.4879158054248874,0.4879158054248874,-3.116551132309746,0.4526731334708388,0.03524267195404864,0.5772525021928244,0.5772525021928244,-2.386341758881683,0.5355569466415557,0.041695555551268804
145.0,-75.0,0.010144408007032063,-0.0014137757807622363,-0.045247285931811515,-0.01795920876283281,0.04974693798972481,0.00412449922945718,0.00412449922945718,-23.846287731954014,0.003949657055628058,0.00017484217382912184,0.49101181303061664,0.49101181303061664,-3.0890805925728273,0.4701972685271498,0.020814544503466887,0.5809153844305887,0.5809153844305887,-2.3588712191447634,0.5562897261447969,0.02462565828579181
145.0,-70.0,0.0075009368104951065,0.0005307628501068295,-0.04583067048914136,-0.018343984865531005,0.0499349366723257,0.004155731928835832,0.004155731928835832,-23.81352474970069,0.004061491211998255,9.42407168375763e-05,0.4947299915280753,0.4947299915280753,-3.05631761031951,0.48351085857122084,0.011219132956854323,0.5853143561740608,0.5853143561740608,-2.326108236891447,0.5720410157744021,0.013273340399658634
145.0,-65.0,0.004993766307732715,0.0021942900461255892,-0.046056005773273116,-0.01899628519917367,0.05011753315855523,0.004186179927224748,0.004186179927224748,-23.7818210907867,0.004136593410866866,4.958651635788336e-05,0.4983547532410415,0.4983547532410415,-3.0246139514055153,0.49245159653176973,0.005903156709271829,0.5896028066513729,0.5896028066513729,-2.2944045779774527,0.5826187902629388,0.006984016388434277
145.0,-60.0,0.0027049875242888205,0.0035535809036116974,-0.045956227439576884,-0.019861588082548065,0.05026333073309017,0.00421057149672334,0.00421057149672334,-23.756589538012,0.0041773307886025235,3.324070812081673e-05,0.5012585115146834,0.5012585115146834,-2.999382398630818,0.4973012843574433,0.003957227157240087,0.5930382389751183,0.5930382389751183,-2.2691730252027544,0.5883564490989469,0.00468178987617137
145.0,-55.0,0.0007025938208162202,0.004598547897658013,-0.04557631331339793,-0.02088407582563041,0.05034863691477454,0.004224875864378383,0.004224875864378383,-23.741860470000837,0.004188809579327214,3.606628505117095e-05,0.502961412425998,0.502961412425998,-2.9846533306196523,0.4986678070627635,0.0042936053632346375,0.5950529386448425,0.5950529386448425,-2.2544439571915897,0.5899731801869315,0.005079758457911402
145.0,-50.0,-0.0009621321823648726,0.005330789446794134,-0.0449701762120983,-0.022008926519231285,0.050359235593270144,0.004226654773073386,0.004226654773073386,-23.740032232549893,0.0041777509011003185,4.8903871973069354e-05,0.5031731872706413,0.5031731872706413,-2.9828250931687093,0.49735129775003795,0.005821889520603495,0.5953034891652657,0.5953034891652657,-2.2526157197406467,0.5884156198732843,0.006887869291981599
145.0,-45.0,-0.0022560581135204353,0.005761710522457751,-0.04419724158270626,-0.023184206452977217,0.050291059829064566,0.004215218524487818,0.004215218524487818,-23.75179905850821,0.004151408183874666,6.381034061315208e-05,0.5018117291056927,0.5018117291056927,-2.9945919191270254,0.4942152599850794,0.007596469120613344,0.5936927499278617,0.5936927499278617,-2.264382545698963,0.5847053780105164,0.008987371917345364
145.0,-40.0,-0.0031644755861309033,0.005910423906359265,-0.04331899217305936,-0.024362283779446693,0.05014980528703926,0.004191572867553739,0.004191572867553739,-23.77622979534747,0.004116662938217009,7.490992933673028e-05,0.4989967699468738,0.4989967699468738,-3.019022655966284,0.49007892121631064,0.008917848730563128,0.5903623757117943,0.5903623757117943,-2.2888132825382215,0.5798116814390153,0.010550694272778912
145.0,-35.0,-0.003690315066988124,0.005801645542196619,-0.042395744584671116,-0.025500735856440734,0.0499496166591853,0.004158175711146507,0.004158175711146507,-23.81097162727253,0.004079381706976981,7.87940041695256e-05,0.49502091799363185,0.49502091799363185,-3.0537644878913484,0.4856406794020217,0.00938023859161019,0.5856585508657052,0.5856585508657052,-2.3235551144632853,0.5745608037995749,0.011097747066130363
145.0,-30.0,-0.0038524907667199957,0.005463777698952707,-0.04148387858795672,-0.026562779035653263,0.049711044694801074,0.004118549578450543,0.004118549578450543,-23.852557016803225,0.004044060413595726,7.448916485481715e-05,0.49030352124411225,0.49030352124411225,-3.095349877422044,0.48143576352330075,0.008867757720811567,0.5800774054155693,0.5800774054155693,-2.365140503993981,0.5695859737458768,0.010491431669692557
145.0,-25.0,-0.0036836221958031303,0.004927330191997228,-0.040633673721888953,-0.02751730138165061,0.04945851767661361,0.004076812238610111,0.004076812238610111,-23.89679289924665,0.00401373429916525,6.30779394448587e-05,0.48533479031072746,0.48533479031072746,-3.1395857598654637,0.4778255118053869,0.007509278505340323,0.5741989068464943,0.5741989068464943,-2.4093763864374007,0.5653146900232746,0.008884216823219535
145.0,-20.0,-0.003227407049473182,0.004223768700258838,-0.03988782618713425,-0.02833861621026779,0.049217600763793445,0.004037191928989145,0.004037191928989145,-23.939206036440464,0.003990099074627005,4.709285436213949e-05,0.480618086784422,0.480618086784422,-3.181998897059282,0.47501179459845294,0.005606292185968987,0.5686185815477669,0.5686185815477669,-2.4517895236312186,0.561985785158733,0.00663279638903373
145.0,-15.0,-0.0025359149728819644,0.003384810693336791,-0.03928063240322638,-0.02900607023349425,0.049012324986346174,0.004003585680093679,0.004003585680093679,-23.9755087279095,0.003973773368812367,2.9812311281310615e-05,0.4766173428682951,0.4766173428682951,-3.218301588528319,0.47306825819194853,0.003549084676346502,0.5638853070554476,0.5638853070554476,-2.488092215100256,0.5596863899735728,0.004198917081874734
145.0,-10.0,-0.0016670333454808308,0.0024421259820690817,-0.03883774575677558,-0.02950363231552539,0.048862846773032945,0.0039792025782002735,0.0039792025782002735,-24.00203950686476,0.0039646312890079085,1.4571289192363592e-05,0.47371459264288973,0.47371459264288973,-3.244832367483577,0.4719799153580844,0.0017346772848051896,0.5604510673521511,0.5604510673521511,-2.5146229940555145,0.5583987730997054,0.0020522942524455762
145.0,-5.0,-0.0006822288856210606,0.0014273512640386912,-0.03857635209286513,-0.02981956111580382,0.048783644121930744,0.003966313113614869,0.003966313113614869,-24.01613004163113,0.00396214193207858,4.171181536289453e-06,0.4721801325731988,0.4721801325731988,-3.2589229022499424,0.4716835633426881,0.0004965692305106492,0.5586356498049111,0.5586356498049111,-2.52871352882188,0.5580481594476873,0.0005874903572238666
145.0,0.0,0.0003552978907698961,0.00037230252715595395,-0.03850557731747081,-0.02994621066352416,0.048782372466074295,0.003966106334492424,0.003966106334492424,-24.016356461911744,0.0039656649352865355,4.4139920588832824e-07,0.47215551601100286,0.47215551601100286,-3.259149322530561,0.4721029684864923,5.254752451051527e-05,0.5586065259848484,0.5586065259848484,-2.5289399491024978,0.5585443570826105,6.216890223779272e-05
145.0,5.0,0.001382080743057415,-0.0006907339811772164,-0.03862694263922741,-0.029879992535324258,0.048859409658511856,0.003978642787077422,0.003978642787077422,-24.002650511941926,0.003974664113122903,3.978673954517781e-06,0.47364795084255024,0.47364795084255024,-3.2454433725607417,0.473174299181298,0.0004736516612521169,0.5603722235320312,0.5603722235320312,-2.515233999132679,0.5598118469187187,0.0005603766133123636
145.0,10.0,0.002335575985578773,-0.0017287375809423794,-0.03893471924488311,-0.029621480797252003,0.04900803950484058,0.004002885589155189,0.004002885589155189,-23.976268227624086,0.003988813506000429,1.4072083154760396e-05,0.47653399870895113,0.47653399870895113,-3.219061088242903,0.47485875071433686,0.0016752479946143329,0.563786702697914,0.563786702697914,-2.48885171481484,0.56180471915499,0.0019819835429239993
145.0,15.0,0.0031552260876056646,-0.002707798566993341,-0.03941609829611414,-0.02917562629924739,0.04921517651685897,0.0040367942294276295,0.0040367942294276295,-23.939633876473316,0.004007982200307402,2.8812029120226346e-05,0.4805707415985273,0.4805707415985273,-3.1824267370921295,0.4771407381318336,0.003430003466693613,0.5685625675250181,0.5685625675250181,-2.4522173636640665,0.5645045352545636,0.004058032270454415
145.0,20.0,0.003783575596608429,-0.0035931332600916267,-0.040051172658841463,-0.028552040342462944,0.049462526118122886,0.0040774730884045665,0.0040774730884045665,-23.89608896650891,0.004032097405881161,4.537568252340586e-05,0.48541346290530557,0.48541346290530557,-3.138881827127724,0.48001159593823356,0.005401866967072126,0.5742919842823333,0.5742919842823333,-2.408672453699661,0.5679010430818537,0.006390941200479699
145.0,25.0,0.00416759819385373,-0.004349311655036956,-0.04081280903851815,-0.027765309846036274,0.04972809265434379,0.004121374902539284,0.004121374902539284,-23.849578779048144,0.004060900682960358,6.047421957892707e-05,0.49063986934991477,0.49063986934991477,-3.092371639666963,0.4834405574952807,0.007199311854634176,0.5804753383858147,0.5804753383858147,-2.3621622662388995,0.5719578426704729,0.008517495715341841
145.0,30.0,0.00426033796856744,-0.004940730518332132,-0.041666557636471244,-0.026835310183092025,0.049987970508486725,0.004164563879243349,0.004164563879243349,-23.80430471989516,0.004093630054278011,7.093382496533756e-05,0.4957814141956367,0.4957814141956367,-3.0470975805139746,0.4873369112235728,0.008444502972063995,0.5865582928511758,0.5865582928511758,-2.3168882070859107,0.5765676132785931,0.009990679572582754
145.0,35.0,0.004022884006419705,-0.005332358737127941,-0.04257078735877994,-0.025787481404153247,0.05021836097431436,0.004203040611748389,0.004203040611748389,-23.76436413617448,0.004128679621241741,7.436099050664933e-05,0.500361977589094,0.500361977589094,-3.0071569967932947,0.49150947871925493,0.008852498869839208,0.5919775509504773,0.5919775509504773,-2.2769476233652313,0.581504172005879,0.010473378944598497
145.0,40.0,0.0034265995095602744,-0.005490773960701361,-0.0434772387722097,-0.02465302507485572,0.05039773922988643,0.004233120470655988,0.004233120470655988,-23.73339371734675,0.004163305143964447,6.981532669154191e-05,0.503942913173332,0.503942913173332,-2.976186577965568,0.4956315647576722,0.008311348415659753,0.596214150796618,0.596214150796618,-2.2459772045375055,0.5863810061921756,0.009833144604442522
145.0,45.0,0.002455431911157056,-0.005385494092080453,-0.044332151635886954,-0.02346896334730634,0.050509054651128094,0.004251840833399551,0.004251840833399551,-23.714230015499883,0.004193454388121039,5.838644527851269e-05,0.5061715277856609,0.5061715277856609,-2.9570228761186987,0.4992207604905999,0.0069507672950610356,0.5988508216055706,0.5988508216055706,-2.2268135026906357,0.5906273786085969,0.008223442996973617
145.0,50.0,0.0011080555779110074,-0.004990580381757275,-0.045078053405006153,-0.022277984507692656,0.05054179629000241,0.004257354987606835,0.004257354987606835,-23.708601358855525,0.004213799880874824,4.355510673201015e-05,0.5068279747150995,0.5068279747150995,-2.9513942194743423,0.5016428429612887,0.005185131753810733,0.5996274630432162,0.5996274630432162,-2.2211848460462797,0.5934929409682852,0.0061345220749310075
145.0,55.0,-0.000600442500149386,-0.004286451388784729,-0.04565620060653852,-0.02112798810044774,0.05049370982312104,0.004249257777505518,0.004249257777505518,-23.716869220165293,0.004218034851915358,3.122292559015901e-05,0.5058640211316093,0.5058640211316093,-2.9596620807841068,0.5021470061803998,0.003717014951209406,0.5984870109162701,0.5984870109162701,-2.2294527073560437,0.5940894157627264,0.004397595153543522
145.0,60.0,-0.002637622454394832,-0.003261804070928492,-0.04600956191677787,-0.020071245575106138,0.050371927744717965,0.0042287855481752575,0.0042287855481752575,-23.737843384060994,0.00419945887573667,2.9326672438587594e-05,0.5034268509732449,0.5034268509732449,-2.980636244679809,0.4999355804448417,0.003491270528403285,0.5956035983345432,0.5956035983345432,-2.2504268712517455,0.5914730810896718,0.004130517244871491
145.0,65.0,-0.004953739311802545,-0.0019154980376494277,-0.04608613718400999,-0.01916311379792875,0.05019328278641767,0.0041988438071725595,0.0041988438071725595,-23.76870280385811,0.004151830471594925,4.701333557763224e-05,0.49986235799673323,0.49986235799673323,-3.0114956644769237,0.49426553233272924,0.0055968256640038395,0.5913864517144449,0.5913864517144449,-2.28128629104886,0.5847648551542147,0.006621596560229894
145.0,70.0,-0.007482935534567116,-0.00025823042674803976,-0.04584233601414518,-0.018460278278146038,0.049983623843296604,0.004163839657890065,0.004163839657890065,-23.805060027528363,0.004070406847136134,9.34328107539312e-05,0.49569519736786494,0.49569519736786494,-3.0478528881471783,0.48457224370668267,0.011122953661182287,0.5864562898436712,0.5864562898436712,-2.3176435147191152,0.5732967390332583,0.013159550810412845
145.0,75.0,-0.010145620166286893,0.0016861812831662601,-0.045246104013033486,-0.018018555163908125,0.04977604920472608,0.004129327840829115,0.004129327840829115,-23.841206356985865,0.003953037300944083,0.00017629053988503206,0.4915866477177518,0.4915866477177518,-3.0839992176046795,0.4705996786838195,0.020986969033932386,0.5815954705393119,0.5815954705393119,-2.3537898441766156,0.556765817034378,0.024829653504934088
145.0,80.0,-0.01285194822991115,0.003880080093404909,-0.04427948932226001,-0.017890337341670958,0.04960811364761291,0.004101511604893045,0.004101511604893045,-23.870560553104056,0.003801139356665176,0.0003003722482278685,0.4882751910586958,0.4882751910586958,-3.1133534137228724,0.4525165900791876,0.035758600979508164,0.5776776908300063,0.5776776908300063,-2.383144040294809,0.5353717403753768,0.04230595045462937
145.0,85.0,-0.01550619028181044,0.006271954512642544,-0.042940384979687884,-0.01812182118053973,0.04951824326011205,0.004086664414501323,0.004086664414501323,-23.886310238773763,0.0036203764823819675,0.00046628793211935687,0.4865076683930148,0.4865076683930148,-3.12910309939258,0.4309972002835676,0.05551046810944726,0.5755865372537076,0.5755865372537076,-2.3988937259645167,0.5099121806171785,0.06567435663652914
145.0,90.0,-0.01801167927060058,0.008797221956541866,-0.04124325646584615,-0.01875018939717982,0.04954177540861167,0.004090549481422146,0.004090549481422146,-23.882183495181224,0.003420879084417287,0.0006696703970048587,0.4869701763597793,0.4869701763597793,-3.124976355800038,0.407247510049677,0.07972266631010223,0.576133729777767,0.576133729777767,-2.394766982371975,0.48181395555173057,0.09431977422603643
145.0,95.0,-0.020275952562977154,0.011379848446694195,-0.03921875763858893,-0.019800948193776906,0.04970717959302099,0.004117909157612165,0.004117909157612165,-23.853232382869336,0.0032169050461097436,0.0009010041115024213,0.49022728066811483,0.49022728066811483,-3.0960252434881577,0.3829648864416362,0.10726239422647874,0.5799872052974879,0.5799872052974879,-2.3658158700600938,0.4530852177619357,0.1269019875355523
145.0,100.0,-0.02221567813713108,0.013934781413663546,-0.03691224032491075,-0.02128562223204452,0.05003304595713179,0.004172077855872738,0.004172077855872738,-23.79647595724792,0.0030259140448884773,0.0011461638109842621,0.496675935222945,0.496675935222945,-3.039268817866735,0.3602278624867235,0.1364480727362217,0.5876165994186955,0.5876165994186955,-2.309059444438671,0.4261850767448559,0.16143152267383973
145.0,105.0,-0.023760967063193465,0.016371110011342473,-0.03438126260749039,-0.023199999766081007,0.050526310041532005,0.004254746439383397,0.004254746439383397,-23.711263164860537,0.002867117799354331,0.001387628640029065,0.5065174332599282,0.5065174332599282,-2.954056025479356,0.3413235475421823,0.16519388571774585,0.5992600618849854,0.5992600618849854,-2.223846652051292,0.40381940835976493,0.19544065352522041
145.0,110.0,-0.024858726834252207,0.01859580657178886,-0.03169228996988109,-0.02552309312011693,0.05118192891859921,0.004365880223531328,0.004365880223531328,-23.59928183187794,0.002759650861714375,0.0016062293618169517,0.5197476456584915,0.5197476456584915,-2.842074692496754,0.32852986448980664,0.19121778116868474,0.6149127075396237,0.6149127075396237,-2.111865319068691,0.3886832199597711,0.22622948757985234
145.0,115.0,-0.025474796264259435,0.020517847304008813,-0.02891685548043877,-0.028216936954471056,0.05198391448001318,0.0045037728363009275,0.0045037728363009275,-23.46423522781263,0.0027205693424662146,0.0017832034938347126,0.5361634328929675,0.5361634328929675,-2.707028088431444,0.3238773026745494,0.21228613021841816,0.6343342022959052,0.6343342022959052,-1.9768187150033807,0.38317878062904437,0.2511554216668609
145.0,120.0,-0.025594714541253446,0.0220524656495227,-0.02612749467335196,-0.031227289017571064,0.0529073738808172,0.004665207110221104,0.004665207110221104,-23.3112907113944,0.0027629175036548563,0.0019022896065662483,0.5553817988358457,0.5553817988358457,-2.5540835720132153,0.32891875043510194,0.22646304840074388,0.6570714239748033,0.6570714239748033,-1.8238741985851523,0.38914331037392347,0.26792811360088004
145.0,125.0,-0.02522310423045049,0.023125265274506004,-0.023393792887047613,-0.0344852280132172,0.05392108472390093,0.004845691469568978,0.004845691469568978,-23.146442413188886,0.0028940993122514706,0.001951592157317506,0.576868032091545,0.576868032091545,-2.3892352738077047,0.34453563241088936,0.2323323996806555,0.6824917562773208,0.6824917562773208,-1.6590259003796415,0.40761962144386904,0.2748721348334515
145.0,130.0,-0.024381777863594703,0.023675918901770992,-0.02077887378695962,-0.03790956717472853,0.05499015463573971,0.005039743112988826,0.005039743112988826,-22.97591599954222,0.003114754751249213,0.0019249883617396136,0.5999694182129555,0.5999694182129555,-2.218708860161037,0.3708041370534778,0.22916528115947785,0.7098229736603979,0.7098229736603979,-1.4884994867329737,0.4386978522886215,0.2711251213717766
145.0,135.0,-0.023106796165088275,0.02366120842424364,-0.018336616228914162,-0.04140993029927875,0.05607843288848253,0.0052411942475917165,0.0052411942475917165,-22.80569744305437,0.003418275838713943,0.0018229184088777736,0.6239516961418711,0.6239516961418711,-2.048490303673189,0.4069375998468981,0.21701409629497304,0.7381963729002416,0.7381963729002416,-1.3182809302451264,0.48144730122731594,0.2567490716729259
145.0,140.0,-0.02144479948945149,0.023057219571815033,-0.01610981480513246,-0.04489028138579864,0.057150488147324804,0.005443502248480948,0.005443502248480948,-22.64121593355011,0.0037910165136717197,0.00165248573480923,0.6480359819620177,0.6480359819620177,-1.8840087941689274,0.4513114897228238,0.19672449223919408,0.7666904575325277,0.7666904575325277,-1.153799420740865,0.5339459878410873,0.23274446969144086
145.0,145.0,-0.019448992187313396,0.0218605826749869,-0.014129403949860665,-0.04825267000526588,0.05817309163700635,0.005640048109921883,0.005640048109921883,-22.487171914449405,0.004213167772609794,0.0014268803373120897,0.6714342988002242,0.6714342988002242,-1.7299647750682206,0.5015675919773565,0.16986670682286784,0.7943729732284341,0.7943729732284341,-0.9997554016401577,0.5934039116351822,0.20096906159325206
145.0,150.0,-0.017175176679546825,0.020088736491272973,-0.012414756719909702,-0.05140095721334701,0.05911622970599804,0.005824410473252933,0.005824410473252933,-22.347480258675905,0.004660197854731784,0.0011642126185211486,0.6933821991967777,0.6933821991967777,-1.590273119294723,0.554785458896641,0.13859674030013674,0.8203395032750609,0.8203395032750609,-0.8600637458666596,0.6563658950326455,0.1639736082424153
145.0,155.0,-0.014678209720708643,0.017779269828487796,-0.01097495988089561,-0.05424431901029928,0.059953716861573025,0.005990605809283611,0.005990605809283611,-22.22529256688263,0.0051047062198765775,0.0008858995894070351,0.713167358248049,0.713167358248049,-1.4680854275014434,0.6077031214138783,0.10546423683417086,0.8437472970821988,0.8437472970821988,-0.7378760540733802,0.71897270702487,0.12477459005732888
145.0,160.0,-0.01200919224649224,0.014988453679436232,-0.009810869454984246,-0.0567003771093471,0.060663501101722854,0.006133289448454773,0.006133289448454773,-22.123065391604708,0.005518513195170002,0.0006147762532847714,0.7301535057684254,0.7301535057684254,-1.3658582522235263,0.6569658565678573,0.07318764920056804,0.8638435842894047,0.8638435842894047,-0.6356488787954628,0.7772553796014087,0.08658820468799598
145.0,165.0,-0.009213614482964712,0.011789108405847416,-0.008917676270367051,-0.058697867151252414,0.06122775781469271,0.006247916683100859,0.006247916683100859,-22.04264770473715,0.005874802525256538,0.00037311415784431983,0.7437996051310547,0.7437996051310547,-1.2854405653559628,0.6993812530067308,0.04441835212432379,0.879988265225473,0.879988265225473,-0.5552311919278998,0.8274369753882448,0.05255128983722814
145.0,170.0,-0.006330569941066007,0.00826795654975634,-0.008287666689331851,-0.06017880940013747,0.06163286251066814,0.0063308670859382795,0.0063308670859382795,-21.985368042244637,0.006150145974751627,0.00018072111118665212,0.7536746530878905,0.7536746530878905,-1.2281609028634528,0.7321602350894794,0.021514417998410966,0.8916714205546872,0.8916714205546872,-0.49795152943538984,0.8662177429227642,0.025453677631922828
145.0,175.0,-0.003393036598843482,0.004522598083081301,-0.007912852741779554,-0.06110018651752071,0.0618693189050202,0.006379537406829889,0.006379537406829889,-21.95210811709067,0.006326261010669881,5.327639616000751e-05,0.7594687389083201,0.7594687389083201,-1.1949009777094854,0.7531263107940336,0.006342428114286609,0.8985263953281531,0.8985263953281531,-0.4646916042814228,0.8910226775591381,0.0075037177690151415
145.0,180.0,-0.00042911164701262455,0.0006582204423341624,-0.007787167497087653,-0.061435152563072574,0.06193169898389685,0.006392408299038197,0.006392408299038197,-21.943354933379737,0.0063913793383523956,1.0289606857991826e-06,0.7610009879807378,0.7610009879807378,-1.186147793998554,0.7608784926609996,0.00012249531973799793,0.9003391970476332,0.9003391970476332,-0.4559384205704914,0.9001942730073796,0.000144924040253406
150.0,-180.0,-0.00042079729806581367,0.0006052407638343953,-0.004481166447304549,-0.057990432316945624,0.05816798500707212,0.005639057948541569,0.005639057948541569,-22.48793442456774,0.005638152325296787,9.05623244780665e-07,0.671316422445425,0.671316422445425,-1.7307272851865574,0.6712086101543795,0.00010781229104531726,0.7942335138790942,0.7942335138790942,-1.0005179117584941,0.7941059613094066,0.0001275525696874176
150.0,-175.0,0.0025045560758969825,-0.003195861812009414,-0.00461023604674847,-0.05773986945562395,0.05806576560261654,0.005619256173778509,0.005619256173778509,-22.50321168595187,0.0055917795980037896,2.7476575774720754e-05,0.6689590683069655,0.6689590683069655,-1.7460045465706862,0.6656880473814035,0.0032710209255619946,0.7914445315180999,0.7914445315180999,-1.0157951731426231,0.7875745912681392,0.003869940249960669
150.0,-170.0,0.005401861499110897,-0.0069058355517563124,-0.005011863223277639,-0.05692683376161781,0.05781568859241573,0.005570958498956616,0.005570958498956616,-22.54070076819909,0.005442843730018712,0.00012811476893790283,0.6632093451138829,0.6632093451138829,-1.7834936288179057,0.6479575869069896,0.015251758206893194,0.7846420421065655,0.7846420421065655,-1.0532842553898427,0.7665977084533399,0.018044333653225747
150.0,-165.0,0.008239790550095381,-0.010428097172738971,-0.0056874564335220555,-0.05557437609379317,0.05742384346115392,0.005495700189367411,0.005495700189367411,-22.59976967661551,0.005201308193386924,0.00029439199598048436,0.6542500225437393,0.6542500225437393,-1.842562537234327,0.6192033563555862,0.0350466661881529,0.7740422801925929,0.7740422801925929,-1.1123531638062638,0.7325786187868907,0.04146366140570202
150.0,-160.0,0.010984388726946069,-0.013672158321010318,-0.006638603087471022,-0.053720925080421755,0.056899855459471065,0.005395862130557612,0.005395862130557612,-22.679391554980928,0.004883233026202519,0.0005126291043550904,0.6423645393520967,0.6423645393520967,-1.922184415599745,0.5813372650241095,0.06102727432798697,0.7599805817686776,0.7599805817686776,-1.1919750421716826,0.6877792994651435,0.07220128230353387
150.0,-155.0,0.013598171572087125,-0.016556709285414035,-0.007865627365772012,-0.051419117764957174,0.056256809881554334,0.005274590165516329,0.005274590165516329,-22.778112793040933,0.0045095500350593445,0.0007650401304569846,0.6279274006567058,0.6279274006567058,-2.020905653659751,0.536851194649922,0.09107620600678389,0.7429000233121589,0.7429000233121589,-1.2906962802316881,0.6351478922618795,0.1077521310502795
150.0,-150.0,0.01603985741510666,-0.019012448967459964,-0.009365766380693244,-0.04873412469383612,0.055511104575655064,0.005135683559963388,0.005135683559963388,-22.894017435831966,0.004104457451987576,0.0010312261079758116,0.6113908999956414,0.6113908999956414,-2.1368102964507827,0.4886258871413782,0.12276501285426328,0.7233357126708998,0.7233357126708998,-1.4066009230227186,0.5780925988714896,0.14524311379941007
150.0,-145.0,0.018264867406154576,-0.020984540491152393,-0.011131190544899755,-0.04574148886862062,0.054682204855457606,0.0049834551407352354,0.0049834551407352354,-23.024694467476436,0.0036935583278868943,0.0012898968128483416,0.5932684691351472,0.5932684691351472,-2.2674873280952528,0.4397093247484398,0.15355914438670734,0.7018950902443993,0.7018950902443993,-1.53727795466719,0.520219482800971,0.18167560744342837
150.0,-140.0,0.020226636323478514,-0.022434565449577552,-0.013147126344628609,-0.0425245255469283,0.05379227405479921,0.00482256763131986,0.00482256763131986,-23.16721673128751,0.0033018925505910817,0.00152067508072878,0.5741151942047453,0.5741151942047453,-2.410009591906327,0.3930824464989383,0.18103274770580716,0.6792348776506845,0.6792348776506845,-1.6798002184782643,0.4650552888156453,0.2141795888350394
150.0,-135.0,0.021878679853342575,-0.02334185372074392,-0.015390342571735868,-0.03917136353060186,0.05286565172744601,0.0046578521528356336,0.0046578521528356336,-23.318143007362213,0.0029520277284376165,0.001705824424398017,0.5545062086709088,0.5545062086709088,-2.56093586798103,0.3514318724330496,0.2030743362378592,0.656035514483892,0.656035514483892,-1.8307264945529678,0.4157785533010728,0.2402569611828193
150.0,-130.0,0.02317726692801274,-0.023704083894294334,-0.01782823224023657,-0.03577174402717915,0.05192815066106182,0.004494115507839856,0.004494115507839856,-23.473557695286395,0.002662376502751236,0.0018317390050886187,0.5350137509333163,0.5350137509333163,-2.7163505559052115,0.3169495836608615,0.21806416727245462,0.6329740151887121,0.6329740151887121,-1.9861411824771482,0.37498260602130096,0.2579914091674111
150.0,-125.0,0.024084461613658535,-0.023537083352602614,-0.020418664122447385,-0.032413724704798495,0.05100614647031217,0.004335942812033616,0.004335942812033616,-23.629164544636776,0.0024458946999096395,0.0018900481121239766,0.5161836680992401,0.5161836680992401,-2.8719574052555896,0.29117794046543327,0.22500572763380675,0.61069617070896,0.61069617070896,-2.141748031827527,0.34449221125487883,0.2662039594540812
150.0,-120.0,0.024571239507755437,-0.022873805542287413,-0.023110696796649174,-0.02918045811452935,0.050125444966945806,0.004187501734809875,0.004187501734809875,-23.78045000034334,0.0023092846656794,0.0018782170691304739,0.49851211128688994,0.49851211128688994,-3.023242860962158,0.2749148411523096,0.22359727013458025,0.5897889767337852,0.5897889767337852,-2.2930334875340956,0.3252513613632958,0.26453761537048925
150.0,-115.0,0.024620357369573635,-0.021762520140508133,-0.02584615457614634,-0.026147220227694112,0.04930993928085014,0.004052354716662548,0.004052354716662548,-23.922925463456526,0.0022527816465212343,0.001799573070141313,0.4824231805550653,0.4824231805550653,-3.165718324075341,0.2681882912525279,0.21423488930253728,0.5707541854454292,0.5707541854454292,-2.435508950647278,0.31729318965087805,0.2534609957945511
150.0,-110.0,0.02422866602622831,-0.0202643121569379,-0.028561970818995565,-0.023378853876256118,0.0485801151731531,0.003933286652391096,0.003933286652391096,-24.052444016667387,0.002270541484153722,0.001662745168237376,0.4682484109989401,0.4682484109989401,-3.295236877286203,0.27030255763734784,0.1979458533615924,0.5539840355480418,0.5539840355480418,-2.56502750385814,0.31979457523291854,0.23418946031512336
150.0,-105.0,0.023408604357393045,-0.01845003996417585,-0.03119312179064007,-0.020927764090053078,0.04795152645636285,0.003832157866991076,0.003832157866991076,-24.165566083223847,0.0023515815269606125,0.0014805763400304634,0.45620926987989,0.45620926987989,-3.4083589438426625,0.2799501817810253,0.17625908809886473,0.5397405446466303,0.5397405446466303,-2.6781495704145994,0.33120866576910035,0.20853187887753005
150.0,-100.0,0.022188690029560292,-0.016396942276197743,-0.033675913150089755,-0.018832561501676753,0.04743342893407238,0.003749795292292769,0.003749795292292769,-24.259924405000955,0.002481162378073494,0.001268632914219275,0.4464042014634249,0.4464042014634249,-3.502717265619772,0.2953764735801779,0.151027727883247,0.528140182013066,0.528140182013066,-2.772507892191709,0.34945948986950615,0.17868069214355986
150.0,-95.0,0.020612920262617646,-0.01418510539597803,-0.03595134734068392,-0.01711740197553127,0.04702780584771589,0.0036859373674055715,0.0036859373674055715,-24.33452048721191,0.0026424457897084213,0.0010434915776971509,0.4388020675482824,0.4388020675482824,-3.577313347830724,0.31457687972719306,0.12422518782108942,0.5191461080852917,0.5191461080852917,-2.8471039744026614,0.3721754633392142,0.1469706447460776
150.0,-90.0,0.01873910079688712,-0.0118940033593718,-0.03796829565860645,-0.01579202169026851,0.046729012817241365,0.0036392486607216166,0.0036392486607216166,-24.389882691486452,0.0028182326454674195,0.0008210160152541975,0.4332438881811449,0.4332438881811449,-3.632675552105267,0.335503886365169,0.09774000181597589,0.512570233904453,0.512570233904453,-2.902466178677204,0.3969341754179464,0.11563605848650668
150.0,-85.0,0.016636220930134366,-0.0095993068403228,-0.03968622174074357,-0.014852422299884331,0.046524199970343155,0.003607416983991367,0.003607416983991367,-24.428036543603994,0.0029925805712287417,0.0006148364127626253,0.4294544028561152,0.4294544028561152,-3.6708294042228093,0.3562595918129455,0.07319481104316969,0.5080868991537136,0.5080868991537136,-2.9406200307947468,0.4214902212998227,0.08659667785389089
150.0,-80.0,0.014381076353001399,-0.007370125820112962,-0.04107724901900412,-0.014282123855658474,0.04639454235654013,0.0035873380863525356,0.0035873380863525356,-24.452276915932856,0.0031521248201242308,0.0004352132662283042,0.42706405789911145,0.42706405789911145,-3.6950697765516733,0.3752529547766941,0.05181110312241717,0.5052588854017656,0.5052588854017656,-2.9648604031236103,0.44396124227101835,0.061297643130747065
150.0,-75.0,0.01205440179132636,-0.00526681066876778,-0.04212742700148617,-0.014053875281737007,0.04631716111084036,0.003575381456197821,0.003575381456197821,-24.46677616664536,0.0032869750888449303,0.0002884063673528899,0.4256406495473597,0.4256406495473597,-3.7095690272641773,0.39130655819582505,0.034334091351534514,0.5035748529856086,0.5035748529856086,-2.9793596538361147,0.46295423786548306,0.04062061512012533
150.0,-70.0,0.00973680777891289,-0.00333939061246787,-0.0428371230402414,-0.014131693403296456,0.04626749208889207,0.0035677173214714716,0.0035677173214714716,-24.476095630931315,0.003391126556146363,0.0001765907653251086,0.4247282525561276,0.4247282525561276,-3.718888491550133,0.4037055423983765,0.021022710157751028,0.5024953973903481,0.5024953973903481,-2.9886791181220698,0.47762345861216376,0.02487193877818431
150.0,-65.0,0.007504819124038219,-0.0016266808584363282,-0.04322054051039326,-0.014473091363395672,0.04622179027605352,0.0035606726076515224,0.0035606726076515224,-24.48467956465278,0.003462394255167587,9.827835248393644e-05,0.4238895961489908,0.4238895961489908,-3.7274724252715967,0.4121897922818556,0.011699803867135292,0.5015031841762707,0.5015031841762707,-2.997263051843534,0.4876611626996601,0.013842021476610768
150.0,-60.0,0.005427288616824149,-0.00015604249349685832,-0.043304434470931276,-0.015031355459394907,0.04615945734932277,0.0035510755111845425,0.0035510755111845425,-24.496400926259838,0.0035019436503698634,4.913186081467844e-05,0.4227470846648265,0.4227470846648265,-3.739193786878656,0.41689805361545995,0.005849031049366482,0.5001514804485271,0.5001514804485271,-3.0089844134505928,0.49323150005209343,0.006919980396433583
150.0,-55.0,0.0035624125172558922,0.0010562649632189988,-0.04312615607364396,-0.015757736184432918,0.04606493314835168,0.003536546792098271,0.003536546792098271,-24.514205913873766,0.0035135365365063388,2.3010255591932962e-05,0.4210174752497942,0.4210174752497942,-3.7569987744925823,0.4182781591078975,0.002739316141896781,0.49810518198567194,0.49810518198567194,-3.0267894010645198,0.4948643009163857,0.0032408810692863325
150.0,-50.0,0.0019555104657177657,0.002004237110220838,-0.04273120247063892,-0.01660343504191523,0.0459289745950566,0.003515701685508839,0.003515701685508839,-24.539879828115158,0.0035026336807533294,1.3068004755510065e-05,0.41853591494152853,0.41853591494152853,-3.7826726887339754,0.41698020008968206,0.0015557148518464362,0.4951692514801182,0.4951692514801182,-3.0524633153059124,0.4933286874300464,0.00184056405007184
150.0,-45.0,0.0006376588675197266,0.0026909129337798618,-0.04217047635236067,-0.017521293633781253,0.04574923417539034,0.0034882385329847486,0.0034882385329847486,-24.573938247667133,0.003475492797848539,1.2745735136210665e-05,0.41526649202199395,0.41526649202199395,-3.81673110828595,0.4137491426010166,0.00151734942097746,0.4913012018288378,0.4913012018288378,-3.0865217348578873,0.4895060278659914,0.0017951739628465724
150.0,-40.0,-0.00037480897451515425,0.0031269441250339034,-0.04149746673945086,-0.0184671246116001,0.04553012956867856,0.003454906436435337,0.003454906436435337,-24.615637094157016,0.0034383763903208134,1.6530046114523756e-05,0.41129838528992113,0.41129838528992113,-3.858429954775831,0.40933052265723974,0.0019678626326814,0.48660654034300516,0.48660654034300516,-3.128220581347769,0.48427836483391734,0.0023281755090878526
150.0,-35.0,-0.0010799935427359846,0.0033290945406440333,-0.040765550181216276,-0.019400662621295767,0.04528206099809839,0.003417361237124296,0.003417361237124296,-24.66309111046815,0.003396946290560446,2.0414946563848904e-05,0.4068287187052734,0.4068287187052734,-3.905883971086967,0.4043983679238626,0.0024303507814105838,0.4813184841020135,0.4813184841020135,-3.175674597658904,0.4784431395155557,0.002875344586457592
150.0,-30.0,-0.0014894277733576015,0.003318805563860955,-0.040025580750411474,-0.020286152897311487,0.04502008417632704,0.0033779337176810505,0.0033779337176810505,-24.713488764724666,0.0033558794614880743,2.2054256192975938e-05,0.4021349663906013,0.4021349663906013,-3.956281625343481,0.39950945970096124,0.002625506689639993,0.47576531234944375,0.47576531234944375,-3.2260722519154177,0.47265907908282734,0.003106233266616329
150.0,-25.0,-0.0016265440656893543,0.0031209349946776464,-0.039323891580795196,-0.021092630096462388,0.044762186880032556,0.0033393436185611366,0.0033393436185611366,-24.763388897306704,0.003318700970152178,2.064264840895885e-05,0.3975409069715639,0.3975409069715639,-4.006181757925521,0.3950834488276403,0.0024574581439236725,0.4703300871212868,0.4703300871212868,-3.2759723844974573,0.4674226718524195,0.0029074152688674435
150.0,-20.0,-0.0015247928907442113,0.002762738267530532,-0.038700775296021755,-0.02179396492340274,0.04452734700934044,0.003304396537561473,0.003304396537561473,-24.80907841575234,0.0032878007350526425,1.659580250883025e-05,0.3933805401858897,0.3933805401858897,-4.051871276371153,0.3914048494110289,0.001975690774860744,0.4654079630368272,0.4654079630368272,-3.32166190294309,0.46307052606375243,0.002337436973074683
150.0,-15.0,-0.0012255967801217578,0.002273117523264004,-0.038189452176924925,-0.02236876740985951,0.04433356700911899,0.003275698100440361,0.003275698100440361,-24.84696131134629,0.00326458311106275,1.111498937761077e-05,0.3899640595762334,0.3899640595762334,-4.089754171965108,0.3886408465550893,0.0013232130211441393,0.46136592963948736,0.46136592963948736,-3.359544798537045,0.45980043817785204,0.0015654914616353196
150.0,-10.0,-0.0007763018735540575,0.0016821233968034861,-0.03781548095024839,-0.02280023253535638,0.0441960788632417,0.0032554122835788883,0.0032554122835788883,-24.873940021358173,0.003249692112139351,5.7201714395383235e-06,0.3875490813784392,0.3875490813784392,-4.116732881976988,0.386868108588018,0.0006809727904212291,0.4585087723350547,0.4585087723350547,-3.3865235085489247,0.457703114385824,0.0008056579492307497
150.0,-5.0,-0.00022824866153406628,0.0010206624050494773,-0.03759652529748642,-0.02307599851087501,0.04412589116284243,0.0032450806670309743,0.0032450806670309743,-24.887745029280225,0.0032432576279858337,1.8230390451407585e-06,0.386319127027497,0.386319127027497,-4.130537889899043,0.38610209856974215,0.0002170284577548522,0.45705361507478515,0.45705361507478515,-3.400328516470979,0.4567968490120892,0.00025676606269588143
150.0,0.0,0.00036496966145251443,0.00032034314724224537,-0.037542365880797644,-0.02318806517341846,0.04412880493510046,0.003245509247075903,0.003245509247075903,-24.887171491431435,0.003245116218692352,3.9302838355038727e-07,0.38637014846141704,0.38637014846141704,-4.129964352050249,0.3863233593681372,4.678909327980801e-05,0.4571139784613948,0.4571139784613948,-3.3997549786221852,0.45705862235103545,5.535611035920947e-05
150.0,5.0,0.0009490499541823443,-0.0003866123878390545,-0.03765504645422076,-0.023132795151186613,0.04420496465251669,0.0032567214411436066,0.0032567214411436066,-24.872193865833758,0.003254971207454254,1.7502336893534e-06,0.38770493346947704,0.38770493346947704,-4.114986726452571,0.38749657231598267,0.00020836115349445242,0.45869316072445165,0.45869316072445165,-3.384777353024507,0.45844664893721887,0.0002465117872328732
150.0,10.0,0.0014703628352740047,-0.001067462665952799,-0.03792906335257309,-0.022910998580067402,0.04434894752020516,0.0032779713508810865,0.0032779713508810865,-24.84394846436242,0.003272469074825462,5.502276055624218e-06,0.39023468462870087,0.39023468462870087,-4.086741324981233,0.389579651764936,0.000655032863764788,0.46168610575789953,0.46168610575789953,-3.3565319515531704,0.4609111372993608,0.0007749684585386224
150.0,15.0,0.001877252995177771,-0.001689106084870363,-0.03835154620706882,-0.02252808597101452,0.04455034132489005,0.003307810257927293,0.003307810257927293,-24.804594103342843,0.003297181911365092,1.0628346562200137e-05,0.3937869354675349,0.3937869354675349,-4.04738696396166,0.3925216561148919,0.0012652793526428735,0.4658887687221539,0.4658887687221539,-3.3171775905335976,0.46439181850212563,0.001496950220028188
150.0,20.0,0.0021213455185911255,-0.0022183545663760676,-0.0389024265563494,-0.021994263645656296,0.044794727692868117,0.003344200595460573,0.003344200595460573,-24.757076801299167,0.0033284989590578874,1.5701636402684516e-05,0.3981191185072111,0.3981191185072111,-3.999869661917984,0.39624987607831996,0.001869242428891014,0.47101416837472854,0.47101416837472854,-3.2696602884899213,0.4688026702898433,0.002211498084885143
150.0,25.0,0.0021589364751347126,-0.0026223582910213307,-0.0395546403894838,-0.021324740233921786,0.04506497411622224,0.0033846734136536,0.0033846734136536,-24.704832299302943,0.0033654442504916725,1.9229163161928424e-05,0.4029373111492381,0.4029373111492381,-3.947625159921757,0.4006481250585325,0.0022891860907057653,0.4767145653033239,0.4767145653033239,-3.2174157864936936,0.47400623246361584,0.002708332839708229
150.0,30.0,0.0019525117546777878,-0.002869208396388078,-0.040274450507088964,-0.020539908396558677,0.0453427376716607,0.003426525706760252,0.003426525706760252,-24.651460056349283,0.0034064517480611035,2.0073958699149834e-05,0.40791972699526813,0.40791972699526813,-3.8942529169681017,0.4055299700072742,0.002389756987994028,0.4826092544732749,0.4826092544732749,-3.1640435435400387,0.47978193634663424,0.0028273181266408216
150.0,35.0,0.0014723867929032058,-0.002928734235924063,-0.04102199641680664,-0.019665460954393022,0.04561008607382629,0.0034670515721755843,0.0034670515721755843,-24.600396981922636,0.0034491429822647566,1.790858991082802e-05,0.4127442347828077,0.4127442347828077,-3.8431898425414532,0.4106122597934235,0.0021319749893842876,0.4883171228416316,0.4883171228416316,-3.11298046911339,0.48579478623447275,0.0025223366071588757
150.0,40.0,0.000698400753066254,-0.002773499218393271,-0.04175217799616293,-0.018732394247646906,0.04585113982442376,0.0035037958257426163,0.0035037958257426163,-24.55461209106934,0.003490162711049262,1.3633114693354386e-05,0.41711855068364484,0.41711855068364484,-3.7974049516881565,0.4154955608391979,0.001622989844446951,0.4934923698229037,0.4934923698229037,-3.0671955782600935,0.4915722128238397,0.0019201569990639979
150.0,45.0,-0.00037845727140947173,-0.0023799821980981244,-0.04241595329074504,-0.017776845047546577,0.04605363024319248,0.0035348114873381175,0.0035348114873381175,-24.516337423173965,0.0035251324734176725,9.67901392044496e-06,0.4208108913497759,0.4208108913497759,-3.7591302837927825,0.41965862778781815,0.0011522635619577331,0.4978607728645235,0.4978607728645235,-3.02892091036472,0.49649753146727776,0.0013632413972457687
150.0,50.0,-0.0017546549369003431,-0.0017299091703111196,-0.042962083905101915,-0.016839703541555635,0.04621025501467843,0.0035588956031797,0.0035588956031797,-24.486847514251977,0.0035487768420933543,1.0118761086347727e-05,0.4236780479975834,0.4236780479975834,-3.729640374870792,0.4224734335825422,0.001204614415041396,0.5012529018562958,0.5012529018562958,-2.999431001442728,0.4998277242385006,0.0014251776177954542
150.0,55.0,-0.0034131416981466934,-0.0008116740479027184,-0.04333930055910299,-0.015965947244830074,0.046319702021803084,0.003575773750324204,0.003575773750324204,-24.46629968090391,0.0035552603152493724,2.0513435074830724e-05,0.425687351229072,0.425687351229072,-3.7090925415227223,0.4232452756249253,0.0024420756041465146,0.5036301056794653,0.5036301056794653,-2.9788831680946593,0.5007408894717426,0.002889216207722637
150.0,60.0,-0.005322971438937305,0.0003782390639714715,-0.04349879599866119,-0.015203651882065964,0.04638721131533396,0.003586204468293968,0.003586204468293968,-24.453649526655575,0.0035387437702095923,4.7460698084376095e-05,0.4269291033683295,0.4269291033683295,-3.6964423872743946,0.4212790202630467,0.005650083105282869,0.5050992208864743,0.5050992208864743,-2.966233013846331,0.4984146155224778,0.006684605363996633
150.0,65.0,-0.007439667872002016,0.0018339419019120639,-0.04339689276986971,-0.014602656284608542,0.04642456110283947,0.0035919818321475576,0.0035919818321475576,-24.44665868613313,0.0034941308025203555,9.785102962720067e-05,0.42761688477947113,0.42761688477947113,-3.6894515467519446,0.4159679526809948,0.011648932098476273,0.5059129341052898,0.5059129341052898,-2.9592421733238803,0.49213109894652896,0.01378183515876066
150.0,70.0,-0.009706419359801509,0.003539059865971863,-0.04299768863982973,-0.014212887861945547,0.04644940183971419,0.0035958268376893236,0.0035958268376893236,-24.4420123052244,0.003417931826195865,0.00017789501149345911,0.4280746235344433,0.4280746235344433,-3.684805165843215,0.40689664597569825,0.021177977558745138,0.5064544841815949,0.5064544841815949,-2.954595792415151,0.48139884875998096,0.025055635421613962
150.0,75.0,-0.012056113641620632,0.005466007064753118,-0.042275459569730396,-0.014082389972542872,0.04648392516281609,0.003601173990506985,0.003601173990506985,-24.43555895209763,0.003309135688378816,0.00029203830212816987,0.4287111893460698,0.4287111893460698,-3.678351812716448,0.393944724807002,0.03476646453906784,0.5072076042967585,0.5072076042967585,-2.9481424392883855,0.4660754490674389,0.0411321552293197
150.0,80.0,-0.01441413863632613,0.007575733017583163,-0.04121660273051085,-0.014255128158909381,0.04655293914300809,0.003611875145581347,0.003611875145581347,-24.422672706847347,0.0031699536845490725,0.0004419214610322745,0.4299851363787318,0.4299851363787318,-3.6654655674661645,0.3773754386367944,0.05260969774193743,0.5087148092368095,0.5087148092368095,-2.935256194038101,0.44647234993648904,0.06224245930032034
150.0,85.0,-0.016701793688195597,0.009818032178064496,-0.039820930106823846,-0.014768684278598974,0.04668151859297259,0.003631854733702736,0.003631854733702736,-24.398715306391104,0.003006296690862584,0.0006255580428401523,0.4323636587741353,0.4323636587741353,-3.6415081670099214,0.3578924631979267,0.07447119557620861,0.5115288357327797,0.5115288357327797,-2.911298793581858,0.4234220691355752,0.08810676659720454
150.0,90.0,-0.01884008660673599,0.01213247401278267,-0.03810217344821479,-0.01565197237377235,0.04689249033360604,0.0036647564111378377,0.0036647564111378377,-24.359548867293775,0.0028278664791395454,0.0008368899319982936,0.43628052513545695,0.43628052513545695,-3.6023417279125907,0.3366507713261364,0.09962975380932068,0.5161628748081462,0.5161628748081462,-2.8721323544845276,0.39829105339993603,0.11787182140821037
150.0,95.0,-0.020753644083640648,0.014449970571808753,-0.03608762784596856,-0.016923125125015055,0.04720407228007572,0.003713619910183529,0.003713619910183529,-24.302025484576156,0.0026477860331364884,0.0010658338770470409,0.4420976083551821,0.4420976083551821,-3.5448183451949715,0.31521262299243913,0.12688498536274295,0.523045057772328,0.523045057772328,-2.8146089717669085,0.3729276103009138,0.15011744747141417
150.0,100.0,-0.022374442228495474,0.016694953252374932,-0.03381693668844332,-0.01858770340450299,0.04762798603740474,0.003780619355331645,0.003780619355331645,-24.22437046573146,0.0024817547401798632,0.001298864615151783,0.45007373277757684,0.45007373277757684,-3.46716332635028,0.2954469928785552,0.15462673989902181,0.5324815993424852,0.5324815993424852,-2.736953952922217,0.3495429211520934,0.18293867819039195
150.0,105.0,-0.023645072512233575,0.018788083706551807,-0.03134009733175513,-0.02063737293833255,0.0481682925380679,0.00386688290979656,0.00386688290979656,-24.126389782758174,0.0023467828161890343,0.0015201000936075255,0.4603432035472096,0.4603432035472096,-3.3691826433769934,0.27937890668917076,0.18096429685803878,0.5446313957459944,0.5446313957459944,-2.63897326994893,0.33053279101254,0.21409860473345432
150.0,110.0,-0.024521295613691832,0.020649378752608583,-0.028714836944681587,-0.023049171021051598,0.048821070522470936,0.003972401292091053,0.003972401292091053,-24.009468855196452,0.0022596236745088356,0.001712777617582218,0.4729049157251255,0.4729049157251255,-3.25226171581527,0.269002818393909,0.20390209733121642,0.5594931397311342,0.5594931397311342,-2.522052342387208,0.3182568555646247,0.24123628416650958
150.0,115.0,-0.024973697873729554,0.022201589517293438,-0.02600356484747012,-0.02578545281311805,0.04957490417677919,0.00409602204165945,0.00409602204165945,-23.876377149850295,0.002235072279645434,0.001860949762014016,0.4876216716261249,0.4876216716261249,-3.119170010469114,0.26608003329112306,0.22154163833500193,0.5769045129097816,0.5769045129097816,-2.3889606370410497,0.3147989126261174,0.26210560028366425
150.0,120.0,-0.02498834605384016,0.023373645361561297,-0.023270145605317854,-0.028794562360117622,0.050412014778204416,0.004235518938340705,0.004235518938340705,-23.730933720508915,0.002284323680075849,0.0019511952582648587,0.5042284450405602,0.5042284450405602,-2.973726581127729,0.2719432952471249,0.23228514979343556,0.5965519631465782,0.5965519631465782,-2.2435172076996652,0.3217357295881477,0.27481623355843077
150.0,125.0,-0.0245664275672349,0.024103958086609662,-0.020576752052412245,-0.032012221275227945,0.05130979628548375,0.004387721954008777,0.004387721954008777,-23.577609010758252,0.002413584864794791,0.001974137089213987,0.5223478516677116,0.5223478516677116,-2.8204018713770713,0.28733153152318947,0.2350163201445223,0.61798900760687,0.61798900760687,-2.090192497949008,0.3399415302527875,0.2780474773540827
150.0,130.0,-0.023722955639391318,0.02434338515160721,-0.0179810472711104,-0.035363573297296086,0.052242505703949144,0.004548691840652936,0.004548691840652936,-23.421134842377995,0.0026231054975427125,0.001925586343110223,0.5415109334110638,0.5415109334110638,-2.663927702996812,0.31227446399318004,0.22923646941788373,0.640660822627174,0.640660822627174,-1.933718329568749,0.3694514785271426,0.2712093441000314
150.0,135.0,-0.022484702018358883,0.024057673453893907,-0.015533909847083782,-0.038765772562093515,0.05318290095831434,0.004713923868127246,0.004713923868127246,-23.266174357954092,0.0029067439822005508,0.0018071798859266954,0.5611814128722913,0.5611814128722913,-2.508967218572908,0.34604095026197035,0.21514046261032088,0.6639329391728516,0.6639329391728516,-1.778757845144845,0.40940056087331694,0.2545323782995345
150.0,140.0,-0.020887584978827575,0.023229245547221757,-0.013277860758108474,-0.042130964559869324,0.05410368578939467,0.004878566425390541,0.004878566425390541,-23.11707777384253,0.0032521229846897938,0.001626443440700747,0.5807817173083978,0.5807817173083978,-2.359870634461349,0.38715749817735645,0.19362421913104136,0.6871220317451467,0.6871220317451467,-1.6296612610332852,0.4580454908013794,0.22907654094376717
150.0,145.0,-0.018973780814772117,0.02185824249831989,-0.011246278869510755,-0.04536948699780701,0.054978689165688155,0.0050376417550195675,0.0050376417550195675,-22.977727199959258,0.003641362777550065,0.0013962789774695007,0.5997192565499485,0.5997192565499485,-2.220520060578075,0.43349556875596024,0.16622368779398816,0.7095270077492348,0.7095270077492348,-1.4903106871500114,0.5128679968380373,0.19665901091119725
150.0,150.0,-0.01678883927932251,0.019962794054045503,-0.009463412870587308,-0.048393115559379404,0.05578376186215666,0.005186257962283772,0.005186257962283772,-22.851458854050527,0.004052320892161954,0.0011339370701218172,0.6174116621766396,0.6174116621766396,-2.0942517146693445,0.48241915382880396,0.13499250834783538,0.7304588679272919,0.7304588679272919,-1.3640423412412805,0.570749421431261,0.15970944649603058
150.0,155.0,-0.014379067337726918,0.017578539106833,-0.007945119056930293,-0.05111819533893254,0.056497410791746944,0.005319803713862848,0.005319803713862848,-22.74104391682187,0.004460219607163445,0.0008595841066994012,0.6333099659360534,0.6333099659360534,-1.9838367774406862,0.530978524662315,0.10233144127373824,0.7492681287130771,0.7492681287130771,-1.2536274040126232,0.6281999446709079,0.12106818404216917
150.0,160.0,-0.011789403978397344,0.014757460889908966,-0.006700184801510851,-0.05346852752722753,0.05710121373830269,0.005434119661042566,0.005434119661042566,-22.648708025102696,0.0048395125059767325,0.0005946071550658355,0.6469190072669722,0.6469190072669722,-1.8915008857215108,0.5761324411877062,0.07078656607926613,0.7653689663440234,0.7653689663440234,-1.161291512293447,0.6816214797150326,0.08374748662899091
150.0,165.0,-0.009061946810185998,0.01156612825060525,-0.005732043768233882,-0.05537791571100888,0.05758006666335705,0.005525643282444483,0.005525643282444483,-22.576171551535708,0.005165828088197679,0.00035981519424680395,0.6578146764814862,0.6578146764814862,-1.8189644121545203,0.6149795343092476,0.04283514217223856,0.7782596172457017,0.7782596172457017,-1.088755038726458,0.7275814208729124,0.05067819637278929
150.0,170.0,-0.0062352154046464445,0.008083446615849534,-0.005040655894874981,-0.05679230981130842,0.05792231595756342,0.005591526078524098,0.005591526078524098,-22.524696452387715,0.00541783013675375,0.0001736959417703499,0.6656578664909641,0.6656578664909641,-1.7674893130065292,0.6449797781849703,0.02067808830599404,0.7875388842991687,0.7875388842991687,-1.037279939578466,0.7630746671484154,0.024464217150753507
150.0,175.0,-0.003344154244100789,0.0043980227488473805,-0.0046243156439629805,-0.057671512726368834,0.05811982146419963,0.005629723447199754,0.005629723447199754,-22.495129387729985,0.00557884802626572,5.0875420934032717e-05,0.6702051722856851,0.6702051722856851,-1.7379222483488042,0.664148574555443,0.006056597730241991,0.792918795380247,0.792918795380247,-1.0077128749207414,0.7857532431360168,0.0071655522442299596
150.0,180.0,-0.0004207972980658127,0.0006052407638344077,-0.004481166447304549,-0.057990432316945624,0.05816798500707212,0.005639057948541569,0.005639057948541569,-22.48793442456774,0.005638152325296787,9.056232447806885e-07,0.671316422445425,0.671316422445425,-1.7307272851865574,0.6712086101543795,0.00010781229104532006,0.7942335138790942,0.7942335138790942,-1.0005179117584941,0.7941059613094066,0.0001275525696874209
155.0,-180.0,-0.0004158697873971202,0.0005362641394475446,-0.000756098723837156,-0.05386254282202395,0.05387212388092639,0.004836895599524669,0.004836895599524669,-23.154332864051483,0.004836128072761358,7.675267633100135e-07,0.5758209047053178,0.5758209047053178,-2.3971257246702993,0.5757295324715902,9.137223372738256e-05,0.6812529013415027,0.6812529013415027,-1.6669163512422356,0.6811447989804729,0.00010810236102957934
155.0,-175.0,0.0024304496443139203,-0.0031228651722765757,-0.0008872430382566479,-0.05362974530362739,0.053782861153890305,0.004820880014265287,0.004820880014265287,-23.16873677434428,0.004794781675188906,2.6098339076380593e-05,0.5739142874125343,0.5739142874125343,-2.4115296349630952,0.5708073422843936,0.003106945128140547,0.678997185107787,0.678997185107787,-1.6813202615350318,0.6753213627026627,0.0036758224051240272
155.0,-170.0,0.005245730684482796,-0.006701503104771574,-0.001304791470308901,-0.052875464264630176,0.05357186795565898,0.0047831290409105515,0.0047831290409105515,-23.202879024231585,0.004662418827604843,0.00012071021330570779,0.5694201239179227,0.5694201239179227,-2.4456718848504018,0.5550498604291481,0.014370263488774739,0.6736801466071198,0.6736801466071198,-1.7154625114223383,0.6566787081133582,0.01700143849376166
155.0,-165.0,0.00799587444462683,-0.010114920065950054,-0.0020070127637569313,-0.051620298291519755,0.053244050484670645,0.004724770208717761,0.004724770208717761,-23.256193087447002,0.0044477007094328325,0.0002770694992849266,0.5624726438949715,0.5624726438949715,-2.4989859480658176,0.5294881796943848,0.032984464200586504,0.6654605927771493,0.6654605927771493,-1.7687765746377546,0.6264367196384271,0.039023873138722055
155.0,-160.0,0.01064558547723312,-0.013283662176560958,-0.0029904828888683457,-0.049898478448339154,0.05280705739143258,0.004647532692243507,0.004647532692243507,-23.327775465778995,0.004164570452106236,0.0004829622401372711,0.5532777014575604,0.5532777014575604,-2.5705683263978103,0.49578219667931384,0.05749550477824657,0.6545820693300713,0.6545820693300713,-1.8403589529697473,0.5865592186065121,0.0680228507235593
155.0,-155.0,0.01315806812208813,-0.016136144691288337,-0.004249212937837544,-0.04775676276214861,0.05227115956543278,0.0045536829232138455,0.0045536829232138455,-23.41637212959502,0.0038311834076417287,0.0007224995155721175,0.5421051099064103,0.5421051099064103,-2.6591649902138355,0.45609326281449153,0.08601184709191875,0.64136379200195,0.64136379200195,-1.9289556167857724,0.5396032968509477,0.10176049515100244
155.0,-150.0,0.015495122389104455,-0.018610994011266317,-0.005773566627194892,-0.04525289327320228,0.05164906908294875,0.004445939152926595,0.004445939152926595,-23.520364853457664,0.0034685156535709063,0.0009774234993556881,0.5292784705864993,0.5292784705864993,-2.7631577140764785,0.41291853018701263,0.1163599403994867,0.6261886130882528,0.6261886130882528,-2.032948340648414,0.48852333148885996,0.1376652815993927
155.0,-145.0,0.01761771282140998,-0.020659042440097253,-0.00754911463137729,-0.04245365330750839,0.0509556832009071,0.004327367468594716,0.004327367468594716,-23.637762240971377,0.003098763347395767,0.0012286041211989486,0.5151627938803235,0.5151627938803235,-2.880555101590196,0.36890039849949613,0.14626239538082722,0.6094883758584108,0.6094883758584108,-2.1503457281621334,0.4364455418867278,0.17304283397168285
155.0,-140.0,0.019487027752866735,-0.022244883564162137,-0.009555591212116262,-0.039432582651905135,0.050207738382011716,0.004201262677784891,0.004201262677784891,-23.766201639878126,0.002743665191754308,0.001457597486030584,0.5001503187839156,0.5001503187839156,-3.008994500496942,0.3266268085421795,0.17352351024173618,0.5917271377161817,0.5917271377161817,-2.278785127068879,0.386431717148494,0.20529542056768788
155.0,-135.0,0.021065985366806882,-0.023347906485090254,-0.011766118164397264,-0.03626742994092547,0.049423359738989196,0.004071018236980935,0.004071018236980935,-23.902969521029274,0.002422889604213374,0.0016481286327675606,0.484645028212016,0.484645028212016,-3.145762381648093,0.2884392385968302,0.19620578961518578,0.5733828502790048,0.5733828502790048,-2.415553008220029,0.34125205693146105,0.23213079334754375
155.0,-130.0,0.02232108386996447,-0.023962745461357193,-0.014146841267877491,-0.033037442413951935,0.04862149395369804,0.003939989967888181,0.003939989967888181,-24.045048839856825,0.0021526254846165513,0.001787364483271629,0.4690464247485929,0.4690464247485929,-3.287841700475643,0.2562649386448276,0.21278148610376535,0.554928164491293,0.554928164491293,-2.55763232704758,0.30318668797416215,0.2517414765171308
155.0,-125.0,0.02322444300208953,-0.02409910804610617,-0.016657086902857842,-0.029820610326217852,0.047821220244706156,0.003811358717329245,0.003811358717329245,-24.189201743910044,0.0019444997632096302,0.0018668589541196144,0.45373318063443396,0.45373318063443396,-3.4319946045288567,0.23148806704876554,0.2222451135856684,0.5368110869477809,0.5368110869477809,-2.7017852311007937,0.2738732060858634,0.2629378808619175
155.0,-120.0,0.023755849339995118,-0.023780978286920405,-0.019250095258325016,-0.02669099370581395,0.04704094619165216,0.003687997478463643,0.003687997478463643,-24.33209384551624,0.0018049163319036493,0.0018830811465599929,0.4390473188647194,0.4390473188647194,-3.5748867061350573,0.21487099189329162,0.22417632697142775,0.519436264572344,0.519436264572344,-2.8446773327069947,0.25421356787375343,0.26522269669859055
155.0,-115.0,0.023904603077278534,-0.023045229231823755,-0.021874327461106374,-0.023716260427821576,0.046297514503324116,0.0035723489206715515,0.0035723489206715515,-24.47046129032747,0.0017348711456007515,0.001837477775070799,0.42527963341327996,0.42527963341327996,-3.713254150946285,0.20653227923818473,0.21874735417509508,0.5031477353058523,0.5031477353058523,-2.983044777518221,0.24434804867616217,0.25879968662968994
155.0,-110.0,0.023670971402995997,-0.021939716976461566,-0.02447528387838199,-0.020955555477508794,0.04560527266081219,0.003466319827423462,0.003466319827423462,-24.60131368662767,0.0017302506140268997,0.001736069213396563,0.41265712231231694,0.41265712231231694,-3.844106547246488,0.20598221595558328,0.20667490635673372,0.48821406020048763,0.48821406020048763,-3.1138971738184247,0.2436972695812534,0.2445167906192342
155.0,-105.0,0.02306708269181354,-0.020520962453807155,-0.026997716765093147,-0.018457802070736683,0.044975186178071676,0.0033711995305134622,0.0033711995305134622,-24.722155422175327,0.0017825699506179749,0.0015886295798954876,0.40133327744207886,0.40133327744207886,-3.9649482827941425,0.21221070840690182,0.1891225690351771,0.47481683528358615,0.47481683528358615,-3.2347389093660794,0.2510661902278838,0.2237506450557024
155.0,-100.0,0.022117143127643808,-0.018851553168344897,-0.029388078431368446,-0.016260507782725662,0.044414100736454874,0.003287609787271673,0.003287609787271673,-24.831197353203933,0.0018800611528630071,0.001407548634408666,0.3913821175323421,0.3913821175323421,-4.073990213822748,0.22381680391226272,0.1675653136200793,0.46304363201009474,0.46304363201009474,-3.3437808403946856,0.2647973454736629,0.1982462865364318
155.0,-95.0,0.02085691753104603,-0.016997412309940983,-0.03159702059827709,-0.014389115938815538,0.04392426894462344,0.0032154932497580474,0.0032154932497580474,-24.927523977888512,0.0020089832838215234,0.0012065099659365232,0.38279681544738664,0.38279681544738664,-4.1703168385073255,0.23916467664541946,0.14363213880196707,0.45288637320535874,0.45288637320535874,-3.440107465079263,0.2829553920875385,0.16993098111782018
155.0,-90.0,0.01933248205952246,-0.01502508591507292,-0.03358175382984849,-0.01285690769359541,0.04350324510961518,0.0031541462496172045,0.0031541462496172045,-25.011181734265236,0.002155006339553207,0.0009991399100639984,0.3754936011449054,0.3754936011449054,-4.253974594884056,0.2565483737563341,0.11894522738857122,0.44424595065031053,0.44424595065031053,-3.5237652214559922,0.30352201965538117,0.14072393099492933
155.0,-85.0,0.017598320722345143,-0.012999190326544608,-0.03530808782616191,-0.011665426776817053,0.043144212696693135,0.0031022987280149112,0.0031022987280149112,-25.083163852193934,0.0023045177873573866,0.0007977809406575229,0.36932127714463225,0.36932127714463225,-4.325956712812753,0.2743473556377842,0.09497392150684797,0.4369434828190016,0.4369434828190016,-3.5957473393846895,0.3245799700503362,0.11236351276866519
155.0,-80.0,0.01571489351913279,-0.010980143741605677,-0.036752001821064605,-0.010805369489520919,0.04283674920631361,0.003058239754916258,0.003058239754916258,-25.14528470475186,0.0024457184605230485,0.0006125212943932088,0.3640761612995545,0.3640761612995545,-4.3880775653706765,0.29115695958607724,0.07291920171347724,0.4307379936501771,0.4307379936501771,-3.657868191942613,0.34446738880606315,0.0862706048441139
155.0,-75.0,0.013745846085354419,-0.00902227948133004,-0.037900635628184305,-0.01025785901627865,0.042567965235135743,0.0030199816257349813,0.0030199816257349813,-25.199956993826447,0.002569409221410172,0.00045057240432480936,0.35952162211130734,0.35952162211130734,-4.442749854445264,0.3058820501678776,0.05363957194342969,0.4253495247514058,0.4253495247514058,-3.712540481017201,0.361888622733827,0.06346090201757879
155.0,-70.0,0.011755055514265832,-0.007172407372206108,-0.03875264127617998,-0.009996006511463117,0.04232389525686228,0.00298544984836258,0.00298544984836258,-25.24990219997971,0.002669416031072433,0.00031603381729014747,0.3554106962336405,0.3554106962336405,-4.49269506059853,0.3177876227467182,0.037623073486922315,0.42048589413557463,0.42048589413557463,-3.762485687170467,0.37597408888344114,0.04451180525213345
155.0,-65.0,0.009803713127175621,-0.005468855863441609,-0.03931788749880718,-0.009986652177686295,0.04209098091779283,0.0029526815618673087,0.0029526815618673087,-25.297833879082688,0.002742651217433525,0.00021003034443378216,0.3515097097461082,0.3515097097461082,-4.540626739701504,0.326506097313515,0.025003612432593116,0.4158706425165223,0.4158706425165223,-3.810417366273441,0.3862889038638768,0.029581738652645375
155.0,-60.0,0.007947633019500168,-0.00394099361096574,-0.03961655954809924,-0.010192177801414086,0.04185747937965273,0.0029200121738552492,0.0029200121738552492,-25.3461533792585,0.0027888547617145243,0.00013115741214072554,0.3476204968875297,0.3476204968875297,-4.588946239877314,0.3320065192517292,0.01561397763580066,0.4112693202613027,0.4112693202613027,-3.858736866449251,0.39279644531190483,0.018472874949397963
155.0,-55.0,0.006234947613657765,-0.002609197521544764,-0.03967774040854328,-0.010572287845320976,0.04161464691263836,0.002886230065806957,0.002886230065806957,-25.39669053586222,0.0028100943870754225,7.613567873153556e-05,0.3435988173579712,0.3435988173579712,-4.639483396481035,0.33453504608040746,0.009063771277563758,0.40651127687421934,0.40651127687421934,-3.909274023052972,0.39578794184160876,0.010723335032610642
155.0,-50.0,0.00470431192949261,-0.0014852068916513122,-0.03953759296182997,-0.011085668859797266,0.041357583361765725,0.002850682343048835,0.002850682343048835,-25.450511742538964,0.0028101226481968768,4.055969485195836e-05,0.33936694560105185,0.33936694560105185,-4.693304603157784,0.33453841049962824,0.0048285351014236136,0.4015045553589908,0.4015045553589908,-3.963095229729721,0.3957919222812502,0.005712633077740613
155.0,-45.0,0.0033836913958739563,-0.0005727824324310544,-0.0392372835949243,-0.011691455867637214,0.04108566673903245,0.002813320406371277,0.002813320406371277,-25.507808036347136,0.0027936917901746705,1.9628616196606245e-05,0.3349190959965806,0.3349190959965806,-4.750600896965953,0.3325823559731751,0.0023367400234055053,0.3962423107565179,0.3962423107565179,-4.0203915235378895,0.39347771692600997,0.002764593830507922
155.0,-40.0,0.0022897586520299524,0.00013142350262512314,-0.03882079502999413,-0.012350458043657817,0.040802551482359,0.0027746816434650588,0.0027746816434650588,-25.567868389981854,0.002765914738636082,8.766904828978182e-06,0.3303192432696499,0.3303192432696499,-4.810661250600671,0.32927556412334313,0.0010436791463069267,0.39080023147395193,0.39080023147395193,-4.080451877172608,0.389565456145927,0.001234775328025096
155.0,-35.0,0.0014278776777850576,0.000636882054147048,-0.038332769925352624,-0.01302612224342469,0.040515744646547884,0.0027358114872002553,0.0027358114872002553,-25.62913831253561,0.002731737494157155,4.073993043100321e-06,0.32569184371431614,0.32569184371431614,-4.871931173154429,0.32520684454251847,0.00048499917179765727,0.38532556157750075,0.38532556157750075,-4.141721799726365,0.3847517597404443,0.0005738018370563831
155.0,-30.0,0.0007926130224693129,0.0009581780161899289,-0.037816508411626766,-0.01368523888597988,0.04023581007419972,0.002698137121545511,0.002698137121545511,-25.689359829008378,0.0026955599480712198,2.577173474290349e-06,0.3212068001839894,0.3212068001839894,-4.932152689627193,0.3208999938180024,0.00030680636598694633,0.3800193128937338,0.3800193128937338,-4.201943316199131,0.3796563307142563,0.00036298217947751393
155.0,-25.0,0.0003686713856475855,0.0011140490733892278,-0.03731221467363751,-0.014298417279174733,0.039975281418265556,0.0026633091289655565,0.0026633091289655565,-25.745784222909514,0.002661014143152486,2.2949858130711738e-06,0.3170606105911377,0.3170606105911377,-4.988577083528328,0.31678739799434363,0.00027321259679418736,0.3751139618261347,0.3751139618261347,-4.258367710100265,0.3747907243876741,0.00032323743846072864
155.0,-20.0,0.00013216482947359624,0.0011265262634097088,-0.03685555344381663,-0.014840373964263484,0.039747390455393605,0.0026330297148944334,0.0026330297148944334,-25.795442396626886,0.0026308855504685023,2.1441644259312845e-06,0.3134559184398135,0.3134559184398135,-5.038235257245703,0.3132006607700598,0.00025525766975372443,0.3708492556189343,0.3708492556189343,-4.30802588381764,0.3705472606293665,0.0003019949895677866
155.0,-15.0,5.208066400290122e-05,0.0010202029369173358,-0.036476541073584196,-0.015290086293238952,0.03956473573746735,0.002608885726975102,0.002608885726975102,-25.835449432190668,0.0026071465572349364,1.7391697401660453e-06,0.31058163416370266,0.31058163416370266,-5.078242292809481,0.3103745901470163,0.00020704401668643398,0.3674486939401552,0.3674486939401552,-4.348032919381418,0.36720374045562487,0.0002449534845304289
155.0,-10.0,9.185216736615032e-05,0.000821635279152469,-0.036198762297236016,-0.015630863873191396,0.03943802503456066,0.002592201961114524,0.002592201961114524,-25.863311651545704,0.002591062785698135,1.1391754163888879e-06,0.3085954715612529,0.3085954715612529,-5.106104512164521,0.3084598554402542,0.00013561612099867714,0.365098867762609,0.365098867762609,-4.375895138736458,0.3649384205208641,0.0001604472417449138
155.0,-5.0,0.00021094467561997237,0.0005588570890217074,-0.0360388772906475,-0.015850383794708385,0.03937501951379865,0.0025839260612295456,0.0025839260612295456,-25.87719917789737,0.002583331377069563,5.946841599836494e-07,0.30761024538446974,0.30761024538446974,-5.119992038516185,0.3075394496511385,7.079573333138684e-05,0.36393324806049937,0.36393324806049937,-4.389782665088121,0.3638494897281075,8.375833239206329e-05
155.0,0.0,0.00036639943901265864,0.0002609770618317882,-0.03600636763344348,-0.015940723876545194,0.03937978600041721,0.0025845516860347768,0.0025845516860347768,-25.876147783598054,0.0025842144313540072,3.3725468077048813e-07,0.30768472452794965,0.30768472452794965,-5.118940644216869,0.3076445751611913,4.014936675839145e-05,0.3640213642302502,0.3640213642302502,-4.3887312707888055,0.3639738635709869,4.750065926344904e-05
155.0,5.0,0.0005143079820684777,-4.218102542206439e-05,-0.03610346618714733,-0.01589841413329137,0.03945232736632219,0.0025940824434667656,0.0025940824434667656,-25.86016225563536,0.0025936386340236384,4.438094431265885e-07,0.3088193385079483,0.3088193385079483,-5.102955116254173,0.3087665040504332,5.2834457515070055e-05,0.36536372443193876,0.36536372443193876,-4.37274574282611,0.36530121605966737,6.250837227135048e-05
155.0,10.0,0.0006112170123064857,-0.00032043666304268066,-0.036325224498878275,-0.015724512689651676,0.03958861578929072,0.0026120359629858156,0.0026120359629858156,-25.830208479104506,0.0026112422052007715,7.937577850436608e-07,0.3109566622602162,0.3109566622602162,-5.073001339723321,0.3108621672858062,9.449497440995963e-05,0.36789238915293176,0.36789238915293176,-4.342791966295257,0.36778059228179877,0.00011179687113290997
155.0,15.0,0.0006154831440315332,-0.0005436481496391884,-0.036659689727610766,-0.0154247000381549,0.039781007968664385,0.002637485521568706,0.002637485521568706,-25.788099157397774,0.0026363615933621136,1.1239282065914037e-06,0.31398637161532217,0.31398637161532217,-5.030892018016591,0.31385257063834693,0.00013380097697516713,0.3714768340237614,0.3714768340237614,-4.300682644588527,0.3713185342763541,0.00015829974740723995
155.0,20.0,0.000488604215125112,-0.0006821781600984991,-0.03708818699856886,-0.01500937552124447,0.04001898386390761,0.0026691355667502453,0.0026691355667502453,-25.73629367615127,0.002667962092527647,1.1734742225993943e-06,0.317754234136934,0.317754234136934,-4.9790865367700885,0.3176145348247199,0.00013969931221421362,0.3759345868662317,0.3759345868662317,-4.2488771633420255,0.3757693088067108,0.00016527805952104146
155.0,25.0,0.00019654832432820823,-0.0007074544968957996,-0.037585727127234424,-0.014493732082817476,0.04029012629020158,0.0027054267233979626,0.0027054267233979626,-25.67764224457286,0.0027045282060512606,8.985173467024927e-07,0.3220746099283289,0.3220746099283289,-4.920435105191674,0.321967643577531,0.00010696635079791581,0.3810460173799947,0.3810460173799947,-4.190225731763611,0.3809194656410226,0.00012655173897218209
155.0,30.0,-0.00028891603908634176,-0.0005926421587610321,-0.03812157830537225,-0.013897779193708906,0.040581248085978065,0.0027446648318758503,0.0027446648318758503,-25.615106823811708,0.0027439403536005987,7.244782752519525e-07,0.32674581331855357,0.32674581331855357,-4.857899684430524,0.3266595659048332,8.624741372047052e-05,0.3865725115318098,0.3865725115318098,-4.1276903110024605,0.3864704723381125,0.00010203919369745807
155.0,35.0,-0.0009889118529835487,-0.00031343238374633494,-0.03866004903125962,-0.013246279071161809,0.04087957297774342,0.002785166862062963,0.002785166862062963,-25.551487807048492,0.002783373260131679,1.793601931283809e-06,0.3315674835789242,0.3315674835789242,-4.794280667667307,0.3313539595394856,0.0002135240394385487,0.3922770228257694,0.3922770228257694,-4.064071294239245,0.39202440283544776,0.0002526199903216632
155.0,40.0,-0.0019162204861673568,0.00015105799363648823,-0.03916152553061696,-0.012568558054306707,0.041173880712396915,0.0028254141906657636,0.0028254141906657636,-25.48917877920587,0.002819256469954337,6.157720711426705e-06,0.33635883222211477,0.33635883222211477,-4.7319716398246845,0.3356257702326592,0.0007330619894555601,0.39794566065714987,0.39794566065714987,-4.0017622663966215,0.39707837604990665,0.0008672846072431978
155.0,45.0,-0.0030742043555031435,0.0008172978662180096,-0.03958378971574096,-0.011898154035732472,0.041455532633648984,0.002864201165247856,0.002864201165247856,-25.429964829113146,0.0028473370488486284,1.6864116399226927e-05,0.3409763291961734,0.3409763291961734,-4.672757689731959,0.33896869629150345,0.0020076329046698725,0.40340861482364165,0.40340861482364165,-3.9425483163038963,0.40103338716177866,0.0023752276618629474
155.0,50.0,-0.004455985440499136,0.0016963007566444723,-0.03988361531854769,-0.011272263339952212,0.04171929930123534,0.002900764884250626,0.002900764884250626,-25.374874706494523,0.0028628770393490407,3.788784490158579e-05,0.34532915288697935,0.34532915288697935,-4.617667567113341,0.34081869516060004,0.004510457726379261,0.4085584344014966,0.4085584344014966,-3.8874581936852786,0.40322211821817466,0.0053363161833219425
155.0,55.0,-0.006043986580204258,0.0027925844097960693,-0.04001860417212731,-0.010730957501644238,0.041963918194742315,0.0029348815739406067,0.0029348815739406067,-25.324094183760813,0.0028610028120114347,7.387876192917288e-05,0.349390663564358,0.349390663564358,-4.5668870443796274,0.3405955728585041,0.008795090705853915,0.4133636019634657,0.4133636019634657,-3.8366776709515644,0.4029581425368218,0.010405459426644066
155.0,60.0,-0.007809934004075405,0.004103198771006403,-0.0399491869768423,-0.010316152641659351,0.04219231985491108,0.0029669165266996388,0.0029669165266996388,-25.276946722553518,0.002837200733848869,0.00012971579285076936,0.3532043484166237,0.3532043484166237,-4.519739583172332,0.33776199212486535,0.01544235629175826,0.41787556714079416,0.41787556714079416,-3.789530209744269,0.3996057371618124,0.0182698299789816
155.0,65.0,-0.009715395465955425,0.005616900762710113,-0.03964067897727206,-0.01007033133553652,0.04241147823673055,0.002997818517819298,0.002997818517819298,-25.231946620465454,0.0027879259906336902,0.00020989252718560733,0.35688315688324984,0.35688315688324984,-4.47473948108427,0.33189595126591553,0.02498720561733421,0.42222796025623915,0.42222796025623915,-3.744530107656207,0.39266563248361835,0.029562327772620755
155.0,70.0,-0.011712890626357622,0.007313559080797249,-0.0390652560583192,-0.01003503785567349,0.04263186799707671,0.003029055586394769,0.003029055586394769,-25.186927568279202,0.002711263151207765,0.00031779243518700303,0.3606018555231868,0.3606018555231868,-4.429720428898015,0.3227694227628292,0.037832432760357505,0.4266275473795449,0.4266275473795449,-3.699511055469953,0.38186804946588243,0.0447594979136624
155.0,75.0,-0.0137475629329887,0.009163869728036712,-0.038203704915846806,-0.010249190524806927,0.042866548387989,0.0030624961348651226,0.0030624961348651226,-25.139244507442466,0.002607553527919277,0.0004549426069458447,0.3645828731982289,0.3645828731982289,-4.382037368061281,0.3104230390380092,0.05415983416021962,0.4313374837838201,0.4313374837838201,-3.6518279946332175,0.36726106027032074,0.06407642351349926
155.0,80.0,-0.015759350596103987,0.01112945266220077,-0.03704680452964028,-0.010747277315208486,0.04312993790070258,0.0031002461998722213,0.0031002461998722213,-25.086038161656337,0.002479891068591968,0.0006203551312802534,0.3690769285562169,0.3690769285562169,-4.3288310222751525,0.2952251272133296,0.07385180134288731,0.43665439434820014,0.43665439434820014,-3.5986216488470895,0.3492804321960518,0.08737396215214836
155.0,85.0,-0.01768554446892191,0.013163382132773576,-0.035596215556750334,-0.011557520408928454,0.04343638972452786,0.003144459173225636,0.003144459173225636,-25.024540396563513,0.002334389737168293,0.000810069436057343,0.37434037776495677,0.37434037776495677,-4.267333257182328,0.2779035401390825,0.09643683762587416,0.44288157369375164,0.44288157369375164,-3.5371238837542647,0.32878728692511167,0.11409428676863985
155.0,90.0,-0.01946357876056319,0.01521117911890877,-0.03386478791366039,-0.01270011011484314,0.04379871602824121,0.003197137221214288,0.003197137221214288,-24.95238723397611,0.0021801430667482916,0.0010169941544659951,0.3806115739540819,0.3806115739540819,-4.19518009459493,0.25954084127955857,0.12107073267452326,0.45030101707243486,0.45030101707243486,-3.464970721166867,0.307062403767365,0.14323861330506973
155.0,95.0,-0.021033871719576543,0.01721226538499305,-0.0318762414744323,-0.01418561665912766,0.044226828167245616,0.0032599437482370036,0.0032599437482370036,-24.867898938096804,0.002028829686837274,0.0012311140613997292,0.3880885414567862,0.3880885414567862,-4.11069179871562,0.2415273436711041,0.14656119778568205,0.45914700679394416,0.45914700679394416,-3.380482425287557,0.28575066011792594,0.17339634667601816
155.0,100.0,-0.02234252145346022,0.01910184701035976,-0.029664225963793187,-0.016013688731098808,0.044726651483349644,0.0033340437078056735,0.0033340437078056735,-24.77028711066383,0.001893962927961709,0.0014400807798439648,0.3969099652149612,0.3969099652149612,-4.013079971282645,0.22547177713829872,0.1714381880766625,0.4695836208177005,0.4695836208177005,-3.2828705978545814,0.26675534196643785,0.20282827885126264
155.0,105.0,-0.023343668733088636,0.02081316308222455,-0.027270818519193853,-0.018172139550164335,0.04529943516143339,0.0034199841381801306,0.0034199841381801306,-24.659759081885483,0.0017898314974204613,0.0016301526407596703,0.40714096883096795,0.40714096883096795,-3.9025519425042994,0.21307517826434066,0.19406579056662743,0.48168790678593393,0.48168790678593393,-3.172342569076236,0.2520889432986565,0.22959896348727749
155.0,110.0,-0.024001363732143795,0.022280005104853194,-0.02474456561033029,-0.020636504434143416,0.04594151642011082,0.003517622012977594,0.003517622012977594,-24.53750829602136,0.0017302239749978695,0.0017873980379797256,0.41876452535447545,0.41876452535447545,-3.7803011566401796,0.20597904464260353,0.21278548071187212,0.4954397201376893,0.4954397201376893,-3.0500917832121157,0.2436935176053337,0.25174620253235575
155.0,115.0,-0.024290814878803493,0.02343938735285055,-0.022138214990606513,-0.023370128913019473,0.046644528675234095,0.0036261013312288357,0.0036261013312288357,-24.405600637323396,0.001727065125879331,0.0018990362053495039,0.4316787299081947,0.4316787299081947,-3.6483934979422106,0.20560299117611083,0.22607573873208384,0.510718497356174,0.510718497356174,-2.918184124514147,0.24324860927877898,0.2674698880773949
155.0,120.0,-0.024198951237660894,0.024234230703123427,-0.01950630895692286,-0.026324814786611955,0.047395982334447424,0.003743877033394183,0.003743877033394183,-24.26678423981841,0.0017891111212833691,0.0019547659121108138,0.4456996468326409,0.4456996468326409,-3.5095771004372267,0.2129894192004011,0.23271022763223975,0.5273066244217159,0.5273066244217159,-2.7793677270091637,0.25198748187089703,0.2753191425508188
155.0,125.0,-0.023724289595354716,0.024615914874184564,-0.016902819605563203,-0.029442015668011197,0.0481801077116997,0.0038687801535627116,0.0038687801535627116,-24.12425948698847,0.0019208507418527147,0.001947929411709998,0.46056906590032287,0.46056906590032287,-3.3670523476072907,0.22867270736341844,0.23189635853690452,0.5448986131778467,0.5448986131778467,-2.636842974179227,0.2705423580074246,0.2743562551704222
155.0,130.0,-0.022876157427777818,0.02454655802330362,-0.014378998885583538,-0.032654536941391116,0.04897883707541631,0.003998116610094949,0.003998116610094949,-23.981445432888805,0.0021217406667258447,0.0018763759433691042,0.47596626310654155,0.47596626310654155,-3.2242382935076197,0.2525881746102196,0.22337808849632199,0.5631150155063308,0.5631150155063308,-2.494028920079556,0.2988367136233584,0.2642783018829724
155.0,135.0,-0.021673376897018783,0.024000898407031977,-0.011981591834245771,-0.035888661679037225,0.04977281356784803,0.004128791013523688,0.004128791013523688,-23.841770991961265,0.0023858680911006233,0.0017429229224230666,0.491522739705201,0.491522739705201,-3.0845638525800823,0.2840319156072171,0.20749082409798414,0.5815198610596743,0.5815198610596743,-2.3543544791520192,0.3360377593099469,0.24548210174972765
155.0,140.0,-0.020142557437048694,0.02296767870028943,-0.009751523013650006,-0.03906659771949597,0.050542340106560245,0.004257446604160277,0.004257446604160277,-23.708507901449188,0.0027020884386820617,0.0015553581654782153,0.5068388814476521,0.5068388814476521,-2.951300762068005,0.32167719508119785,0.18516168636645422,0.5996403667831376,0.5996403667831376,-2.2210913886399424,0.38057583643409315,0.21906453034904444
155.0,145.0,-0.018316171231942725,0.021450466434862234,-0.0077231179392964425,-0.04210912463910163,0.051268212056270066,0.00438061274247675,0.00438061274247675,-23.58465137883031,0.0030546362498300203,0.00132597649264673,0.5215015169615178,0.5215015169615178,-2.827444239449129,0.36364717259881196,0.15785434436270596,0.6169877102079929,0.6169877102079929,-2.0972348660210653,0.43023045772253804,0.18675725248545494
155.0,150.0,-0.016230594705795486,0.019467879717094808,-0.005923868274646949,-0.04493831396487404,0.051932406284747004,0.004494852142895559,0.004494852142895559,-23.47284589710664,0.0034241597921322634,0.0010706923507632954,0.5351014455828047,0.5351014455828047,-2.715638757725454,0.4076380704919361,0.12746337509086852,0.6330777666050083,0.6330777666050083,-1.9854293842973916,0.48227602706088213,0.1508017395441261
155.0,155.0,-0.013924289739964115,0.01705322164970648,-0.004374697207464223,-0.04748020102010536,0.05251862220168287,0.004596901164444839,0.004596901164444839,-23.375348336866402,0.003789089840087012,0.0008078113243578269,0.5472501386243857,0.5472501386243857,-2.6181411974852202,0.45108212381988244,0.0961680148045032,0.6474508682316675,0.6474508682316675,-1.8879318240571565,0.5336746253643678,0.11377624286729955
155.0,160.0,-0.01143627225718131,0.014253556205844252,-0.003090634935012719,-0.04966729997412324,0.0530126862050453,0.00468379781842423,0.00468379781842423,-23.29401860021067,0.004127223951377763,0.0005565738670464663,0.557594978383837,0.557594978383837,-2.5368114608294876,0.49133618468782897,0.0662587936960079,0.6596898335808775,0.6596898335808775,-1.8066020874014246,0.5812991480813751,0.07839068549950229
155.0,165.0,-0.008804976125045758,0.011128280576691485,-0.002081778032242393,-0.051440871704773135,0.05340283994956308,0.004752993548242274,0.004752993548242274,-23.23032775220217,0.004417391066139064,0.00033560248210321006,0.5658325652669374,0.5658325652669374,-2.473120612820991,0.5258798888260792,0.03995267644085834,0.6694357110200385,0.6694357110200385,-1.7429112393929278,0.6221677557942344,0.04726795522580424
155.0,170.0,-0.006067571206829143,0.007747263762762558,-0.0013543840101572049,-0.05275287354240018,0.053679936095222675,0.004802446090699406,0.004802446090699406,-23.185375015611523,0.004641057365938628,0.00016138872476077716,0.5717197727023103,0.5717197727023103,-2.4281678762303383,0.5525068292784082,0.01921294342390204,0.6764008578449867,0.6764008578449867,-1.6979585028022752,0.6536700515406518,0.02273080630433481
155.0,175.0,-0.003259740696176171,0.004188629372053995,-0.0009119455951234578,-0.05356753803089443,0.053837564031840514,0.004830691694750791,0.004830691694750791,-23.159906792473087,0.004783741925140262,4.6949769610528505e-05,0.5750823446131895,0.5750823446131895,-2.4026996530919043,0.5694930863262218,0.005589258286967679,0.6803791119367312,0.6803791119367312,-1.672490279663841,0.6737664683296143,0.006612643607116691
155.0,180.0,-0.00041586978739711997,0.0005362641394475565,-0.000756098723837156,-0.05386254282202395,0.05387212388092639,0.004836895599524669,0.004836895599524669,-23.154332864051483,0.004836128072761358,7.675267633100343e-07,0.5758209047053178,0.5758209047053178,-2.3971257246702993,0.5757295324715902,9.137223372738504e-05,0.6812529013415027,0.6812529013415027,-1.6669163512422356,0.6811447989804729,0.00010810236102958229
160.0,-180.0,-0.00041147934364484204,0.00045634857709243436,0.0032878392336001816,-0.04902392492619847,0.049137894452953565,0.0040241263140122704,0.0040241263140122704,-23.95328395591905,0.004023497046713803,6.292672984669826e-07,0.4790626564300321,0.4790626564300321,-3.1960768165378672,0.4789877436564051,7.491277362702174e-05,0.5667783540862351,0.5667783540862351,-2.4658674431098038,0.5666897248892679,8.862919696718064e-05
160.0,-175.0,0.0023123778751553883,-0.002992139686216559,0.0031614081225990478,-0.048815125068652834,0.04906333588460118,0.004011923696254204,0.004011923696254204,-23.966473355247196,0.003988090938833479,2.38327574207263e-05,0.47760996383978627,0.47760996383978627,-3.2092662158660135,0.4747727308135095,0.0028372330262769405,0.5650596755287611,0.5650596755287611,-2.4790568424379504,0.5617029491314759,0.003356726397285394
160.0,-170.0,0.005004262617476031,-0.006372224506539548,0.0027477331805204576,-0.04813885855160119,0.04889322682937597,0.00398415218663184,0.00398415218663184,-23.996640807523335,0.003874741615068438,0.00010941057156340373,0.4743038317418857,0.4743038317418857,-3.239433668142151,0.46127876369862364,0.01302506804326235,0.5611481953002591,0.5611481953002591,-2.5092242947140875,0.545738255643442,0.015409939656817424
160.0,-165.0,0.0076295036828427695,-0.00961232509678553,0.002050761191768135,-0.04701247970624442,0.04863111133635041,0.003941548790362093,0.003941548790362093,-24.04333093164555,0.003690544503441029,0.0002510042869210649,0.4692319988526301,0.4692319988526301,-3.286123792264368,0.43935053612393205,0.029881462728698203,0.5551477169524074,0.5551477169524074,-2.5559144188363048,0.519795000484652,0.03535271646775561
160.0,-160.0,0.010153306985615842,-0.012645155378809387,0.0010774018525613145,-0.04546477938819233,0.04828246635029415,0.0038852360621369174,0.0038852360621369174,-24.1058258886593,0.0034469303927241067,0.0004383056694128127,0.46252810263534727,0.46252810263534727,-3.3486187492781156,0.4103488562766794,0.052179246358668184,0.5472163467798474,0.5472163467798474,-2.618409375850052,0.4854831539048037,0.06173319287504404
160.0,-155.0,0.012540873043229383,-0.015409790426051555,-0.00016205969936285798,-0.043535040529819394,0.04785458342667296,0.003816678674075398,0.003816678674075398,-24.183144017355062,0.003158802276945282,0.0006578763971301157,0.4543665088184998,0.4543665088184998,-3.4259368779738804,0.37604789011253353,0.07831861870596617,0.5375603766303377,0.5375603766303377,-2.6957275045458173,0.44490172914722276,0.09265864748311489
160.0,-150.0,0.014757726976152918,-0.017853514688402062,-0.0016534694529325117,-0.04127173953777092,0.04735640334671801,0.0037376268414593627,0.0037376268414593627,-24.274040600424573,0.0028434170878449713,0.0008942097536143905,0.44495557636420985,0.44495557636420985,-3.516833461043391,0.33850203426725856,0.10645354209695126,0.5264263156985017,0.5264263156985017,-2.7866240876153276,0.40048127997816496,0.1259450357203367
160.0,-145.0,0.016770294808799595,-0.019933380341433243,-0.0033783135137567563,-0.03873093475588379,0.04679829857026905,0.0036500485899486315,0.0036500485899486315,-24.377013541171944,0.0025191045009496722,0.0011309440889989593,0.4345295940415038,0.4345295940415038,-3.619806401790761,0.29989339297019907,0.1346362010713047,0.5140913506969904,0.5140913506969904,-2.8895970283626977,0.354803450837982,0.15928789985900835
160.0,-140.0,0.0185467283379772,-0.0216174117125685,-0.005313321830700323,-0.03597439728339955,0.04619179873066086,0.003556053339227979,0.003556053339227979,-24.490317334277385,0.0022039291587263826,0.0013521241805015964,0.4233396832414261,0.4233396832414261,-3.7331101948962013,0.26237251889599794,0.16096716434542818,0.5008525829898561,0.5008525829898561,-3.002900821468139,0.3104125575670961,0.19044002542276006
160.0,-135.0,0.020057947228967254,-0.022885403259709322,-0.007430257397830888,-0.033067552886057755,0.045549255847596413,0.003457809717585228,0.003457809717585228,-24.61198909522619,0.0019144078630688004,0.0015434018545164283,0.4116440139982414,0.4116440139982414,-3.8547819558450076,0.227905697984381,0.1837383160138605,0.48701545318101797,0.48701545318101797,-3.124572582416944,0.2696349102913803,0.2173805428896378
160.0,-130.0,0.021278835068586657,-0.02372927421748162,-0.009695969354075084,-0.03007731534038689,0.04488344902706105,0.0033574608955375513,0.0033574608955375513,-24.739890368725483,0.0016643886548448285,0.0016930722406927232,0.39969772565923234,0.39969772565923234,-3.982683229344299,0.19814150652914622,0.20155621913008612,0.47288181627289455,0.47288181627289455,-3.2524738559162354,0.23442093730208846,0.23846087897080606
160.0,-125.0,0.022189499560556776,-0.02415296245553469,-0.01207276640596162,-0.027069899937192225,0.04420713355815929,0.0032570410294455346,0.0032570410294455346,-24.87176770526451,0.0014641841239860039,0.0017928569054595296,0.38774297969589694,0.38774297969589694,-4.114560565883327,0.1743076338078576,0.21343534588803925,0.45873817316134285,0.45873817316134285,-3.3843511924552634,0.20622311605436672,0.25251505710697597
160.0,-120.0,0.022776489103449093,-0.02417186237461064,-0.01451913753180359,-0.024108709740368515,0.043532546750097455,0.0031583966352855745,0.0031583966352855745,-25.005333316743652,0.0013200276346993836,0.0018383690005861909,0.37599959943875894,0.37599959943875894,-4.248126177362467,0.15714614698802187,0.21885345245073703,0.44484459651909497,0.44484459651909497,-3.5179168039344044,0.18591938516892728,0.2589252113501677
160.0,-115.0,0.023033850946538124,-0.02381183528735887,-0.016990813110240907,-0.021252385573575654,0.04287089236177275,0.0030631168555663433,0.0030631168555663433,-25.138364348749164,0.0012338903018540674,0.0018292265537122757,0.36465676851980283,0.36465676851980283,-4.381157209367981,0.14689170260167472,0.21776506591812805,0.43142490923469623,0.43142490923469623,-3.6509478359399177,0.17378736645831935,0.25763754277637685
160.0,-110.0,0.022963921052207483,-0.023107843768497924,-0.019442125117082674,-0.018553103149086203,0.0422318360866569,0.002972476603227826,0.002972476603227826,-25.26881555087417,0.0012036614187089503,0.0017688151845188754,0.353866262289027,0.353866262289027,-4.5116084114929835,0.14329302603677982,0.2105732362522471,0.41865867651096145,0.41865867651096145,-3.781399038064921,0.16952977728295074,0.24912889922801065
160.0,-105.0,0.022577752401848186,-0.022102281843987156,-0.021827593612292265,-0.016055187487690952,0.041623054361717565,0.0028873963995540816,0.0028873963995540816,-25.394935894060005,0.0012236593186421456,0.001663737080911936,0.3437376666135812,0.3437376666135812,-4.6377287546788235,0.14567372840977927,0.19806393820380194,0.40667554923296917,0.40667554923296917,-3.9075193812507614,0.17234638290734444,0.23432916632562478
160.0,-100.0,0.021895115106890146,-0.020843088720261062,-0.02410364178742753,-0.013794096708734096,0.04104988507135159,0.002808422276734002,0.002808422276734002,-25.5153759074907,0.0012854074693420569,0.0015230148073919457,0.3343359853254764,0.3343359853254764,-4.758168768109515,0.15302469873119726,0.18131128659427925,0.3955524333428172,0.3955524333428172,-4.027959394681451,0.18104330554113474,0.2145091278016825
160.0,-95.0,0.020944035525302523,-0.019381743585859597,-0.026230325981489406,-0.011795805851611763,0.04051512859781221,0.0027357282908819303,0.0027357282908819303,-25.629270383957667,0.0013785859164048978,0.0013571423744770318,0.325681939390706,0.325681939390706,-4.872063244576483,0.1641173710005831,0.16156456839012284,0.3853138437861873,0.3853138437861873,-4.14185387114842,0.19416703047956305,0.1911468133066242
160.0,-90.0,0.01975987905514025,-0.01777124205181618,-0.02817296184864091,-0.01007659841675434,0.04001903896041886,0.0026691429162701385,0.0026691429162701385,-25.73628171777951,0.0014920542068504285,0.0011770887094197094,0.31775510907977844,0.31775510907977844,-4.979074578398323,0.17762550081552722,0.1401296082642511,0.3759356220098787,0.3759356220098787,-4.24886520497026,0.21014847983808851,0.16578714217179003
160.0,-85.0,0.018384018479390557,-0.01606415095276724,-0.029903533610590113,-0.008643250658021689,0.03955952711573978,0.00260819886256588,0.00260819886256588,-25.83659298821068,0.0016148404630500885,0.0009933583995157917,0.31049986459117623,0.31049986459117623,-5.079385848829494,0.19224291226786766,0.11825695232330855,0.3673519524740676,0.3673519524740676,-4.349176475401431,0.22744231873944906,0.13990963373461854
160.0,-80.0,0.016862162930411238,-0.014310828085737115,-0.03140178919294924,-0.007493573042321637,0.039132573907811004,0.002552203773475018,0.002552203773475018,-25.93084653554817,0.0017370024135617843,0.0008152013599132329,0.30383378255654975,0.30383378255654975,-5.173639396166987,0.20678600161449814,0.09704778094205155,0.35946532020774896,0.35946532020774896,-4.443430022738923,0.24464822726222313,0.11481709294552575
160.0,-75.0,0.015242448579173241,-0.012557878112027812,-0.03265594814615511,-0.006617256127790778,0.038732822894161016,0.002500327043477369,0.002500327043477369,-26.02003181772695,0.0018502881221966554,0.0006500389212807132,0.29765798136635346,0.29765798136635346,-5.262824678345765,0.22027239549960187,0.07738558586675157,0.3521587385179393,0.3521587385179393,-4.532615304917701,0.2606039608727684,0.09155477764517087
160.0,-70.0,0.013573408801588385,-0.010846896724735398,-0.03366297895573749,-0.005996955421925246,0.038354298606011514,0.0024516959428631316,0.0024516959428631316,-26.105333916270194,0.0019485534713570962,0.0005031424715060345,0.2918685646265633,0.2918685646265633,-5.348126776889011,0.2319706513520353,0.05989791327452792,0.34530928772720165,0.34530928772720165,-4.617917403460947,0.27444415089536567,0.07086513683183583
160.0,-65.0,0.011901947699462997,-0.009213533904468042,-0.03442843461077241,-0.005609542188958845,0.03799117844141553,0.002405492727716323,0.002405492727716323,-26.187959517181604,0.002027925679438041,0.0003775670482782808,0.28636818187099083,0.28636818187099083,-5.430752377800419,0.24141972374262394,0.04494845812836677,0.3388017926361018,0.3388017926361018,-4.700543004372356,0.2856233351321184,0.05317845750398322
160.0,-60.0,0.010271436463982975,-0.007686885317552024,-0.034965867019811366,-0.005427444928005958,0.03763853912962757,0.002361043755635554,0.002361043755635554,-26.26895964359228,0.0020867325299614653,0.00027431122567408826,0.2810766375756612,0.2810766375756612,-5.511752504211094,0.2484205392811268,0.032656098294534315,0.3325413740331765,0.3325413740331765,-4.781543130783032,0.2939059901354176,0.038635383897758904
160.0,-55.0,0.008720038216094236,-0.00628920028647037,-0.03529586919762868,-0.005420009232232738,0.037293001880072396,0.002317892041275148,0.002317892041275148,-26.349067957107938,0.002125241402060544,0.0001926506392146052,0.2759395287232319,0.2759395287232319,-5.5918608177267535,0.2530049288167314,0.022934599906500625,0.32646366778523206,0.32646366778523206,-4.861651444298691,0.29932977493810475,0.02713389284712749
160.0,-50.0,0.007279345537997554,-0.00503587679829163,-0.035444816771235996,-0.005554811507773231,0.0369532122206246,0.0022758462054960084,0.0022758462054960084,-26.428570895358327,0.002145267737491192,0.0001305784680048161,0.27093407208285814,0.27093407208285814,-5.6713637559771435,0.2553890163679991,0.01554505571485906,0.3205417190839448,0.3205417190839448,-4.9411543825490805,0.3021503855621397,0.018391333521805085
160.0,-45.0,0.005973388404939424,-0.00393570002364457,-0.035443395648007095,-0.0057988737668849,0.03662010835234947,0.0022350012382919265,0.0022350012382919265,-26.507222319131625,0.002149718074632034,8.528316365989197e-05,0.2660715759871341,0.2660715759871341,-5.7500151797504415,0.25591881840857544,0.010152757578558567,0.31478890680167976,0.31478890680167976,-5.0198058063223785,0.3027771936101456,0.01201171319153408
160.0,-40.0,0.004818041415979907,-0.0029912717838537755,-0.035325009829304616,-0.006119741252617933,0.03629695279786499,0.002195729574617785,0.002195729574617785,-26.58421148503897,0.0021421287874521426,5.360078716564166e-05,0.26139637793068876,0.26139637793068876,-5.827004345657784,0.2550153318395408,0.006381046091147817,0.30925768656588526,0.30925768656588526,-5.09679497222972,0.30170827992283694,0.007549406643048121
160.0,-35.0,0.0038208309040793265,-0.00219957486169682,-0.03512416233809449,-0.0064864005490768584,0.03598912405721562,0.002158644228306976,0.002158644228306976,-26.65818928955703,0.0021262501941981126,3.239403410886332e-05,0.2569814557508305,0.2569814557508305,-5.900982150175845,0.25312502311882296,0.0038564326320075382,0.3040343983530952,0.3040343983530952,-5.170772776747782,0.29947185833776235,0.004562540015332862
160.0,-30.0,0.002981117242076858,-0.0015526179727605445,-0.03487489383924897,-0.006870031463135253,0.035703686576930696,0.002124538673099701,0.002124538673099701,-26.727353590150727,0.0021057096457272836,1.8829027372417764e-05,0.2529212706071073,0.2529212706071073,-5.970146450769544,0.25067971972943853,0.002241550877668782,0.29923079902812694,0.29923079902812694,-5.239937077341481,0.2965788233418709,0.0026519756862560234
160.0,-25.0,0.0022906075580278614,-0.0010381139609622792,-0.03460934923750406,-0.007244599741240228,0.03544877774529243,0.0020943103993361785,0.0020943103993361785,-26.78958950771484,0.0020837697083639097,1.0540690972268352e-05,0.2493226665876403,0.2493226665876403,-6.032382368333655,0.24806782242427503,0.0012548441633652803,0.2949732956811519,0.2949732956811519,-5.302172994905591,0.2934886913188605,0.0014846043622913172
160.0,-20.0,0.001734140592375873,-0.0006401541617008789,-0.03435652435876951,-0.007587308282052597,0.03523286894260096,0.0020688763490249546,0.0020688763490249546,-26.842654651297657,0.002063181414950994,5.694934073960227e-06,0.24629480345535176,0.24629480345535176,-6.085447511916472,0.24561683511321358,0.0006779683421381223,0.29139103507393727,0.29139103507393727,-5.355238138488408,0.29058893168323857,0.0008021033906986234
160.0,-15.0,0.001290679237333646,-0.00033985431340088847,-0.034141225122110916,-0.007878931068505388,0.03506397241427358,0.0020490886611090275,0.0020490886611090275,-26.88439249896819,0.0020461198079724818,2.9688531365452447e-06,0.24393912632250328,0.24393912632250328,-6.127185359587005,0.2435856914252955,0.0003534348972077673,0.28860403677591934,0.28860403677591934,-5.396975986158942,0.2881858884468284,0.00041814832909087957
160.0,-10.0,0.000934447174683379,-0.00011596018748180818,-0.033983252846965864,-0.008104056318020181,0.03494887467650155,0.002035658443654238,0.002035658443654238,-26.912950890464437,0.002034180747988485,1.477695665753071e-06,0.24234029091121884,0.24234029091121884,-6.155743751083255,0.24216437476053393,0.0001759161506848894,0.2867124568527096,0.2867124568527096,-5.425534377655192,0.2865043307026035,0.00020812615010606632
160.0,-5.0,0.0006361528583293932,5.458730652761457e-05,-0.03389681374706805,-0.008251263685603737,0.03489247776879681,0.002029093871129901,0.002029093871129901,-26.926978609160372,0.0020284144367481004,6.794343817991421e-07,0.24155879418213105,0.24155879418213105,-6.169771469779189,0.24147790913667866,8.088504545227884e-05,0.28578786917322546,0.28578786917322546,-5.439562096351125,0.2856921741898733,9.569498335199184e-05
160.0,0.0,0.00036425498120858763,0.0001961185708327654,-0.033890139928907326,-0.008313255574942002,0.03489732005241066,0.0020296570945182077,0.0020296570945182077,-26.925773288541983,0.0020293718609294517,2.8523358875630715e-07,0.2416258445855009,0.2416258445855009,-6.168566149160798,0.24159188820588715,3.395637961384609e-05,0.28586719641101516,0.28586719641101516,-5.438356775732734,0.28582702266612,4.0173744895254524e-05
160.0,5.0,8.623610453784118e-05,0.0003337181772783976,-0.033965304202719766,-0.008286955799942637,0.034963328367034335,0.002037342552890245,0.002037342552890245,-26.909359438410185,0.0020371445500757257,1.980028145195279e-07,0.24254078010598154,0.24254078010598154,-6.152152299028998,0.2425172083423483,2.3571763633277135e-05,0.2869496553366542,0.2869496553366542,-5.421942925600934,0.2869217676162994,2.7887720354863083e-05
160.0,10.0,-0.0002301372651844562,0.0004927060082629896,-0.03411821159500161,-0.008173581097300264,0.0350878257058891,0.00205187751423603,0.00205187751423603,-26.878485677703058,0.002051384655228333,4.928590076966547e-07,0.24427113264714648,0.24427113264714648,-6.121278538321873,0.2442124589557539,5.8673691392458895e-05,0.28899683299099016,0.28899683299099016,-5.391069164893809,0.28892741622934265,6.941676164741614e-05
160.0,15.0,-0.0006155814903629019,0.0006980985604574311,-0.034338755485369264,-0.007978683256903317,0.03526578791079759,0.0020727441629741984,0.0020727441629741984,-26.834542991918653,0.0020713003933691184,1.4437696050796315e-06,0.24675525749692842,0.24675525749692842,-6.077335852537468,0.2465833801629903,0.00017187733393805139,0.2919357976019998,0.2919357976019998,-5.347126479109404,0.29173244977029833,0.00020334783170135656
160.0,20.0,-0.0010980993128097,0.0009740348636196975,-0.034611133814188545,-0.007712152592351662,0.03549031484120311,0.002099221290127676,0.002099221290127676,-26.779417777035945,0.0020956304313644895,3.590858763186882e-06,0.249907296443771,0.249907296443771,-6.022210637654762,0.24947981325767732,0.0004274831860936764,0.29566497044051776,0.29566497044051776,-5.292001264226699,0.29515921568513936,0.000505754755378434
160.0,25.0,-0.001701831783561316,0.0013431561587363226,-0.03491432837999203,-0.007388167560876978,0.03575326063479809,0.002130442552069831,0.002130442552069831,-26.715301721677985,0.002122608903479677,7.833648590153913e-06,0.2536241133416466,0.2536241133416466,-5.958094582296801,0.252691536128533,0.0009325772131135612,0.300062331277441,0.300062331277441,-5.227885208868739,0.2989590004900954,0.0011033307873456214
160.0,30.0,-0.0024459771819647282,0.001825934906953216,-0.03522275540127412,-0.007025070858187205,0.03604595624032824,0.002165467252352714,0.002165467252352714,-26.644483795767382,0.0021499395470728467,1.5527705279867805e-05,0.25779372051818034,0.25779372051818034,-5.887276656386199,0.25594518417533896,0.0018485363428414055,0.30499538765531187,0.30499538765531187,-5.1570672829581365,0.30280838691166856,0.0021870007436433528
160.0,35.0,-0.003343805693462798,0.002439956545610233,-0.03550709623245267,-0.0066451495264842515,0.03635995488927467,0.002203358623450389,0.002203358623450389,-26.569148103798994,0.0021748019221202344,2.855670133015428e-05,0.2623045980298082,0.2623045980298082,-5.811940964417812,0.25890499072859935,0.003399607301208843,0.3103322004859702,0.3103322004859702,-5.081731590989749,0.30631012987608935,0.0040220706098808845
160.0,40.0,-0.004401809812274303,0.0031991663419225374,-0.03573531220669704,-0.006274295836714211,0.036687735303006154,0.0022432636868455046,0.0022432636868455046,-26.49119673803954,0.0021939138579715593,4.93498288739462e-05,0.2670552008149411,0.2670552008149411,-5.733989598658359,0.2611802211870904,0.005874979627850738,0.31595263195007106,0.31595263195007106,-5.0037802252302965,0.30900195182698015,0.006950680123091014
160.0,45.0,-0.00561903991231809,0.004113103269463165,-0.03587383690212737,-0.0059415273001562526,0.03702330548155351,0.002284488094164125,0.002284488094164125,-26.41211100971067,0.0022036712847324537,8.081680943167081e-05,0.2719628683528721,0.2719628683528721,-5.654903870329489,0.26234181961100644,0.009621048741865574,0.32175888650198947,0.32175888650198947,-4.924694496901426,0.31037623728626107,0.011382649215728282
160.0,50.0,-0.006986679584737857,0.005186152392286533,-0.035888923669385446,-0.005678348460724209,0.03736265985772688,0.0023265591077821,0.0023265591077821,-26.332859094502858,0.0022003789667122274,0.00012618014106987284,0.27697132235501193,0.27697132235501193,-5.5756519551216694,0.2619498769895509,0.015021445365461055,0.32768438137776057,0.32768438137776057,-4.845442581693606,0.3099125305228489,0.017771850854911668
160.0,55.0,-0.008487914132319582,0.006416855909712638,-0.0357481079439266,-0.005517944291602176,0.037704053586577364,0.0023692702769044847,0.0023692702769044847,-26.253853938686905,0.0021805735122899066,0.00018869676461457814,0.282055985345772,0.282055985345772,-5.496646799305724,0.2595920847964175,0.022463900549354543,0.3337000390006316,0.3337000390006316,-4.766437425877661,0.30712302989998685,0.026577009100644804
160.0,60.0,-0.010098136904909889,0.0077973297660499305,-0.035421725263533974,-0.005494204957676822,0.03804806997986985,0.0024127025409023174,0.0024127025409023174,-26.174962184177403,0.0021414243979182225,0.00027127814298409436,0.28722649296456165,0.28722649296456165,-5.41775504479622,0.25493147594264554,0.03229501702191599,0.3398172592820165,0.3398172592820165,-4.687545671368157,0.3016090701293271,0.038208189152689344
160.0,65.0,-0.011785521920153046,0.009312836532277543,-0.0348844098321873,-0.0056405939358828835,0.03839747127737523,0.0024572184443209318,0.0024572184443209318,-26.095562334482175,0.00208118155139725,0.00037603689292368226,0.29252600527630146,0.29252600527630146,-5.338355195100991,0.24775970849967263,0.04476629677662884,0.346087104833934,0.346087104833934,-4.608145821672928,0.29312416216862675,0.052962942665307364
160.0,70.0,-0.013511968530128586,0.010941565253872706,-0.03411648755201626,-0.005988885173140678,0.03875683955468872,0.0025034287086006823,0.0025034287086006823,-26.01464771711519,0.001999622004890312,0.000503806703710371,0.29802722721436703,0.29802722721436703,-5.257440577734003,0.23805023867741815,0.05997698853694894,0.35259559276065944,0.35259559276065944,-4.527231204305941,0.2816369020972271,0.07095869066343254
160.0,75.0,-0.015234396848138184,0.012654664578152675,-0.03310517376972966,-0.006567808983769953,0.03913203327305393,0.0025521332541915704,0.0025521332541915704,-25.93096653599291,0.0018984363498449131,0.0006536969043466579,0.30382538740375836,0.30382538740375836,-5.173759396611727,0.22600432736248968,0.0778210600412688,0.3594553879143057,0.3594553879143057,-4.443550023183662,0.2673854013866075,0.09206998652769831
160.0,80.0,-0.01690634404987662,0.014416566581414648,-0.03184549079599205,-0.007401659465480003,0.0395295042722484,0.002604241493112508,0.002604241493112508,-25.84318745809194,0.0017814911078176353,0.0008227503852948723,0.3100287491800605,0.3100287491800605,-5.085980318710757,0.2120822747401947,0.09794647443986576,0.36679457649471947,0.36679457649471947,-4.355770945282694,0.2509142405376951,0.11588033595702427
160.0,85.0,-0.018479784691901594,0.016185625599854956,-0.030340833787906755,-0.008508927052814667,0.03995553719890681,0.002660678904904083,0.002660678904904083,-25.75007533656992,0.0016549077360988008,0.0010057711688052828,0.31674748867905755,0.31674748867905755,-4.992868197188736,0.19701282572604772,0.11973466295300987,0.37474350773296944,0.37474350773296944,-4.262658823760673,0.2330855966336339,0.14165791109933562
160.0,90.0,-0.01990707600628424,0.01791507972046096,-0.02860313501621836,-0.009901027252810802,0.04041548502650151,0.0027222882485673297,0.0027222882485673297,-25.65065891574124,0.0015269134829964735,0.0011953747655708573,0.3240819343532536,0.3240819343532536,-4.893451776360055,0.18177541464243735,0.14230651971081634,0.3834208800799056,0.3834208800799056,-4.163242402931992,0.21505823704175686,0.1683626430381489
160.0,95.0,-0.021142914476419885,0.01955432344200795,-0.026652604083602156,-0.011581199658133803,0.04091307722221187,0.0027897340893765954,0.0027897340893765954,-25.544371906403995,0.0014074426585240097,0.001382291430852586,0.33211120111626136,0.33211120111626136,-4.787164767022814,0.1675526974433345,0.16455850367292688,0.3929202942783937,0.3929202942783937,-4.056955393594749,0.19823136035549432,0.1946889339228994
160.0,100.0,-0.022146184860790806,0.0210504596773221,-0.024517052761499597,-0.01354364933568016,0.04144986935990159,0.002863418657038661,0.002863418657038661,-25.431151496559504,0.0013074963856330218,0.0015559222714056392,0.34088317345698355,0.34088317345698355,-4.6739443571783195,0.1556543316229788,0.1852288418340047,0.4032984023998114,0.4032984023998114,-3.9437349837502564,0.18415442051169317,0.2191439818881182
160.0,105.0,-0.022881588184412657,0.02235007924321563,-0.022230844725276158,-0.015772995324616595,0.042024884993641404,0.002943415587009925,0.002943415587009925,-25.311484146238406,0.001238300557943521,0.001705115029066405,0.3504066175011816,0.3504066175011816,-4.5542770068572205,0.1474167330885144,0.2029898844126673,0.41456557563520074,0.41456557563520074,-3.8240676334291575,0.17440852928781983,0.240157046347381
160.0,110.0,-0.023320950890761177,0.023401197900379044,-0.01983353939556802,-0.01824407834732467,0.04263447540806464,0.0030294261183331974,0.0030294261183331974,-25.186396346153685,0.0012103309518640248,0.001819095166469172,0.36064596646823777,0.36064596646823777,-4.429189206772501,0.14408701807905058,0.21655894838918716,0.42667973497650663,0.42667973497650663,-3.698979833344438,0.17046914814986266,0.25621058682664394
160.0,115.0,-0.02344414201959898,0.024155266492355797,-0.01736832235028588,-0.020922162521185284,0.04327239535983863,0.003120760144681803,0.003120760144681803,-25.05739609048256,0.001232296811247378,0.0018884633334344243,0.3715190648430718,0.3715190648430718,-4.300188951101377,0.1467020013389736,0.22481706350409816,0.4395436823495497,0.4395436823495497,-3.5699795776733136,0.17356293116160254,0.26598075118794706
160.0,120.0,-0.023239556611580576,0.024569160262204806,-0.01488032991930068,-0.02376354495381372,0.043930068458539,0.0032163424171729525,0.0032163424171729525,-24.926377217480606,0.0013101862786634715,0.00190615613850948,0.3828979068063039,0.3828979068063039,-4.169170078099425,0.15597455698374663,0.22692334982255716,0.4530059742497116,0.4530059742497116,-3.4389607046713615,0.18453327868499597,0.2684726955647155
160.0,125.0,-0.022704158444504716,0.024607050108609835,-0.012414981009780791,-0.026716564184514766,0.04459699856514253,0.0033147423760380677,0.0033147423760380677,-24.79550219600938,0.0014464768478133886,0.0018682655282246789,0.3946121876235795,0.3946121876235795,-4.038295056628199,0.17219962473968914,0.22241256288389036,0.4668651233856433,0.4668651233856433,-3.3080856832001357,0.20372913349484348,0.2631359898907998
160.0,130.0,-0.02184311018208422,0.024242061925745153,-0.010016424358658483,-0.029722975424896252,0.04526127543364247,0.003414224653760266,0.003414224653760266,-24.667079059868193,0.0016396014142122251,0.0017746232395480406,0.4064553159238412,0.4064553159238412,-3.9098719204870114,0.19519064454907448,0.21126467137476673,0.4808767117972205,0.4808767117972205,-3.179662547058948,0.2309297766496092,0.24994693514761135
160.0,135.0,-0.020669050572233765,0.023457640084208906,-0.007726194790074413,-0.0327196394936347,0.0459101233325008,0.0035128162819064676,0.0035128162819064676,-24.543445629437088,0.0018837371117394908,0.0016290791701669756,0.41819241451267475,0.41819241451267475,-3.786238490055906,0.22425441806422514,0.19393799644844947,0.49476285660654473,0.49476285660654473,-3.0560291166278426,0.26531508616049165,0.22944777044605286
160.0,140.0,-0.01920110338222058,0.022248546634637396,-0.005582149221076532,-0.0356404550942181,0.04653044839347349,0.0036083860358567523,0.0036083860358567523,-24.42687006530854,0.0021689529501823044,0.001439433085674448,0.42956976617342296,0.42956976617342296,-3.669662925927359,0.25820868454551243,0.17136108162791047,0.508223385331937,0.508223385331937,-2.9394535524992955,0.30548633101159217,0.20273705432034478
160.0,145.0,-0.017463718960596605,0.02062144739369059,-0.003617724500496994,-0.03841845202842279,0.04710935108200037,0.0036987311268573708,0.0036987311268573708,-24.319472378563493,0.002481717177694407,0.0012170139491629631,0.440325134149687,0.440325134149687,-3.562265239182309,0.2954425211540961,0.14488261299559088,0.5209480460362493,0.5209480460362493,-2.8320558657542456,0.34953763066118404,0.17141041537506524
160.0,150.0,-0.015485455302246489,0.018595057757461425,-0.001861527634040048,-0.040987956749079076,0.04763458179220085,0.0037816665448918933,0.0037816665448918933,-24.223167684835765,0.0028057303721953294,0.0009759361726965626,0.4501983982014159,0.4501983982014159,-3.465960545454583,0.33401552049944394,0.11618287770197175,0.5326290908298441,0.5326290908298441,-2.7357511720265197,0.39517329185849703,0.13745579897134683
160.0,155.0,-0.013297800968367883,0.016199842876647413,-0.00033723772105273575,-0.04328674123182341,0.04809492816892163,0.003855112702993376,0.003855112702993376,-24.139629209664236,0.0031230192507479076,0.0007320934522454691,0.4589419884515924,0.4589419884515924,-3.3824220702830523,0.3717880060414176,0.08715398241017491,0.542973620139912,0.542973620139912,-2.6522126968549893,0.43986186630252216,0.10311175383739002
160.0,160.0,-0.010934127931615925,0.01347728699256255,0.0009362289202543411,-0.04525807069657438,0.048480531206579046,0.003917177558298867,0.003917177558298867,-24.070267422530776,0.0034152020205463858,0.0005019755377524811,0.4663306617022461,0.4663306617022461,-3.3130602831495954,0.406571669112665,0.05975899258958108,0.5517151490561784,0.5517151490561784,-2.5828509097215324,0.4810143690910403,0.07070077996513817
160.0,165.0,-0.008428840054795366,0.010478764068230829,0.0019443607552552915,-0.04685257398479145,0.048783133036059724,0.003966230007237303,0.003966230007237303,-24.016221040546956,0.003664820706389097,0.00030140930084820647,0.47217023895682186,0.47217023895682186,-3.2590139011657735,0.43628817933203534,0.03588205962478649,0.5586239446813103,0.5586239446813103,-2.528804527737711,0.5161719304773376,0.042452014203972745
160.0,170.0,-0.005816754874350227,0.007264055783150233,0.002676584172015401,-0.04802987098942552,0.048996262651142465,0.004000961997259476,0.004000961997259476,-23.978355737044545,0.003856630158105194,0.00014433183915428237,0.47630499967374723,0.47630499967374723,-3.2211485976633583,0.459122637869666,0.01718236180408124,0.563515774261898,0.563515774261898,-2.4909392242352952,0.5431873462119992,0.020328428049898928
160.0,175.0,-0.0031327255451260253,0.0038995735164675926,0.003125776115131669,-0.04875990316808451,0.049115367007020586,0.004020437409194061,0.004020437409194061,-23.95726694660501,0.003978737320024683,4.1700089169377256e-05,0.47862350109453117,0.47862350109453117,-3.2000598072238255,0.4736592047648433,0.004964296329687769,0.5662587900273325,0.5662587900273325,-2.469850433795763,0.5603855380316455,0.005873251995686937
160.0,180.0,-0.0004114793436448428,0.0004563485770924456,0.0032878392336001816,-0.04902392492619847,0.049137894452953565,0.0040241263140122704,0.0040241263140122704,-23.95328395591905,0.004023497046713803,6.292672984670007e-07,0.4790626564300321,0.4790626564300321,-3.1960768165378672,0.4789877436564051,7.49127736270239e-05,0.5667783540862351,0.5667783540862351,-2.4658674431098038,0.5666897248892679,8.86291969671832e-05
165.0,-180.0,-0.0004055900712204734,0.00037004863813122705,0.007543039046790748,-0.04347730058912568,0.04413019990753559,0.003245714440373247,0.003245714440373247,-24.886896922810536,0.0032452120533749363,5.023869983097853e-07,0.3863945762349103,0.3863945762349103,-4.129689783429353,0.38633476825892094,5.980797598926015e-05,0.4571428789258094,0.4571428789258094,-3.3994804100012894,0.45707212019365295,7.075873215630778e-05
165.0,-175.0,0.002150031728643595,-0.0028019491391153705,0.007428197959624366,-0.04329757645213163,0.044071893616770254,0.0032371434141136284,0.0032371434141136284,-24.898380597637903,0.003216354644857592,2.0788769256035263e-05,0.38537421596590815,0.38537421596590815,-4.141173458256716,0.3828993624830467,0.002474853482861341,0.45593569212868,0.45593569212868,-3.4109640848286538,0.4530076964588158,0.0029279956698641213
165.0,-170.0,0.004675177754996146,-0.005918733003732019,0.007039472102689956,-0.04271514023175452,0.043943441602965976,0.0032183009462673773,0.0032183009462673773,-24.923733470635355,0.0031234887009408555,9.481224532652193e-05,0.3831310650318307,0.3831310650318307,-4.166526331254168,0.3718438929691495,0.011287172062681183,0.4532818234179405,0.4532818234179405,-3.436316957826105,0.4399279860480078,0.013353837369932665
165.0,-165.0,0.007137015754554175,-0.008922729024012076,0.006381903995169351,-0.041743561256118215,0.043747064953703514,0.003189601009329014,0.003189601009329014,-24.962636399159056,0.00297201932349525,0.0002175816858337643,0.3797144058725017,0.3797144058725017,-4.205429259777869,0.353811824225625,0.025902581646876702,0.4492395787787344,0.4492395787787344,-3.4752198863498056,0.41859427091482393,0.030645307863910464
165.0,-160.0,0.009503254884708124,-0.011759582787891548,0.005464067673765522,-0.04040534541320733,0.043486177277993615,0.003151671773223346,0.003151671773223346,-25.014590178640642,0.002770681347764281,0.0003809904254590646,0.3751990206218269,0.3751990206218269,-4.25738303925946,0.32984301759098583,0.04535600303084103,0.44389743284835853,0.44389743284835853,-3.527173665831396,0.3902368095442649,0.0536606233040936
165.0,-155.0,0.011742499220137287,-0.014379689264835087,0.004298161812599709,-0.03873121536414698,0.04316529844492406,0.0031053318242610217,0.0031053318242610217,-25.078919859074496,0.002530909104993008,0.0005744227192680147,0.3696823600310741,0.3696823600310741,-4.3217127196933145,0.3012987029753581,0.06838365705571604,0.4373706794733833,0.4373706794733833,-3.591503346265252,0.3564660711257758,0.0809046083476077
165.0,-150.0,0.013824683893697107,-0.016739557328082376,0.0029000995671497193,-0.03675912892002352,0.04278993807846765,0.003051559442622506,0.003051559442622506,-25.154781658183154,0.00226602017538133,0.0007855392672411771,0.3632808860264889,0.3632808860264889,-4.397574518801967,0.2697643065930155,0.09351657943347348,0.42979710459471915,0.42979710459471915,-3.6673651453739047,0.319157771180469,0.11063933341425031
165.0,-145.0,0.015721603045748267,-0.01880295958086849,0.0012895577943422385,-0.034533070274124826,0.04236644890937224,0.0029914561793198615,0.0029914561793198615,-25.241173545865898,0.001990279613919659,0.0010011765654002014,0.35612573563331684,0.35612573563331684,-4.483966406484717,0.23693804927614995,0.11918768635716684,0.421331856242234,0.421331856242234,-3.7537570330566528,0.2803210723830506,0.14101078385918328
165.0,-140.0,0.017407524295008272,-0.020541825532268458,-0.0005100549238248553,-0.03210165800288927,0.04190185080446021,0.0029262062292975638,0.0029262062292975638,-25.33695069499235,0.001717920531614886,0.0012082856976826772,0.34835788444018617,0.34835788444018617,-4.579743555611168,0.20451434900177212,0.14384353543841397,0.41214172243627656,0.41214172243627656,-3.8495341821831053,0.24196063825561773,0.17018108418065878
165.0,-135.0,0.01885986930726671,-0.02193684569434699,-0.002471750287570965,-0.02951662167061608,0.04140362754198188,0.002857033313608655,0.002857033313608655,-25.44084695622836,0.0014621997257830862,0.0013948335878255693,0.3401230135248399,0.3401230135248399,-4.683639816847174,0.17407139592655788,0.16605161759828208,0.40239905825474015,0.40239905825474015,-3.9534304434191108,0.20594362334973043,0.19645543490500975
165.0,-130.0,0.020059925942818763,-0.02297776562235437,-0.0045652644430055934,-0.026831204939059855,0.040879500238427874,0.0027851569504647625,0.0027851569504647625,-25.55150326235253,0.0012345629113435642,0.0015505940391211984,0.33156630362675743,0.33156630362675743,-4.794296122971344,0.14697177515994814,0.18459452846680938,0.3922756268260229,0.3922756268260229,-4.06408674954328,0.1738821001892344,0.21839352663678852
165.0,-125.0,0.02099354606098733,-0.023663361891785473,-0.006757535292738335,-0.024098556747847517,0.04033718374897079,0.0027117501016213014,0.0027117501016213014,-25.667503348962203,0.0010439832723029261,0.0016677668293183744,0.3228273930501549,0.3228273930501549,-4.910296209581023,0.1242837228932055,0.19854367015694932,0.3819366340311691,0.3819366340311691,-4.18008683615296,0.14703989750745436,0.23489673652371468
165.0,-120.0,0.021651775749350854,-0.024001105890855322,-0.009013359432046028,-0.021370172938529483,0.039784135239541635,0.002637900214724243,0.002637900214724243,-25.787416367708047,0.0008965204449136823,0.0017413797698105611,0.31403573984812416,0.31403573984812416,-5.030209228326864,0.106728624394486,0.20730711545363825,0.37153524151045675,0.37153524151045675,-4.2999998548988,0.12627048519911016,0.24526475631134662
165.0,-115.0,0.022031362507765377,-0.024006535318186268,-0.01129621874437632,-0.018694448355565108,0.039227307187361005,0.0025645756295407866,0.0025645756295407866,-25.90984489030312,0.0007951261962799563,0.0017694494332608306,0.30530662256437935,0.30530662256437935,-5.1526377509219365,0.09465788050951862,0.21064874205486078,0.3612078351465896,0.3612078351465896,-4.4224283774938735,0.111989605109853,0.24921823003673668
165.0,-110.0,0.02213508719813853,-0.02370236651594483,-0.013569249993707674,-0.01611539391652118,0.03867291985617019,0.002492599160291494,0.002492599160291494,-26.03347555619793,0.0007397000174650067,0.0017528991428264866,0.2967379952727969,0.2967379952727969,-5.27626841681675,0.08805952588869127,0.20867846938410559,0.35107030426640756,0.35107030426640756,-4.546059043388686,0.10418310105140938,0.24688720321499813
165.0,-105.0,0.021971877221693182,-0.023117392322063054,-0.01579631553451048,-0.013671564616195205,0.03812627020753482,0.0024226303915859558,0.0024226303915859558,-26.15712838911952,0.0007273749695723598,0.0016952554220135963,0.288408379950709,0.288408379950709,-5.399921249738339,0.08659225828242381,0.2018161216682853,0.341215548110698,0.341215548110698,-4.669711876310276,0.10244717881300842,0.23876836929768958
165.0,-100.0,0.02155667067721885,-0.022285219160145836,-0.017943121108281092,-0.011395233399847046,0.03759159457970931,0.0023551578196907464,0.0023551578196907464,-26.279799853825043,0.0007529938257200083,0.0016021639939707382,0.28037593091556506,0.28037593091556506,-5.522592714443862,0.08964212210952481,0.1907338088060403,0.33171236897052764,0.33171236897052764,-4.792383341015798,0.10605546841126877,0.22565690055925888
165.0,-95.0,0.02091001796017718,-0.02124290295295987,-0.019978318872180115,-0.009311833024465935,0.03707200070400633,0.0022905014315243713,0.0022905014315243713,-26.400694324611607,0.0008097200224532203,0.0014807814090711502,0.27267874184813945,0.27267874184813945,-5.643487185230423,0.09639524076824052,0.17628350107989885,0.32260583542596777,0.32260583542596777,-4.9132778118023595,0.1140450735849606,0.20856076184100705
165.0,-90.0,0.0200574258017819,-0.02002954575206793,-0.02187453111500232,-0.007439674299236471,0.03656948041752977,0.002228825654233555,0.002228825654233555,-26.519239020741185,0.0008897188143306261,0.0013391068399029298,0.2653363874087566,0.2653363874087566,-5.762031881360001,0.1059189064679317,0.15941748094082497,0.3139191062300782,0.3139191062300782,-5.031822507931938,0.12531250906065156,0.18860659716942668
165.0,-85.0,0.0190284673643025,-0.01868491362547402,-0.02360923282561313,-0.0057899354029691584,0.03608500788430445,0.0021701618629697017,0.0021701618629697017,-26.635078727998778,0.0009848421756514744,0.0011853196873182269,0.2583526027344883,0.2583526027344883,-5.877871588617594,0.11724311614898507,0.1411094865855032,0.3056566004182678,0.3056566004182678,-5.147662215189531,0.13871016558471472,0.16694643483355306
165.0,-80.0,0.017855698973036425,-0.017248131539142272,-0.025165439104653308,-0.004366904240978993,0.03561871987294241,0.0021144388613811853,0.0021144388613811853,-26.748048678822517,0.0010872563485252243,0.0010271825128559606,0.2517189120691887,0.2517189120691887,-5.990841539441335,0.12943527958633624,0.12228363248285247,0.2978082903353782,0.2978082903353782,-5.260632166013272,0.1531346969753837,0.14467359335999444
165.0,-75.0,0.016573437857184212,-0.015756503177267716,-0.02653215556630224,-0.003168444845605474,0.035170165716346874,0.00206151902667148,0.00206151902667148,-26.85812652548143,0.0011899625017849854,0.0008715565248864952,0.24541893174660478,0.24541893174660478,-6.100919386100244,0.14166220259345066,0.1037567291531542,0.29035479248894086,0.29035479248894086,-5.3707100126721805,0.16760035236408244,0.12275444012485846
165.0,-70.0,0.015216464736777813,-0.014244493554421771,-0.02770456518181476,-0.002186650293111502,0.03473860629221261,0.0020112372289485033,0.0020112372289485033,-26.96536700588279,0.0012871769609731965,0.0007240602679753071,0.23943300344625043,0.23943300344625043,-6.208159866501605,0.1532353524968091,0.08619765094944133,0.28327284914767653,0.28327284914767653,-5.477950493073541,0.18129252971453472,0.10198031943314184
165.0,-65.0,0.013818719544860919,-0.012742900710399725,-0.028683942036290395,-0.001408638943248496,0.0343233349601744,0.0019634392811298147,0.0019634392811298147,-27.06982524634462,0.0013745556074046385,0.0005888836737251759,0.2337427715630732,0.2337427715630732,-6.312618106963438,0.16363757231007603,0.07010519925299714,0.2765407438211006,0.2765407438211006,-5.582408733535375,0.19359938132459695,0.08294136249650365
165.0,-60.0,0.012412057840324354,-0.011278230649298109,-0.029477299679332974,-0.0008174482102694594,0.03392398980621237,0.0019180166205526657,0.0019180166205526657,-27.171476337748267,0.0014492648865683242,0.0004687517339843416,0.22833531197055545,0.22833531197055545,-6.414269198367081,0.17253153411527672,0.05580377785527878,0.27014318599333315,0.27014318599333315,-5.684059824939018,0.20412181500962315,0.06602137098371008
165.0,-55.0,0.011025129872796828,-0.009872277892500003,-0.03009679769202731,-0.0003929805096370956,0.03354082623452434,0.0018749342024063332,0.0018749342024063332,-27.270139684873293,0.001509917202711533,0.0003650169996948005,0.22320645266742065,0.22320645266742065,-6.51293254549211,0.17975204794184918,0.04345440472557149,0.26407523977553987,0.26407523977553987,-5.782723172064047,0.21266439474810322,0.05141084502743669
165.0,-50.0,0.009682434564921287,-0.008541903396590339,-0.030558943519119343,-0.00011295922608340719,0.03317492187680549,0.0018342491893043697,0.0018342491893043697,-27.365416642012413,0.0015563996472867628,0.0002778495420176074,0.21836299872671072,0.21836299872671072,-6.608209502631231,0.18528567229604317,0.03307732643066755,0.2583449562400521,0.2583449562400521,-5.878000129203168,0.21921121792771306,0.039133738312339066
165.0,-45.0,0.008403587964483579,-0.007298992843461335,-0.030883636596146978,4.61419587753243e-05,0.03282829154386413,0.0017961188945475606,0.0017961188945475606,-27.456649184833623,0.0015896311138697565,0.00020648778067780456,0.21382367792232868,0.21382367792232868,-6.69944204545244,0.18924179927020912,0.024581878652119592,0.2529744921897973,0.2529744921897973,-5.969232672024377,0.22389170617883894,0.02908278601095839
165.0,-40.0,0.007202831271804473,-0.006150571950482653,-0.0310931077930148,0.00010822590059838698,0.03250389790043259,0.0017607974817427233,0.0017607974817427233,-27.542905915735304,0.0016112838147356893,0.0001495136670070341,0.20961874782651468,0.20961874782651468,-6.785698776354119,0.19181950175424875,0.017799246072265965,0.24799964531587648,0.24799964531587648,-6.055489402926055,0.22694138235713934,0.021058262958737195
165.0,-35.0,0.006088788706936964,-0.00509905174549672,-0.031210809068649,9.677647593293545e-05,0.03220555301538747,0.0017286220169428362,0.0017286220169428362,-27.62299959821487,0.0016235016991139994,0.00010512031782883676,0.20578833535033764,0.20578833535033764,-6.86579245883369,0.19327401179928566,0.012514323551051997,0.24346788971025862,0.24346788971025862,-6.135583085405626,0.22866221114281682,0.014805678567441798
165.0,-30.0,0.005064471508418348,-0.0041425757139226934,-0.03126030625684943,3.415406935605855e-05,0.03193771624549315,0.001699989481417275,0.001699989481417275,-27.695537657844127,0.0016286414869694488,7.134799444782558e-05,0.20237970016872323,0.20237970016872323,-6.938330518462945,0.1938858913058868,0.00849380886283638,0.2394351382277852,0.2394351382277852,-6.208121145034882,0.2293861249252745,0.010049013302510646
165.0,-25.0,0.0041275123118611045,-0.0032754421033980336,-0.03126422270143378,-5.901206639982357e-05,0.03170520434260132,0.0016753271681531473,0.0016753271681531473,-27.759003686576904,0.0016290534602243232,4.627370792882423e-05,0.1994437104944223,0.1994437104944223,-7.001796547195719,0.19393493574099088,0.005508774753431457,0.23596157297931653,0.23596157297931653,-6.271587173767656,0.22944414932736948,0.006517423651947074
165.0,-20.0,0.0032706048043666847,-0.00248857799103263,-0.031243273914392234,-0.00016433492037621472,0.0315128394001492,0.0016550594200654145,0.0016550594200654145,-27.811864095358292,0.0016269102895604313,2.8149130504983682e-05,0.1970308833411208,0.1970308833411208,-7.054656955977107,0.19367979637624183,0.00335108696487901,0.23310696057259359,0.23310696057259359,-6.324447582549043,0.2291422943042861,0.0039646662683075614
165.0,-15.0,0.00248211728522802,-0.0017700463464709302,-0.031215424583052286,-0.0002660891555404561,0.03136506823880994,0.001639573882499998,0.001639573882499998,-27.85269008369974,0.0016240842969434633,1.5489585556534684e-05,0.19518736696428549,0.19518736696428549,-7.095482944318556,0.19334336868374566,0.0018439982805398436,0.23092589894366167,0.23092589894366167,-6.365273570890494,0.22874426717513568,0.0021816317685260118
165.0,-10.0,0.001746845587227199,-0.0011055725542026126,-0.031195190164786547,-0.00035154631998124083,0.031265591860870134,0.0016291903417689855,0.0016291903417689855,-27.880281731802377,0.0016220675759445271,7.122765824458574e-06,0.19395123116297447,0.19395123116297447,-7.123074592421197,0.19310328285053896,0.0008479483124355445,0.22946342841816694,0.22946342841816694,-6.392865218993133,0.2284602219640179,0.0010032064541490948
165.0,-5.0,0.001046870355239857,-0.00047908200201286235,-0.03119309693388575,-0.0004112340261330748,0.03121704449265457,0.0016241348482816092,0.0016241348482816092,-27.893779150989587,0.0016219258051491097,2.2090431324994853e-06,0.19334938670019156,0.19334938670019156,-7.136572011608408,0.19308640537489402,0.0002629813252975578,0.22875138708191675,0.22875138708191675,-6.406362638180344,0.22844025424635347,0.00031113283556330777
165.0,0.0,0.0003624852642851346,0.00012675519332750178,-0.031215307403984253,-0.00043912638060725375,0.031220757690184887,0.0016245212456665434,0.0016245212456665434,-27.892746045311196,0.001624275480713444,2.4576495309927646e-07,0.1933953863888742,0.1933953863888742,-7.135538905930014,0.1933661286563624,2.9257732511818625e-05,0.22880580924880892,0.22880580924880892,-6.405329532501951,0.22877119446668226,3.4614782126658656e-05
165.0,5.0,-0.00032683447934895004,0.0007299729092932725,-0.03126341293185219,-0.00043277078201562746,0.03127663600712939,0.001630341523834769,0.001630341523834769,-27.877214100864958,0.001629275413576038,1.066110258730425e-06,0.19408827664699632,0.19408827664699632,-7.120006961483771,0.19396135875905215,0.00012691788794409826,0.2296255667372914,0.2296255667372914,-6.389797588055709,0.2294754103628222,0.00015015637446907394
165.0,10.0,-0.0010414509859121516,0.0013487498244704062,-0.0313343920310933,-0.00039335323966933574,0.03138315785536038,0.0016414656568469483,0.0016414656568469483,-27.847681992568397,0.001636626193785203,4.839463061745026e-06,0.1954125781960653,0.1954125781960653,-7.09047485318721,0.1948364516410956,0.000576126554969646,0.23119234603478148,0.23119234603478148,-6.360265479759146,0.23051073151904267,0.0006816145157387361
165.0,15.0,-0.0018005950271162054,0.0020008404877800475,-0.031420731143135525,-0.0003257010803449352,0.03153750040621736,0.0016576508337016644,0.0016576508337016644,-27.805069436085944,0.0016455752763421634,1.2075557359500665e-05,0.19733938496448386,0.19733938496448386,-7.047862296704761,0.19590181861216233,0.0014375663523215076,0.23347194840868513,0.23347194840868513,-6.317652923276698,0.23177116568199485,0.0017007827266902343
165.0,20.0,-0.0026214336360110297,0.002702995832539123,-0.03151070369825323,-0.00023821875544638145,0.031735773135584545,0.001678559282186109,0.001678559282186109,-27.75063316035475,0.0016549296709137875,2.3629611272321514e-05,0.19982848597453678,0.19982848597453678,-6.993426020973566,0.19701543701354612,0.0028130489609906567,0.23641680030790263,0.23641680030790263,-6.263216647545504,0.23308868604419541,0.0033281142637072553
165.0,25.0,-0.003518197625798973,0.003470374637390206,-0.03158880246344386,-0.0001427498379193711,0.031973333158254263,0.0017037832491580175,0.0017037832491580175,-27.68585655861624,0.0016630821836082187,4.0701065549798955e-05,0.2028313391854783,0.2028313391854783,-6.928649419235055,0.19798597423907366,0.004845364946404638,0.23996947171239683,0.23996947171239683,-6.198440045806991,0.23423692726876316,0.005732544443633655
165.0,30.0,-0.004501393709102237,0.0043159508454466925,-0.03163631862901021,-5.435654850085973e-05,0.032245148287072284,0.0017328751551233333,0.0017328751551233333,-27.612327248764473,0.0016680600537339755,6.481510138935756e-05,0.2062946613242064,0.2062946613242064,-6.855120109383288,0.1985785778254733,0.007716083498733042,0.24406692325680754,0.24406692325680754,-6.1249107359552255,0.2349380357371796,0.009128887519627822
165.0,35.0,-0.005577127486567189,0.005249925858791542,-0.031632058204669355,8.99244581600725e-06,0.03254617119803654,0.0017653805086543556,0.0017653805086543556,-27.531616727133276,0.0016676060245922385,9.777448406211736e-05,0.2101643462683757,0.2101643462683757,-6.774409587752093,0.19852452673717128,0.01163981953120445,0.24864514206399374,0.24864514206399374,-6.0442002143240305,0.2348740879707378,0.013771054093255967
165.0,40.0,-0.006746564930186938,0.006279159572204471,-0.03155318174665981,2.683444761415819e-05,0.03287168966931515,0.0018008708759732152,0.0018008708759732152,-27.445174253607448,0.0016593009057494022,0.00014156997022381204,0.2143893899968113,0.2143893899968113,-6.687967114226268,0.1975358221130241,0.01685356788378715,0.25364378534834015,0.25364378534834015,-5.957757740798204,0.233704352922451,0.01993943242588902
165.0,45.0,-0.008005560198209118,0.007406638582111588,-0.031376147264880284,-2.3268427980648433e-05,0.0332176225485866,0.0018389740884037302,0.0018389740884037302,-27.35424390034656,0.0016407332768223698,0.00019824081158136025,0.2189254867147298,0.2189254867147298,-6.597036760965381,0.1953253900979012,0.023600096616828596,0.25901043498644083,0.25901043498644083,-5.866827387537317,0.23108919391864366,0.027921241067797215
165.0,50.0,-0.009344475825924507,0.008631004237421438,-0.031077728803318484,-0.0001651015826628344,0.03358073776308203,0.0018793989709176436,0.0018793989709176436,-27.25981015282581,0.0016097162200528182,0.00026968275086482565,0.22373797272829096,0.22373797272829096,-6.502603013444624,0.19163288333962122,0.032105089388669725,0.26470408041093574,0.26470408041093574,-5.772393640016561,0.22672059437363637,0.03798348603729939
165.0,55.0,-0.01074821689839959,0.009946166492559022,-0.030636075431483376,-0.0004230642974695234,0.03395877641547291,0.0019219522132737968,0.0019219522132737968,-27.162574146744976,0.0015645433095158733,0.00035740890375792346,0.22880383491354728,0.22880383491354728,-6.4053670073637905,0.18625515589474687,0.04254867901880041,0.2706974948272953,0.2706974948272953,-5.675157633935727,0.22035821260786947,0.05033928221942584
165.0,60.0,-0.012196493432748324,0.011341031393722938,-0.030031768247897366,-0.0008213394659935906,0.03435047521858027,0.0019665455828714374,0.0019665455828714374,-27.062959825570054,0.001504267398512535,0.00046227818435890254,0.23411256938945688,0.23411256938945688,-6.30575268618887,0.17907945220387322,0.05503311718558364,0.27697825110865315,0.27697825110865315,-5.575543312760807,0.2118686476778218,0.06510960343083134
165.0,65.0,-0.013664315008403786,0.01279937005119649,-0.02924882758475524,-0.0013829833456176824,0.034755487859809274,0.002013192464964908,0.002013192464964908,-26.96114703761827,0.0014289772646185154,0.0005842152003463922,0.23966576963867958,0.23966576963867958,-6.2039398982370875,0.17011634102601375,0.06954942861266575,0.28354823450209976,0.28354823450209976,-5.4737305248090244,0.20126440346739655,0.08228383103470313
165.0,70.0,-0.015122709252018007,0.014299854811008636,-0.02827561994493847,-0.0021289596018871887,0.03517421406363002,0.002061993646287817,0.002061993646287817,-26.857126772612276,0.0013400403502917717,0.0007219532959960444,0.24547543408188296,0.24547543408188296,-6.099919633231094,0.15952861312997282,0.08594682095191006,0.29042164032222767,0.29042164032222767,-5.369710259803031,0.18873807750588337,0.10168356281634429
165.0,75.0,-0.016539642066277557,0.015816283886343353,-0.02710561509629533,-0.0030771492546377453,0.03560755275131687,0.002113113238529444,0.002113113238529444,-26.75077229142319,0.0012402761423574004,0.0008728370961720428,0.2515610998249338,0.2515610998249338,-5.993565152042004,0.14765192170921435,0.10390917811571937,0.2976215828914709,0.2976215828914709,-5.263355778613942,0.17468678061371834,0.12293480227775248
165.0,80.0,-0.017881103730909783,0.017318008983074926,-0.025737948633589178,-0.004241374515311755,0.03605660221676234,0.00216674655911036,0.00216674655911036,-26.641918844424556,0.0011340253794634198,0.0010327211796469407,0.25794601894170954,0.25794601894170954,-5.884711705043371,0.13500302136469283,0.12294299757701675,0.3051755717056845,0.3051755717056845,-5.154502331615307,0.15972188443146756,0.14545368727421698
165.0,85.0,-0.019112312580674796,0.018770571699541272,-0.02417775419805294,-0.0056304792877037435,0.03652233493603287,0.0022230825414888793,0.0022230825414888793,-26.530444119534398,0.0010270859612364278,0.0011959965802524513,0.26465268351058086,0.26465268351058086,-5.7732369801532135,0.12227213824243191,0.14238054526814897,0.3131102171111097,0.3131102171111097,-5.043027606725151,0.14465999454034195,0.16845022257076778
165.0,90.0,-0.02019897823269739,0.02013654414023148,-0.02243624195683189,-0.007247511716768527,0.037005276796514774,0.0022822637499114017,0.0022822637499114017,-26.41634167756471,0.000926497137950434,0.001355766611960967,0.27169806546564307,0.27169806546564307,-5.659134538183524,0.11029727832743264,0.16140078713821035,0.3214455985790706,0.3214455985790706,-4.928925164755461,0.1304925546409062,0.19095304393816434
165.0,95.0,-0.021108560451894614,0.0213765578707208,-0.020530514996772966,-0.00908905416783249,0.03750521966940172,0.002344347273385503,0.002344347273385503,-26.2997805487924,0.0008401684592230842,0.001504178814162418,0.2790889611173218,0.2790889611173218,-5.542573409411215,0.1000200546694148,0.17906890644790696,0.33018975681485957,0.33018975681485957,-4.812364035983153,0.11833358580606819,0.21185617100879126
165.0,100.0,-0.02181145852220782,0.022450493803761577,-0.01848313173958664,-0.011144743132522292,0.038020992271264396,0.0024092696619419586,0.0024092696619419586,-26.181145880717686,0.0007763674734736846,0.0016329021884682739,0.28681781689785224,0.28681781689785224,-5.423938741336501,0.0924246992230577,0.19439311767479453,0.3393337552030928,0.3393337552030928,-4.693729367908437,0.10934753147516683,0.2299862237279259
165.0,105.0,-0.0222820697919281,0.02331879467112432,-0.016321438881498358,-0.013397015731006873,0.038550307609482734,0.002476818676372032,0.002476818676372032,-26.061057862012007,0.0007430981560461875,0.0017337205203258447,0.2948593662347657,0.2948593662347657,-5.303850722630823,0.0884640661959747,0.20639530003879109,0.3488477008974693,0.3488477008974693,-4.5736413492027586,0.10466171211918132,0.244185988778288
165.0,110.0,-0.022499664729306992,0.023943852246577822,-0.01407671418389854,-0.015821110891585763,0.03908969692126296,0.0025466140130745497,0.0025466140130745497,-25.940368754898785,0.0007474181116047679,0.0017991959014697812,0.30316833488982736,0.30316833488982736,-5.183161615517601,0.08897834661961523,0.21418998827021207,0.3586780300104999,0.3586780300104999,-4.4529522420895375,0.10527015656405182,0.25340787344644805
165.0,115.0,-0.022449038693384177,0.024291414229924403,-0.011783170285421191,-0.01838534235906544,0.03963453114623803,0.00261809841860991,0.00261809841860991,-25.820140316371322,0.0007947544690301619,0.001823343949579749,0.31167838316784646,0.31167838316784646,-5.062933176990136,0.09461362726549548,0.21706475590235105,0.3687462561422408,0.3687462561422408,-4.3327238035620725,0.11193724915917772,0.2568090069830632
165.0,120.0,-0.02212091657789669,0.0243319513331269,-0.009476878432522125,-0.021051648058429736,0.040179122896408674,0.002690539807860738,0.002690539807860738,-25.701605779693327,0.0008882842574955975,0.0018022555503651408,0.3203023580786593,0.3203023580786593,-4.944398640312145,0.10574812589233304,0.2145542321863263,0.37894926871278,0.37894926871278,-4.214189266884081,0.12511045880219682,0.2538388099105832
165.0,125.0,-0.02151210407264055,0.024041924070290308,-0.007194673896819637,-0.02377640684564109,0.04071689562828616,0.002763044221189172,0.002763044221189172,-25.58612164354297,0.0010284438624126708,0.0017346003587765011,0.32893383585585384,0.32893383585585384,-4.828914504161787,0.12243379314436557,0.20650004271148825,0.38916115791396794,0.38916115791396794,-4.098705130733723,0.14485124822713671,0.24430990968683114
165.0,130.0,-0.020625396878426273,0.023404891217202718,-0.00497310261022011,-0.026511500245160403,0.04124060285813736,0.002834578760063339,0.002834578760063339,-25.475114714351573,0.0012126237563843754,0.0016219550036789638,0.3374498523884928,0.3374498523884928,-4.71790757497039,0.1443599709981399,0.19308988139035282,0.3992364450793435,0.3992364450793435,-3.987698201542327,0.1707920783639965,0.22844436671534699
165.0,135.0,-0.01946927517967901,0.02241240774683932,-0.0028474614651268545,-0.029205584347008054,0.04174257887191725,0.0029040030691155523,0.0029040030691155523,-25.37002928984601,0.0014350898469925948,0.001468913222122958,0.3457146510851848,0.3457146510851848,-4.612822150464825,0.17084402940388035,0.17487062168130454,0.4090145167768383,0.4090145167768383,-3.882612777036761,0.20212533056233728,0.20688918621450111
165.0,140.0,-0.01805742356798466,0.021064668846678385,-0.0008509735445627691,-0.031805526464295554,0.0422150031289633,0.0029701075089217507,0.0029701075089217507,-25.27227830249645,0.0016871530349438473,0.001282954473977904,0.3535842272525894,0.3535842272525894,-4.515071163115267,0.2008515517790295,0.15273267547356,0.41832500125658456,0.41832500125658456,-3.7848617896872043,0.2376271880202602,0.18069781323632447
165.0,145.0,-0.01640812529205087,0.019370867722957336,0.0009858745837565412,-0.03425795309567626,0.04265016284775946,0.0030316558951675623,0.0030316558951675623,-25.18320094369396,0.0019575860460469326,0.00107406984912063,0.3609114160913765,0.3609114160913765,-4.425993804312775,0.2330459578627301,0.12786545822864642,0.42699378805176935,0.42699378805176935,-3.6957844308847116,0.2757163445136525,0.1512774435381169
165.0,150.0,-0.014543583494394191,0.017349247482493974,0.0026358220265224872,-0.03651085060071618,0.043040701416340296,0.0030874305602839073,0.0030874305602839073,-25.104028013839887,0.00223326366857,0.0008541668917139061,0.36755125717665565,0.36755125717665565,-4.346820874458702,0.26586472244880954,0.10168653472784597,0.4348493746878742,0.4348493746878742,-3.616611501030639,0.31454417867183093,0.1203051960160431
165.0,155.0,-0.012489220791768238,0.015026840592095973,0.004075153310994794,-0.03851515790312322,0.04337984367164578,0.0031362775071038735,0.0031362775071038735,-25.035855166279788,0.0024999815407174067,0.0006362959663864667,0.3733663698933183,0.3733663698933183,-4.278648026898604,0.29761685008540556,0.07574951980791271,0.4417292263526582,0.4417292263526582,-3.5484386534705403,0.35211007615738116,0.089619150195277
165.0,160.0,-0.01027300248118576,0.012438902442864436,0.00528386691139399,-0.040226291349740234,0.043661592266579764,0.003177149547990002,0.003177149547990002,-24.97962342510508,0.0027433916436640305,0.0004337579043259719,0.3782320890464289,0.3782320890464289,-4.222416285723892,0.32659424329333697,0.0516378457530919,0.4474858518295778,0.4474858518295778,-3.492206912295828,0.38639318924845495,0.0610926625811228
165.0,165.0,-0.007924818587329364,0.00962805772558882,0.0062457219088297294,-0.04160554523402062,0.04388089198719556,0.0032091455314250616,0.0032091455314250616,-24.93610587653103,0.0029499812284190046,0.0002591643030060569,0.38204113469345974,0.38204113469345974,-4.178898737149847,0.35118824147845296,0.030852893215006786,0.4519923283697269,0.4519923283697269,-3.4486893637217846,0.4154903138618316,0.03650201450789534
165.0,170.0,-0.005475947071243676,0.006643189174780444,0.006948199366584199,-0.04262131698599103,0.04403376085229503,0.003231544025745472,0.003231544025745472,-24.905899229818857,0.0031080170046985447,0.0001235270210469274,0.38470762211255616,0.38470762211255616,-4.14869209043767,0.3700020243688744,0.014705597743681832,0.4551470458796439,0.4551470458796439,-3.4184827170096073,0.43774887390120343,0.01739817197844048
165.0,175.0,-0.002958606218892644,0.0035381074767352754,0.0073824176723666975,-0.043250113151431395,0.044117388109183114,0.0032438301342611873,0.0032438301342611873,-24.88941896040584,0.0032083783773467957,3.545175691439084e-05,0.3861702540787128,0.3861702540787128,-4.132211821024658,0.38194980682699947,0.004220447251713196,0.4568774836987588,0.4568774836987588,-3.4020024475965944,0.45188427849954865,0.004993205199209977
165.0,180.0,-0.00040559007122047526,0.00037004863813123724,0.007543039046790748,-0.04347730058912568,0.04413019990753559,0.003245714440373247,0.003245714440373247,-24.886896922810536,0.0032452120533749363,5.023869983098003e-07,0.3863945762349103,0.3863945762349103,-4.129689783429353,0.38633476825892094,5.980797598926194e-05,0.4571428789258094,0.4571428789258094,-3.3994804100012894,0.45707212019365295,7.075873215630989e-05
170.0,-180.0,-0.00039740772755975193,0.00028119460838820333,0.011897175348822718,-0.03725922668377297,0.03911559481412912,0.002549989520662199,0.002549989520662199,-25.93461604322097,0.002549594524451768,3.9499621043178727e-07,0.30357018103121414,0.30357018103121414,-5.177408903839785,0.30352315767282956,4.702335838473658e-05,0.3591534536143942,0.3591534536143942,-4.447199530411721,0.35909782034531945,5.563326907489962e-05
170.0,-175.0,0.0019439263800537922,-0.002553994505143925,0.011800410227884249,-0.037112118153716615,0.03907506536277518,0.0025447079374948927,0.0025447079374948927,-25.94362055532723,0.002527538779145751,1.7169158349140587e-05,0.30294142113034433,0.30294142113034433,-5.186413415946043,0.30089747370782755,0.002043947422516737,0.35840956866125245,0.35840956866125245,-4.45620404251798,0.355991377344472,0.002418191316780364
170.0,-170.0,0.0042588925358347,-0.00534775764669904,0.011457283935390982,-0.036634835815785104,0.03898868076641368,0.002533469026940383,0.002533469026940383,-25.962844008310185,0.002455576399554091,7.789262738629123e-05,0.3016034555881409,0.3016034555881409,-5.205636868929002,0.2923305237564394,0.009272931831701336,0.35682662351273,0.35682662351273,-4.47542749550094,0.3458558309231114,0.010970792589618483
170.0,-165.0,0.006518930290464444,-0.00805691199497715,0.010872740880439432,-0.035836913396168686,0.03885757505357758,0.002516459279573119,0.002516459279573119,-25.992100928050007,0.0023374463585774633,0.000179012920995656,0.2995784856634665,0.2995784856634665,-5.234893788668828,0.2782674236401742,0.021311062023292384,0.3544308844469181,0.3544308844469181,-4.504684415240764,0.32921779698274134,0.0252130874641769
170.0,-160.0,0.008696265620568681,-0.010640403697961731,0.010055099334946726,-0.034734187278873174,0.03868348504411881,0.002493961269796096,0.002493961269796096,-26.03110295221728,0.0021792299735818414,0.00031473129621425474,0.29690015116620194,0.29690015116620194,-5.273895812836097,0.25943213971212403,0.037468011454077944,0.3512621506755065,0.3512621506755065,-4.543686439408034,0.306933799096034,0.04432835157947249
170.0,-155.0,0.010764324468373646,-0.013060317489524303,0.009015975498135124,-0.03334832866345696,0.0384687069319534,0.002466344250191319,0.002466344250191319,-26.07946305062249,0.0019889512068262697,0.00047739304336505027,0.29361241073706185,0.29361241073706185,-5.322255911241304,0.23677990557455592,0.056832505162505986,0.3473724296044111,0.3473724296044111,-4.592046537813241,0.28013397279243235,0.0672384568119789
170.0,-150.0,0.012698155509347787,-0.015282781763951344,0.007770165119568861,-0.03170620736733374,0.03821603882390058,0.002434052028255742,0.002434052028255742,-26.13670142891953,0.0017760565770589057,0.0006579954511968361,0.289768098601874,0.289768098601874,-5.379494289538346,0.21143530679272685,0.07833279180914715,0.34282422933179457,0.34282422933179457,-4.649284916110284,0.25014881367026837,0.09267541566152619
170.0,-145.0,0.014474859121724238,-0.017278739372006222,0.006335472874653642,-0.02983911001826814,0.037928710551602775,0.002397588655162091,0.002397588655162091,-26.20225325039121,0.0015508146362583938,0.0008467740189036965,0.2854272208526299,0.2854272208526299,-5.4450461110100274,0.18462079003076118,0.10080643082186865,0.33768854298057616,0.33768854298057616,-4.714836737581965,0.21842459665611177,0.11926394632446428
170.0,-140.0,0.016074015093882735,-0.019024559433343295,0.004732479489350678,-0.02778184067727546,0.037610302530102356,0.0023575025533852673,0.0023575025533852673,-26.27547828210769,0.00132368053784342,0.0010338220155418473,0.28065506587919853,0.28065506587919853,-5.518271142726508,0.15758101640993097,0.12307404946926755,0.33204261315285455,0.33204261315285455,-4.788061769298445,0.18643387856949578,0.14560873458335877
170.0,-135.0,0.017478097098824582,-0.020502471521500847,0.0029842380493140985,-0.025571736172657004,0.03726465596654344,0.0023143697827192997,0.0023143697827192997,-26.355672496348475,0.0011046729209383138,0.0012096968617809863,0.27552021222848805,0.27552021222848805,-5.59846535696729,0.131508681064085,0.14401153116440313,0.32596757503088725,0.32596757503088725,-4.8682559835392265,0.1555877353434245,0.17037983968746284
170.0,-130.0,0.018672857954329384,-0.02170081044781297,0.0011158939760359836,-0.023247631394539794,0.03689577730712034,0.002268777188159147,0.002268777188159147,-26.44208153169458,0.0009028080386973933,0.0013659691494617547,0.2700925223998985,0.2700925223998985,-5.684874392313396,0.10747714746397541,0.16261537493592318,0.3195460828393165,0.3195460828393165,-4.954665018885333,0.12715606178836525,0.19239002105095135
170.0,-125.0,0.019647666706178485,-0.02261406726895274,-0.0008457724000201838,-0.020848811320741577,0.03650774041052544,0.002221306184509148,0.002221306184509148,-26.53391574239562,0.0007256300122151414,0.0014956761722940068,0.26444121244156527,0.26444121244156527,-5.7767086030144394,0.08638452526370732,0.178056687177858,0.3128600259872039,0.3128600259872039,-5.046499229586376,0.10220141017114669,0.2106586158160573
170.0,-120.0,0.020395777063025804,-0.02324274973865744,-0.002872876264343561,-0.0184139865054147,0.0361045904902733,0.0021725179082301076,0.0021725179082301076,-26.630366349421447,0.0005788668908401669,0.0015936510173899408,0.25863308431310805,0.25863308431310805,-5.873159210040263,0.06891272510001986,0.18972035921308822,0.3059884377788884,0.3059884377788884,-5.142949836612198,0.0815305480056573,0.2244578897732311
170.0,-115.0,0.02091450697775218,-0.023593062852503958,-0.004937021333021414,-0.01598032712687436,0.035690254294544775,0.0021229404047960723,0.0021229404047960723,-26.730621971818525,0.00046623074056716373,0.0016567096642289092,0.25273100057096104,0.25273100057096104,-5.97341483243734,0.05550365959132902,0.19722734097963207,0.2990056908163482,0.2990056908163482,-5.243205459009278,0.06566630148833293,0.2333393893280154
170.0,-110.0,0.021205311338578163,-0.02367642701906228,-0.007009939091755893,-0.013582587516242091,0.03526846119497584,0.002073058419057542,0.002073058419057542,-26.833884592583605,0.00038936737636818835,0.0016836910426893538,0.2467926689354217,0.2467926689354217,-6.0766774532024215,0.04635325909145099,0.20043940984397068,0.29198005902218904,0.29198005902218904,-5.346468079774358,0.05484047554481525,0.23713958347737377
170.0,-105.0,0.021273733739023266,-0.02350885737108154,-0.009064152573834843,-0.011252348525270808,0.03484267973776748,0.0020233062182528475,0.0020233062182528475,-26.939383837475702,0.00034794881800093136,0.0016753574002519166,0.2408697878872438,0.2408697878872438,-6.182176698094517,0.04142247833344421,0.19944730955379963,0.28497270679617576,0.28497270679617576,-5.4519673246664535,0.049006875774779066,0.2359658310213967
170.0,-100.0,0.021129228886694825,-0.023110232491236386,-0.011073638853160858,-0.00901739938184246,0.03441607368958905,0.0019740637065261326,0.0019740637065261326,-27.046388359894227,0.000339890274262864,0.0016341734322632682,0.23500758411025388,0.23500758411025388,-6.289181220513043,0.040463127888436194,0.19454445622181768,0.27803714176424404,0.27803714176424404,-5.55897184708498,0.04787186961448789,0.2301652721497561
170.0,-95.0,0.02078485397191954,-0.022503484124816925,-0.013014461913555844,-0.006901274143697849,0.03399148063994528,0.0019256558934512735,0.0019256558934512735,-27.154213168620398,0.0003616644856888046,0.0015639914077624688,0.2292447492203897,0.2292447492203897,-6.397006029239217,0.043055295915333885,0.18618945330505585,0.27121913992271457,0.27121913992271457,-5.666796655811153,0.05093865995616966,0.2202804799665449
170.0,-90.0,0.02025683471304811,-0.02171374113614657,-0.01486534695841171,-0.004922950868091961,0.0335714148072872,0.0018783555679160386,0.0018783555679160386,-27.262221934505323,0.00040868034760059,0.001469675220315448,0.22361375808524273,0.22361375808524273,-6.505014795124141,0.04865242233340357,0.1749613357518391,0.2645571222416956,0.2645571222416956,-5.774805421696078,0.05756061233811126,0.20699650990358426
170.0,-85.0,0.01956401922479169,-0.020767460992388288,-0.01660816866282497,-0.003096714566999916,0.03315809390994451,0.0018323888168139799,0.0018323888168139799,-27.36982367414836,0.0004756903055711916,0.0013566985112427878,0.21814152581118812,0.21814152581118812,-6.6126165347671755,0.05662979828228471,0.1615117275289033,0.258082931945631,0.258082931945631,-5.882407161339112,0.06699863458749176,0.19108429735813912
170.0,-80.0,0.018727239713042763,-0.01969158049369637,-0.018228329274947847,-0.001432178309845796,0.03275348794367712,0.001787942831814294,0.001787942831814294,-27.476463715717085,0.0005571920778379426,0.001230750753976352,0.2128503371207493,0.2128503371207493,-6.719256576335902,0.06633239021880269,0.14651794690194667,0.25182293405835127,0.25182293405835127,-5.98904720290784,0.07847775744196374,0.1733451766163876
170.0,-75.0,0.01776860773271207,-0.01851271448209508,-0.019715007599913674,6.55491702847298e-05,0.03235938564949815,0.0017451752846062024,0.0017451752846062024,-27.581609461752187,0.0006477944408137921,0.001097380843792411,0.20775896245311937,0.20775896245311937,-6.824402322371005,0.07711838581116574,0.1306405766419537,0.2457993358600285,0.2457993358600285,-6.094192948942942,0.09123865363574536,0.1545606822242832
170.0,-70.0,0.01671077290917389,-0.01725642711126516,-0.021061266356362265,0.0013955660153603378,0.0319774725847002,0.0017042244381915556,0.0017042244381915556,-27.684732113008188,0.0007425234152157836,0.0009617010229757724,0.2028838616894709,0.2028838616894709,-6.927524973627004,0.08839564466854567,0.1144882170209253,0.24003161101289516,0.24003161101289516,-6.197315600198941,0.10458076270644841,0.1354508483064468
170.0,-65.0,0.015576177319473207,-0.015946595269935675,-0.022264012685244392,0.0025607703594687967,0.031609413254178945,0.0016652191127353724,0.0016652191127353724,-27.785286130940094,0.0008370532892539073,0.0008281658234814649,0.19824037056373484,0.19824037056373484,-7.02807899155891,0.09964920110165565,0.09859116946207916,0.2345379032021651,0.2345379032021651,-6.2978696181308464,0.11789482947238131,0.11664307372978379
170.0,-60.0,0.014386338024806277,-0.014604878285860632,-0.023323814162301386,0.0035673669014629475,0.03125692891497843,0.0016282876476781504,0.0016282876476781504,-27.882688717045575,0.0009278554967104379,0.0007004321509677125,0.19384376758073218,0.19384376758073218,-7.125481577664391,0.11045898770362356,0.08338477987710863,0.22933628840537326,0.22933628840537326,-6.395272204236328,0.130683872776118,0.09865241562925525
170.0,-55.0,0.01316118858111398,-0.013250302467378893,-0.024244579968622164,0.004424310892450681,0.03092186257444149,0.0015935650988376628,0.0015935650988376628,-27.976301904340545,0.0010122664597991984,0.0005812986390384638,0.18971013081400748,0.18971013081400748,-7.219094764959361,0.12050791188085697,0.06920221893315046,0.22444578856868488,0.22444578856868488,-6.488885391531297,0.14257274081678853,0.08187304775189631
170.0,-50.0,0.011918506928521528,-0.011898963716527355,-0.02503312340828014,0.0051427132951616245,0.03060622342829748,0.001561198073825817,0.001561198073825817,-28.06541993214088,0.0010884823023603976,0.00047271577146541923,0.18585691355069253,0.18585691355069253,-7.308212792759699,0.1295812264714759,0.05627568707921658,0.21988705265152353,0.21988705265152353,-6.578003419331635,0.15330736652963345,0.06657968612189004
170.0,-45.0,0.010673452201366517,-0.010563846674993268,-0.02569862732233416,0.005735229550141914,0.0303122045175316,0.0015313468273771365,0.0015313468273771365,-28.14926436893127,0.00115549328470007,0.00037585354267706615,0.1823031937353734,0.1823031937353734,-7.392057229550085,0.13755872436905597,0.0447444693663174,0.21568265174325865,0.21568265174325865,-6.661847856122022,0.16274553305634787,0.05293711868691073
170.0,-40.0,0.009438227127594274,-0.009254754875182352,-0.02625203785288321,0.006215452174767275,0.03004216963333042,0.0015041844899057624,0.0015041844899057624,-28.226988937747926,0.001212973652049674,0.0002912108378560884,0.17906958213163837,0.17906958213163837,-7.469781798366744,0.14440162524400882,0.034667956887629574,0.2118569704092623,0.2118569704092623,-6.739572424938681,0.17084135944361603,0.04101561096564625
170.0,-35.0,0.008221876262711392,-0.007978343311237973,-0.02670541431821986,0.006597324602895401,0.02979860830802445,0.0014798935635400876,0.0014798935635400876,-28.29769518678999,0.0012611433649777402,0.00021875019856234753,0.17617780518334378,0.17617780518334378,-7.540488047408806,0.15013611487830242,0.026041690305041377,0.2084357131746602,0.2084357131746602,-6.8102786739807435,0.17762582605320285,0.0308098871214574
170.0,-30.0,0.007030223789917878,-0.006738242774339681,-0.027071263670343258,0.006894590540768211,0.02958406087163095,0.0014586600647175864,0.0014586600647175864,-28.360459070226316,0.0013006171843608924,0.000158042880356694,0.1736500077044746,0.1736500077044746,-7.603251930845132,0.15483537909058245,0.01881462861389215,0.20544507953768823,0.20544507953768823,-6.87304255741707,0.18318551892406937,0.022259560613618876
170.0,-25.0,0.005865948429030751,-0.005535264177826574,-0.0273618872462429,0.007120289953295294,0.029401018744007596,0.0014406658978590571,0.0014406658978590571,-28.41436723932499,0.0013322542844544927,0.00010841161340456496,0.1715078449832211,0.1715078449832211,-7.657160099943804,0.15860170053029676,0.0129061444529244,0.20291068983930383,0.20291068983930383,-6.9269507265157415,0.18764144851471729,0.015269241324586614
170.0,-20.0,0.004728787465588777,-0.004367670815557265,-0.02758876552235604,0.007286309852849125,0.029251808039282762,0.0014260801921210067,0.0014260801921210067,-28.458560523127495,0.001357018520405128,6.906167171587933e-05,0.16977145144297703,0.16977145144297703,-7.701353383746311,0.16154982385775338,0.008221627585223731,0.20085636508746577,0.20085636508746577,-6.971144010318247,0.19112936907114478,0.009726996016321031
170.0,-15.0,0.0036158572664636577,-0.0032315068746048827,-0.02776200363075673,0.007402995532272211,0.02913846682474987,0.0014150504108559967,0.0014150504108559967,-28.492280882198227,0.0013758562334818805,3.919417737411577e-05,0.16845838224476153,0.16845838224476153,-7.735073742817045,0.16379240874784295,0.004665973496918545,0.19930287476845024,0.19930287476845024,-7.004864369388981,0.1937825680960395,0.005520306672410672
170.0,-10.0,0.0025220740033364795,-0.0021209713455074553,-0.027889856814597262,0.007478825886920936,0.029062627660147757,0.001407694046857496,0.001407694046857496,-28.51491726017833,0.0013895955120312986,1.8098534826197732e-05,0.16758262462589238,0.16758262462589238,-7.757710120797146,0.16542803714658316,0.002154587479309254,0.1982667671630276,0.1982667671630276,-7.027500747369082,0.19571767775088708,0.0025490894121405257
170.0,-5.0,0.001440655665187056,-0.0010288275111989393,-0.027978351093215427,0.007520155053944236,0.029025417080965902,0.0014040916487461348,0.0014040916487461348,-28.52604543740627,0.0013988684804768553,5.223168269279641e-06,0.16715376770787319,0.16715376770787319,-7.76883829802509,0.16653196196153042,0.0006218057463428145,0.1977593871473429,0.1977593871473429,-7.038628924597026,0.19702372964462753,0.0007356575027154424
170.0,0.0,0.0003636847196763267,5.316076817184811e-05,-0.02803101042925698,0.007531021735049109,0.029027382360479803,0.0014042817942289242,0.0014042817942289242,-28.525457345147625,0.0014040566451289024,2.25149100022287e-07,0.16717640407487194,0.16717640407487194,-7.7682502057664395,0.16714960061058365,2.68034642883675e-05,0.19778616820125694,0.19778616820125694,-7.038040832338376,0.1977544570604088,3.171114084820944e-05
170.0,5.0,-0.0007172901655837892,0.0011337739089416505,-0.02804869782269296,0.007513027173874426,0.029068453266769396,0.0014082584482439954,0.0014082584482439954,-28.513176347208784,0.001405258604820522,2.999843423473323e-06,0.16764981526714234,0.16764981526714234,-7.755969207827597,0.16729269105006214,0.00035712421708015757,0.1983462603160557,0.1983462603160557,-7.025759834399534,0.19792374715782,0.00042251315823567924
170.0,10.0,-0.001810635278607754,0.002221870008705256,-0.02802957409645744,0.007465282695511099,0.02914794291541718,0.0014159709346749057,0.0014159709346749057,-28.489456612224195,0.0014022794131552108,1.3691521519694602e-05,0.16856796841367927,0.16856796841367927,-7.7322494728430105,0.16693802537562033,0.0016299430380588814,0.1994325260105501,0.1994325260105501,-7.0020400994149465,0.19750414269791697,0.0019283833126330424
170.0,15.0,-0.002924017737711178,0.0033259141019512137,-0.027969174701072373,0.007384427818463198,0.02926458767878351,0.001427326526828757,0.001427326526828757,-28.454766627802247,0.0013946413229558707,3.268520387288631e-05,0.1699198246224711,0.1699198246224711,-7.697559488421063,0.16602872892331794,0.003891095699153133,0.20103190518714886,0.20103190518714886,-6.967350114993001,0.19642835534589728,0.004603549841251594
170.0,20.0,-0.004063817505662438,0.0044535108855058275,-0.0278606016029343,0.007264720041233119,0.029416622016838825,0.0014421954413178669,0.0014421954413178669,-28.409758815483745,0.0013816162486310205,6.0579192686846084e-05,0.17168993349022227,0.17168993349022227,-7.652551676102562,0.16447812483702626,0.007211808653195963,0.2031261184954742,0.2031261184954742,-6.922342302674499,0.19459383783535497,0.008532280660119166
170.0,25.0,-0.005234586263689725,0.005610949248284098,-0.027694824149898163,0.007098197314415099,0.029601880592742436,0.0014604178182575321,0.0014604178182575321,-28.355228769523045,0.0013622807222472273,9.81370960103045e-05,0.17385926407827762,0.17385926407827762,-7.598021630141863,0.16217627645800328,0.011682987620274346,0.2056926504588073,0.2056926504588073,-6.867812256713801,0.19187052426017287,0.013822126198634436
170.0,30.0,-0.00643857286390047,0.006802767963081112,-0.027461079645203133,0.006874913782269795,0.029817917554334866,0.0014818121019778059,0.0014818121019778059,-28.292068626507074,0.0013355940926028467,0.00014621800937495862,0.17640620261640547,0.17640620261640547,-7.534861487125889,0.15899929673843416,0.017406905877971265,0.20870592985602898,0.20870592985602898,-6.804652113697825,0.18811184402856998,0.02059408582745896
170.0,35.0,-0.007675333686521661,0.008031353095112756,-0.02714736115790465,0.006583248495549139,0.030062131633164194,0.0015061841128829415,0.0015061841128829415,-28.22121937616139,0.0013004999923847676,0.00020568412049817438,0.1793076324860645,0.1793076324860645,-7.4640122367802055,0.1548214276648533,0.024486204821211235,0.2121386074483016,0.2121386074483016,-6.733802863352142,0.18316901301193908,0.028969594436362586
170.0,40.0,-0.008941444314950727,0.009296578883845965,-0.026740976868773445,0.006210285383589994,0.030331885761073995,0.0015333360323635695,0.0015333360323635695,-28.143626585774975,0.0012560495560135262,0.00027728647635004336,0.1825400038528059,0.1825400038528059,-7.38641944639379,0.1495297090492293,0.03301029480357659,0.21596282145965767,0.21596282145965767,-6.656210072965725,0.17690838817091917,0.0390544332887385
170.0,45.0,-0.010230326366485114,0.010595504869930593,-0.026229162088451604,0.005742260803937633,0.03062461108350976,0.001563074515407492,0.001563074515407492,-28.060203176565,0.0012015425310843166,0.0003615319843231757,0.18608029945327287,0.18608029945327287,-7.302996037183817,0.14304077751003771,0.0430395219432352,0.22015134019823834,0.22015134019823834,-6.572786663755754,0.1692313424062418,0.050919997791996574
170.0,50.0,-0.011532199967823118,0.011922142668284515,-0.02559972216397317,0.005165072495015607,0.030937887301045228,0.0015952172025481466,0.0015952172025481466,-27.971801756501154,0.001136679468780438,0.0004585377337677092,0.18990680982716032,0.18990680982716032,-7.214594617119968,0.13531898437862358,0.05458782544853681,0.22467847923213327,0.22467847923213327,-6.484385243691905,0.1600956998282307,0.06458277940390271
170.0,55.0,-0.012834168195073365,0.013267305840331126,-0.024841682052059298,0.004464840834384907,0.0312694938937667,0.001629597022124305,0.001629597022124305,-27.87919777623604,0.0010617149383778785,0.0005678820837464269,0.19399964549098875,0.19399964549098875,-7.1219906368548545,0.126394635521176,0.06760500996981274,0.2295207073414514,0.2295207073414514,-6.391781263426792,0.1495373152644899,0.07998339207696152
170.0,60.0,-0.014120434855046125,0.014618555627378125,-0.023945916663278916,0.0036285101024325613,0.0316174296794427,0.0016660638482692358,0.0016660638482692358,-27.78308359219942,0.000977598652674963,0.0006884651955942728,0.1983409343177662,0.1983409343177662,-7.025876452818237,0.11638079198511467,0.08196014233265154,0.23465688003792054,0.23465688003792054,-6.295667079390174,0.13768995108098073,0.09696692895693984
170.0,65.0,-0.015372651425012275,0.015960253750332044,-0.022905735451312224,0.0026444741702086635,0.03197990106007713,0.001704483296938194,0.001704483296938194,-27.684072502773404,0.0008860890582151888,0.0008183942387230055,0.20291467820692785,0.20291467820692785,-6.926865363392222,0.10548679264466534,0.09742788556226256,0.24006806999129493,0.24006806999129493,-6.196655989964159,0.12480127580495616,0.1152667941863388
170.0,70.0,-0.016570383059130035,0.0172737309938979,-0.021717395375190133,0.001503207910648145,0.03235528199662024,0.0017447326841465867,0.0017447326841465867,-27.582711031994442,0.0007898228856632751,0.0009549097984833114,0.20770627192221272,0.20770627192221272,-6.825503892613261,0.09402653400753276,0.11367973791467995,0.24573699776712488,0.24573699776712488,-6.095294519185198,0.11124265995257396,0.1344943378145509
170.0,75.0,-0.01769167767236542,0.018537576882008022,-0.02038051845542819,0.0001978829365893862,0.032742051030561194,0.0017866944165779441,0.0017866944165779441,-27.479497197621065,0.0006923248397350401,0.0010943695768429048,0.21270171625927906,0.21270171625927906,-6.722290058239881,0.08241962377798098,0.13028209248129818,0.251647100926471,0.251647100926471,-5.992080684811816,0.09751054080775212,0.15413656011871896
170.0,80.0,-0.01871371665023011,0.019728051498608713,-0.01889839371695009,-0.0012750557395595735,0.033138712392256575,0.0018302473127258768,0.0018302473127258768,-27.37490222130142,0.0005979443333396029,0.001232302979386274,0.21788658484831866,0.21788658484831866,-6.617695081920236,0.07118384920709558,0.1467027356412231,0.25778131165153195,0.25778131165153195,-5.8874857084921715,0.08421751173797223,0.1735637999135597
170.0,85.0,-0.01961352114762173,0.020819615575162362,-0.017278148265122865,-0.0029153766081301807,0.03354370928720539,0.0018752565418956285,0.0018752565418956285,-27.269393108118187,0.000511710991617277,0.0013635455502783512,0.2232448264161463,0.2232448264161463,-6.512185968737006,0.06091797519253298,0.16232685122361326,0.2641206397036096,0.2641206397036096,-5.781976595308943,0.0720719706503207,0.19204866905328888
170.0,90.0,-0.02036868464538446,0.02178556958610186,-0.01553077833708226,-0.004718636558824875,0.033955337770428216,0.0019215630015562556,0.0019215630015562556,-27.163453719179845,0.00043910733291213844,0.0014824556686441174,0.22875750018526855,0.22875750018526855,-6.406246579798658,0.052274682489540286,0.17648281769572832,0.2706426762755289,0.2706426762755289,-5.676037206370595,0.061846103227061744,0.20879657304846724
170.0,95.0,-0.020958100763144423,0.022598787057681147,-0.013671038040991615,-0.006675866886866884,0.03437166920424344,0.0019689730192559685,0.0019689730192559685,-27.057602349378254,0.00038576504474069584,0.001583207974515273,0.23440154991142484,0.23440154991142484,-6.30039520999707,0.04592441008817808,0.1884771398232468,0.27732014355717866,0.27732014355717866,-5.570185836569007,0.05433310489305575,0.22298703866412298
170.0,100.0,-0.02136265549433973,0.023232521935865832,-0.011717190673452794,-0.008773390884652569,0.034790488213925434,0.0020172492590404064,0.0020172492590404064,-26.95240435382905,0.0003570998285398016,0.0016601494305006044,0.2401487213143341,0.2401487213143341,-6.195197214447868,0.04251188434997638,0.19763683696435766,0.284119613949353,0.284119613949353,-5.464987841019805,0.0502957504985636,0.23382386345078934
170.0,105.0,-0.021565855094652826,0.023661265023064277,-0.009690634465296454,-0.010992789568076101,0.03520925144451728,0.002066103636608792,0.002066103636608792,-26.84847897880061,0.0003579079327266662,0.001708195703882126,0.24596471864390382,0.24596471864390382,-6.091271839419427,0.04260808722936502,0.2033566314145388,0.2910005121984214,0.2910005121984214,-5.361062465991364,0.05040956798967129,0.24059094420875013
170.0,110.0,-0.021554364711466042,0.023861620519176324,-0.007615420817749324,-0.013311027000978363,0.03562507046966019,0.0021151929112516394,0.0021151929112516394,-26.74650017664128,0.00039195422266723623,0.0017232386885844026,0.2518086799109095,0.2518086799109095,-5.989293037260098,0.046661216984194794,0.20514746292671462,0.2979144945424844,0.2979144945424844,-5.259083663832035,0.05520482009397693,0.2427096744485074
170.0,115.0,-0.021318438218741468,0.023813170889230663,-0.00551768807184576,-0.01570074065505693,0.03603472012742081,0.0021641174397895556,0.0021641174397895556,-26.647191751418834,0.00046158602341069455,0.0017025314163788608,0.2576330285463757,0.2576330285463757,-5.889984612037652,0.05495071707270174,0.2026823114736739,0.3048052732097966,0.3048052732097966,-5.159775238609589,0.06501211597333727,0.23979315723645922
170.0,120.0,-0.020852226205789953,0.023499296863632828,-0.0034250372198283206,-0.01813069557163298,0.036434671573804776,0.002212423365128169,0.002212423365128169,-26.551317636486097,0.0005674083021551653,0.0016450150629730034,0.26338373394382963,0.26338373394382963,-5.794110497104913,0.06754860739942445,0.19583512654440519,0.3116089246659392,0.3116089246659392,-5.0639011236768505,0.07991666227537539,0.23169226239056387
170.0,125.0,-0.020153956142191776,0.022907919508519045,-0.0013658774737830928,-0.02056639412811032,0.036821147634156316,0.0022596082875030055,0.0022596082875030055,-26.45966841082894,0.0007080536334081044,0.0015515546540949025,0.2690009866075007,0.2690009866075007,-5.702461271447756,0.08429209921525052,0.1847088873922503,0.31825468838070503,0.31825468838070503,-4.972251898019693,0.09972586386029639,0.21852882452040878
170.0,130.0,-0.019225985832531708,0.022032133034403545,0.0006312308239263847,-0.022970826338109065,0.037190196722886606,0.0023051302470313293,0.0023051302470313293,-26.37304530591515,0.000880074791249599,0.0014250554557817304,0.2744202675037297,0.2744202675037297,-5.615838166533967,0.10477080848209513,0.1696494590216346,0.32466623197624356,0.32466623197624356,-4.885628793105904,0.12395419595064776,0.20071203602559587
170.0,135.0,-0.018074737813270517,0.02087070028831315,0.002538210733548802,-0.0253053392126144,0.03753778075401432,0.00234841964658803,0.00234841964658803,-26.292242950253062,0.001077979114444268,0.0012704405321437618,0.279573767450956,0.279573767450956,-5.535035810871877,0.12833084695765098,0.15124292049330498,0.3307633305053564,0.3307633305053564,-4.804826437443813,0.15182804428792507,0.17893528621743124
170.0,140.0,-0.01671052781796145,0.019428387545509986,0.004328059322928522,-0.027530598132696447,0.0378598720761205,0.002388893575865191,0.002388893575865191,-26.2180319744309,0.0012944127232202435,0.0010944808526449467,0.2843920923649037,0.2843920923649037,-5.460824835049718,0.1540967527643147,0.13029533960058892,0.33646388392467474,0.33646388392467474,-4.730615461621655,0.18231165115778075,0.1541522327668939
170.0,145.0,-0.015147304442858186,0.017716121044174696,0.005975377985659805,-0.029607608728744926,0.03815255448121975,0.0024259718687045886,0.0024259718687045886,-26.15114239469941,0.001520490239804,0.000905481628900589,0.2888061748457844,0.2888061748457844,-5.3939352553182225,0.18101074283380955,0.10779543201197489,0.3416861786907871,0.3416861786907871,-4.66372588189016,0.21415355490197183,0.12753262378881533
170.0,150.0,-0.01340231942722105,0.015750954389376126,0.007456831789911923,-0.031498764646976096,0.03841212366993142,0.002459094140693308,0.002459094140693308,-26.092248449900236,0.001746253050907814,0.0007128410897854944,0.29274930246348907,0.29274930246348907,-5.335041310519051,0.20788726796521595,0.08486203449827313,0.3463512874215926,0.3463512874215926,-4.604831937090989,0.24595113393067797,0.10040015349091469
170.0,155.0,-0.011495748437083396,0.013555843153843594,0.008751532963107527,-0.03316888494461195,0.038635183103145454,0.0024877370135256227,0.0024877370135256227,-26.041955321851425,0.001961227558044227,0.0005265094554813959,0.29615916827685984,0.29615916827685984,-5.284748182470241,0.23347947119574136,0.06267969708111855,0.35038549486276377,0.35038549486276377,-4.554538809042178,0.27622923352735596,0.07415626133540786
170.0,160.0,-0.009450281000958918,0.011159230375348939,0.009841348970785273,-0.03458620473592949,0.038818731833582656,0.002511430734913057,0.002511430734913057,-26.000787951512034,0.0021550454084164994,0.00035638532649655833,0.2989798493944116,0.2989798493944116,-5.243580812130848,0.25655302481148806,0.042426824582923614,0.3537226387201489,0.3537226387201489,-4.513371438702785,0.303527522312183,0.050195116407965965
170.0,165.0,-0.007290695549448129,0.008594453861158792,0.010711140082019963,-0.035723284076986044,0.038960241604333375,0.002529774443919267,0.002529774443919267,-25.96918199032908,0.0023180812999407455,0.00021169314397852254,0.30116362427610327,0.30116362427610327,-5.211974850947895,0.27596205951675545,0.02520156475934792,0.3563062597069391,0.3563062597069391,-4.481765477519831,0.32649032393531624,0.02981593577162289
170.0,170.0,-0.00504343175364199,0.005898992959045999,0.01134893445293806,-0.036557802824886146,0.03905772116220883,0.002542449406170017,0.002542449406170017,-25.94747680623429,0.0024420612349168582,0.00010038817125316034,0.30267254835357343,0.30267254835357343,-5.190269666853108,0.2907215755853403,0.011950972768233373,0.3580914656577488,0.3580914656577488,-4.460060293425045,0.3439522866080082,0.014139179049740892
170.0,175.0,-0.002736168030946945,0.0031135784856494817,0.011746050373635544,-0.037073213185349056,0.039109766321805066,0.0025492296453692937,0.0025492296453692937,-25.93591039687921,0.0025205953425010705,2.863430286822394e-05,0.3034797196868207,0.3034797196868207,-5.178703257498025,0.3000708741072703,0.0034088455795504686,0.35904642892525257,0.35904642892525257,-4.448493884069962,0.35501342852127743,0.004033000403975202
170.0,180.0,-0.0003974077275597548,0.00028119460838821233,0.011897175348822718,-0.03725922668377297,0.03911559481412912,0.002549989520662199,0.002549989520662199,-25.93461604322097,0.002549594524451768,3.949962104317995e-07,0.30357018103121414,0.30357018103121414,-5.177408903839785,0.30352315767282956,4.702335838473804e-05,0.3591534536143942,0.3591534536143942,-4.447199530411721,0.35909782034531945,5.563326907490134e-05
175.0,-180.0,-0.0003874539443876065,0.00019277109668400466,0.016235561095010235,-0.03044057497843894,0.03450230905812698,0.001983968810063012,0.001983968810063012,-27.02465159663695,0.0019836566819919025,3.1212807110918956e-07,0.2361867631027395,0.2361867631027395,-6.267444457255764,0.23614960499903603,3.715810370347495e-05,0.2794322267694383,0.2794322267694383,-5.537235083827699,0.27938826506928205,4.396170015622387e-05
175.0,-175.0,0.0016952675972193468,-0.0022534963010382276,0.016162522553613258,-0.03032779465966485,0.03448121868524702,0.0019815440533169464,0.0019815440533169464,-27.029962680687333,0.00196829073587814,1.3253317438805693e-05,0.23589810158535074,0.23589810158535074,-6.27275554130615,0.23432032569977854,0.0015777758855721065,0.2790907117347811,0.2790907117347811,-5.542546167878086,0.27722404730678024,0.0018666644280008022
175.0,-170.0,0.003758298559473019,-0.004672114096742194,0.015883497218487364,-0.02996178313370418,0.03443758688752639,0.001976532419080011,0.001976532419080011,-27.04096057965538,0.0019166114004397373,5.9921018640274895e-05,0.23530147846190616,0.23530147846190616,-6.283753440274197,0.2281680238618735,0.007133454600032726,0.2783848477577481,0.2783848477577481,-5.553544066846134,0.2699452676675686,0.008439580090179562
175.0,-165.0,0.005779628131928707,-0.007034179471125465,0.015402194845237102,-0.0293480969007802,0.03437182247020978,0.00196899057890508,0.00196899057890508,-27.057563618402085,0.001830854196314138,0.00013813638259094164,0.23440364034584288,0.23440364034584288,-6.300356479020904,0.21795883289454027,0.01644480745130258,0.2773226167471944,0.2773226167471944,-5.57014710559284,0.25786678821325887,0.019455828533935442
175.0,-160.0,0.007737889916025511,-0.009311895061744586,0.014724869361522638,-0.02849600260966681,0.034284548596087976,0.0019590043016958917,0.0019590043016958917,-27.07964610355066,0.0017146995073064053,0.00024430479438948663,0.23321479782093946,0.23321479782093946,-6.322438964169476,0.20413089372695303,0.029083904093986503,0.27591609883040724,0.27591609883040724,-5.592229590741412,0.2415069728600571,0.03440912597035022
175.0,-155.0,0.009612680950549783,-0.011479099162580567,0.013860214536932395,-0.02741825186635024,0.034176591916951445,0.0019466865295919647,0.0019466865295919647,-27.107039762811453,0.001573073077184071,0.0003736134524078943,0.2317483963799958,0.2317483963799958,-6.349832623430272,0.18727060442667512,0.04447779195332076,0.2741812013509809,0.2741812013509809,-5.619623250002209,0.22155958833578462,0.05262161301519638
175.0,-150.0,0.011384865829406458,-0.013511748863814524,0.012819218345459259,-0.02613077410220227,0.03404896828805924,0.0019321748821789532,0.0019321748821789532,-27.139535679163615,0.0014118829275987584,0.0005202919545801949,0.23002081930701826,0.23002081930701826,-6.3823285397824305,0.1680813009046141,0.06193951840240417,0.2721373073491483,0.2721373073491483,-5.6521191663543675,0.1988567503660223,0.07328055698312605
175.0,-145.0,0.013036860467806577,-0.015388342759912724,0.011614977302641251,-0.02465229745219858,0.03390286553030827,0.0019156286881337962,0.0019156286881337962,-27.17688667659441,0.0012377099530290249,0.0006779187351047712,0.22805103430164242,0.22805103430164242,-6.419679537213226,0.14734642297964584,0.08070461132199658,0.26980685748363326,0.26980685748363326,-5.689470163785164,0.17432534549704576,0.09548151198658748
175.0,-140.0,0.0145528898522844,-0.017090271993210875,0.010262472757794263,-0.023003909830330436,0.03373962380408372,0.001897225660484003,0.001897225660484003,-27.218810100315295,0.0010574721112257869,0.0008397535492582165,0.225860197676667,0.225860197676667,-6.461602960934114,0.12588953705068892,0.09997066062597815,0.26721488175831026,0.26721488175831026,-5.731393587506051,0.14893973397546292,0.1182751477828474
175.0,-135.0,0.015919213987936772,-0.018602090922021485,0.008778312003308234,-0.021208574165079916,0.03356071424162479,0.001877158343196659,0.001877158343196659,-27.264990919625042,0.0008780832793919489,0.0009990750638047097,0.22347123133293562,0.22347123133293562,-6.50778378024386,0.10453372373713678,0.11893750759579878,0.26438849904178297,0.26438849904178297,-5.777574406815797,0.12367370132280969,0.1407147977189732
175.0,-130.0,0.01712431630968138,-0.019911701506204107,0.007180438107047832,-0.019290613006312168,0.033367716546306186,0.0018556304622184302,0.0018556304622184302,-27.315085066723658,0.0007061274335581046,0.0011495030286603248,0.22090838835933696,0.22090838835933696,-6.557877927342472,0.08406278970929817,0.1368455986500387,0.2613564031293564,0.2613564031293564,-5.827668553914408,0.0994545681067753,0.16190183502258096
175.0,-125.0,0.018159049122330757,-0.021010448476284728,0.005487813533062289,-0.017275178391728086,0.033162296302299804,0.0018328533130389161,0.0018328533130389161,-27.36872291113578,0.0005475669095524828,0.0012852864034864336,0.21819682298082338,0.21819682298082338,-6.611515771754595,0.06518653685148605,0.15301028612933734,0.2581483539491431,0.2581483539491431,-5.881306398326532,0.0771220999369694,0.18102625401217373
175.0,-120.0,0.019016731229839625,-0.021893125374412525,0.0037200838191810363,-0.015187722946084895,0.032946182741502385,0.0018090423093294966,0.0018090423093294966,-27.425512758745917,0.0004075003195095805,0.0014015419898199162,0.21536217968208293,0.21536217968208293,-6.668305619364733,0.04851194279875959,0.16685023688332337,0.25479469145485867,0.25479469145485867,-5.938096245936669,0.05739441119853246,0.19740028025632622
175.0,-115.0,0.019693193836764836,-0.022557894504695086,0.0018972287392714346,-0.01305348768553413,0.03272114768193276,0.0017844138035320884,0.0017844138035320884,-27.48504425884002,0.00028998153104034443,0.0014944322724917448,0.21243021470620102,0.21243021470620102,-6.727837119458836,0.03452161083813624,0.17790860386806487,0.2513258878214209,0.2513258878214209,-5.997627746030773,0.040842469160611884,0.21048341866080914
175.0,-110.0,0.020186772055956783,-0.02300612658884388,3.920939508423101e-05,-0.010897020944412824,0.032488986279979586,0.001759182271093882,0.001759182271093882,-27.54689160412213,0.00019790634223858938,0.0015612759288552924,0.20942646084450978,0.20942646084450978,-6.789684464740947,0.023560278837927304,0.18586618200658242,0.2477721508582932,0.2477721508582932,-6.059475091312885,0.027874132709660472,0.21989801814863272
175.0,-105.0,0.020498240906368162,-0.0232421683826949,-0.0018343795404287104,-0.008741741289044896,0.0322515001270946,0.0017335579263590322,0.0017335579263590322,-27.61061641935031,0.00013296851582045297,0.0016005894105385798,0.20637594361417047,0.20637594361417047,-6.853409279969131,0.015829585216720593,0.19054635839745,0.24416308821958196,0.24416308821958196,-6.123199906541066,0.018727959974711685,0.22543512824487036
175.0,-100.0,0.020630696474419237,-0.023273048577740173,-0.003704642758555663,-0.0066095553107779065,0.03201048307189723,0.0017077448112397,0.0017077448112397,-27.67577025538401,9.568207810817272e-05,0.0016120627331315282,0.20330295371901191,0.20330295371901191,-6.918563116002822,0.011390723584306274,0.19191223013470574,0.2405274382027746,0.2405274382027746,-6.18835374257476,0.013476349029320099,0.22705108917345465
175.0,-95.0,0.020589384856376004,-0.023108133917393157,-0.005553692711209475,-0.004520538894445844,0.03176770996680246,0.001681939369256971,0.001681939369256971,-27.741896637531646,8.546261095620669e-05,0.001596476758300764,0.20023087729249658,0.20023087729249658,-6.984689498150463,0.010174120351929368,0.19005675694056717,0.2368928689094325,0.2368928689094325,-6.2544801247224004,0.012036987458620658,0.2248558814508118
175.0,-90.0,0.02038148349277668,-0.0227587485523782,-0.007364924147606692,-0.002492688046863274,0.031524928333553436,0.0016563294891038794,0.0016563294891038794,-27.808532659412716,0.00010075696192221396,0.0015555725271816658,0.1971820820361761,0.1971820820361761,-7.051325520031535,0.011994876419311186,0.18518720561686502,0.23328584353575765,0.23328584353575765,-6.321116146603471,0.014191121397494923,0.2190947221382628
175.0,-85.0,0.020015841432795084,-0.022237770221578888,-0.00912324632795636,-0.0005417427571479113,0.03128385272734208,0.0016310939753469698,0.0016310939753469698,-27.87521016397564,0.00013920856833139495,0.0014918854070155745,0.19417785420797262,0.19417785420797262,-7.118003024594456,0.01657244861088035,0.1776054055970922,0.22973154582351688,0.22973154582351688,-6.387793651166394,0.019606840610055624,0.2101247052134612
175.0,-80.0,0.019502686808287165,-0.02155921687868916,-0.010815265750807329,0.001318915239373705,0.031046161370348706,0.001606402381004736,0.001606402381004736,-27.94145660824634,0.00019784452341099098,0.0014085578575937445,0.19123837869104005,0.19123837869104005,-7.184249468865156,0.023552919453689404,0.16768545923735054,0.22625385647954027,0.22625385647954027,-6.454040095437094,0.02786542583253394,0.1983884306470063
175.0,-75.0,0.01885331124346766,-0.020737836921196,-0.012429413923678419,0.003078292401929515,0.030813494440116527,0.0015824151190851627,0.0015824151190851627,-28.00679576287916,0.0002732705863223952,0.001309144532762767,0.1883827522720432,0.1883827522720432,-7.249588623497976,0.032532212657428,0.15585053961461515,0.22287536888523418,0.22287536888523418,-6.519379250069913,0.038488814974985235,0.18438655391024888
175.0,-70.0,0.01807974198250417,-0.019788715269121782,-0.013956016714722165,0.004727744903224498,0.030587453254036483,0.00155928375896701,0.00155928375896701,-28.070748445675953,0.00036186143222509203,0.0011974223267419183,0.18562901892464406,0.18562901892464406,-7.313541306294773,0.04307874193155857,0.14255027699308553,0.21961743084042393,0.21961743084042393,-6.5833319328667095,0.050966398904942534,0.16865103193548145
175.0,-65.0,0.017194413113330063,-0.01872690625722536,-0.015387304046130462,0.006260877573052365,0.03036959950462923,0.0015371514095579605,0.0015371514095579605,-28.1328335234611,0.0004599353539944147,0.0010772160555635455,0.18299421542356673,0.18299421542356673,-7.375626384079917,0.0547542088088589,0.1282400066147078,0.2165001985292902,0.2165001985292902,-6.645417010651853,0.064779627323157,0.15172057120613316
175.0,-60.0,0.01620984736003203,-0.017567102729427173,-0.016717361012743112,0.007673387737257886,0.030161453684105947,0.0015161530947040555,0.0015161530947040555,-28.192569432763797,0.0005639051125675417,0.000952247982136514,0.1804944160361971,0.1804944160361971,-7.435362293382615,0.06713156101994545,0.11336285501625168,0.21354268939493737,0.21354268939493737,-6.705152919954552,0.07942325529120306,0.13411943410373436
175.0,-55.0,0.015138359497955266,-0.016323348948314508,-0.017942023810794454,0.008962862663747457,0.02996449189848021,0.0014964160370172842,0.0014964160370172842,-28.249476461362274,0.0006703994152576297,0.0008260166217596543,0.17814476631158147,0.17814476631158147,-7.492269321981093,0.07980945419733688,0.09833531211424457,0.21076282211511044,0.21076282211511044,-6.76205994855303,0.09442245285318729,0.11634036926192315
175.0,-50.0,0.01399179153603586,-0.015008803046640762,-0.01905872602363338,0.01012854017365026,0.029780140412259733,0.0014780597832070267,0.0014780597832070267,-28.303079996408947,0.0007763523159980306,0.0007017074672089959,0.17595949800083652,0.17595949800083652,-7.5458728570277644,0.09242289476167032,0.08353660323916619,0.20817743425451082,0.20817743425451082,-6.815663483599701,0.10934539661944093,0.09883203763506984
175.0,-45.0,0.012781288459094122,-0.013635552837693158,-0.020066302726172026,0.011171042437102895,0.02960976747787843,0.0014611961256997233,0.0014611961256997233,-28.352914879722082,0.0008790604471821143,0.0005821356785176092,0.17395191972615756,0.17395191972615756,-7.595707740340899,0.104650053235966,0.06930186649019157,0.20580227122531314,0.20580227122531314,-6.865498366912836,0.1238113305890302,0.08199094063628298
175.0,-40.0,0.011517121601820033,-0.012214486943268979,-0.020964761447978063,0.012092093077269684,0.029454672275182062,0.0014459287999580063,0.0014459287999580063,-28.398530919285268,0.0009762102306379733,0.0004697185693200328,0.17213438094738173,0.17213438094738173,-7.641323779904081,0.11621550364737777,0.05591887730000391,0.2036519436560572,0.2036519436560572,-6.911114406476019,0.1374943986814047,0.06615754497465251
175.0,-35.0,0.010208564726166386,-0.010755221454089178,-0.021755030208975616,0.012894227495050967,0.02931607109389658,0.0014323529623658077,0.0014323529623658077,-28.439499494029388,0.0010658789590032814,0.0003664740033625263,0.1705182098054533,0.1705182098054533,-7.6822923546482045,0.12689035226229542,0.04362785754315789,0.2017398538543391,0.2017398538543391,-6.9520829812201415,0.1501237970427157,0.05161605681162342
175.0,-30.0,0.008863825695242408,-0.009266080754071614,-0.022438693569396238,0.013580505851771509,0.02919508120879064,0.001420554477669888,0.001420554477669888,-28.475421066099997,0.0011465148363012196,0.00027403964136866836,0.1691136282940343,0.1691136282940343,-7.718213926718812,0.13648986146443093,0.03262376682960338,0.2000780954464631,0.2000780954464631,-6.98800455329075,0.1614809628593267,0.03859713258713639
175.0,-25.0,0.007490034382981485,-0.007754129746408215,-0.023017727900136484,0.014154237463590144,0.029092703192429507,0.0014106090657329796,0.0014106090657329796,-28.505933293492394,0.0012169017239985038,0.00019370734173447554,0.1679296506824976,0.1679296506824976,-7.7487261541112105,0.14486925285696475,0.0230603978255328,0.19867733320182812,0.19867733320182812,-7.018516780683147,0.17139460901387377,0.027282724187954296
175.0,-20.0,0.006093285229703422,-0.0062252535290633374,-0.023494246888127318,0.014618724524502538,0.029009802652813915,0.0014025813730454988,0.0014025813730454988,-28.530719330383135,0.0012761145085041963,0.0001264668645413032,0.16697397298160702,0.16697397298160702,-7.773512191001952,0.15191839386954717,0.015055579112059904,0.19754667225992942,0.19754667225992942,-7.043302817573888,0.17973443781749243,0.017812234442437066
175.0,-15.0,0.004678730740134943,-0.004684279579147358,-0.023870267671451735,0.014977032134897136,0.028947092544689107,0.001396524043809999,0.001396524043809999,-28.549515826954387,0.0013234707706884325,7.305327312156702e-05,0.16625286235833323,0.16625286235833323,-7.792308687573205,0.1575560441295753,0.00869681822875798,0.19669352729718295,0.19669352729718295,-7.062099314145142,0.1864043338997792,0.010289193397403805
175.0,-10.0,0.0032507203006553486,-0.003135136707448247,-0.024147506994870407,0.015231790611840936,0.028905117262480757,0.0013924768677694122,0.0013924768677694122,-28.56212010720512,0.0013584838942006046,3.3992973568808175e-05,0.1657710556868348,0.1657710556868348,-7.804912967823938,0.1617242731191196,0.004046782567715259,0.1961235025027341,0.1961235025027341,-7.074703594395874,0.191335759746564,0.004787742756170165
175.0,-5.0,0.001812977029742424,-0.0015810444165928086,-0.024327215443840516,0.015385035027539358,0.028884239668152224,0.0013904660772243085,0.0013904660772243085,-28.568396020202492,0.0013808219925008525,9.644084723455652e-06,0.16553167586003673,0.16553167586003673,-7.811188880821306,0.1643835705358158,0.0011481053242209111,0.195840292566804,0.195840292566804,-7.080979507393242,0.19448197077476792,0.0013583217920360075
175.0,0.0,0.0003688040176131039,-2.4725815774632028e-05,-0.024410056216743026,0.015438085884551093,0.028884632039420266,0.0013905038544100542,0.0013905038544100542,-28.5682780295466,0.0013902761468256833,2.2770758437107747e-07,0.16553617314405408,0.16553617314405408,-7.811070890165414,0.16550906509829563,2.7108045758461607e-05,0.19584561329719072,0.19584561329719072,-7.080861516737352,0.19581354180643426,3.2071490756489786e-05
175.0,5.0,-0.0010786897089396193,0.0015313631109087472,-0.02439603309658199,0.015391473800454636,0.02890627165625532,0.0013925880936614757,0.0013925880936614757,-28.56177322272047,0.0013867404906496644,5.847603011811121e-06,0.1657842968644614,0.1657842968644614,-7.804566083339285,0.16508815364876958,0.0006961432156918002,0.19613916812133458,0.19613916812133458,-7.074356709911223,0.195315562063333,0.0008236060580015663
175.0,10.0,-0.0025263538222358123,0.0030847953354714206,-0.024284470350651625,0.015244910041715421,0.028948941401863822,0.0013967024421033462,0.0013967024421033462,-28.54896107498653,0.0013702056898480387,2.649675225530714e-05,0.16627410025039835,0.16627410025039835,-7.791753935605346,0.1631197249819094,0.0031543752684889455,0.19671865381737272,0.19671865381737272,-7.061544562177281,0.19298671688000543,0.003731936937367203
175.0,15.0,-0.003970762549576044,0.004632933325686344,-0.024074045283582597,0.014997303710737625,0.029012235372915692,0.001402816619800384,0.001402816619800384,-28.529990974777032,0.0013407663709390837,6.205024886130094e-05,0.1670019785476648,0.1670019785476648,-7.77278383539585,0.15961504415941474,0.007386934388250112,0.1975798056056879,0.1975798056056879,-7.042574461967787,0.18884033393508223,0.008739471670605766
175.0,20.0,-0.005407992294273374,0.006172695969222461,-0.023762872157314853,0.014646825342139493,0.029095569112004054,0.0014108869973661728,0.0014108869973661728,-28.50507768942751,0.0012986420481165327,0.00011224494924964013,0.16796273778168724,0.16796273778168724,-7.747870550046324,0.15460024382339674,0.013362493958290492,0.19871647850227786,0.19871647850227786,-7.017661176618261,0.1829073307206384,0.015809147781639454
175.0,25.0,-0.006833421129989774,0.0077003395300703934,-0.023348634230125585,0.014191015594588454,0.02919819373242462,0.0014208573879474632,0.0014208573879474632,-28.474495102045626,0.0012442100942340814,0.00017664729371338162,0.16914968904136468,0.16914968904136468,-7.717287962664443,0.14812024931358114,0.021029439727783525,0.20012075886583988,0.20012075886583988,-6.987078589236379,0.17524085834282838,0.02487990052301149
175.0,30.0,-0.008241559490442094,0.009211260149097325,-0.022828758813409983,0.013626936626670144,0.02931921293549629,0.0014326599930900657,0.0014326599930900657,-28.43856866577902,0.001178048297562879,0.0002546116955271867,0.1705547610821507,0.1705547610821507,-7.681361526397836,0.14024384494796177,0.030310916134188893,0.20178309761831914,0.20178309761831914,-6.9511521529697715,0.1659222954313914,0.0358608021869277
175.0,35.0,-0.009625920260945851,0.010699825136655145,-0.022200628555956,0.012951362619073125,0.02945760174887526,0.0014462164297766417,0.0014462164297766417,-28.397667089611765,0.0011009835651083699,0.00034523286466827183,0.17216862259245735,0.17216862259245735,-7.64045995023058,0.1310694720367107,0.041099150555746644,0.20369245489811852,0.20369245489811852,-6.910250576802518,0.15506810776174224,0.048624347136376304
175.0,40.0,-0.010978935060623234,0.012159239888873468,-0.021461820696572823,0.012161004759366548,0.02961222575406535,0.0014614387600096522,0.0014614387600096522,-28.352193785597876,0.001014142415005401,0.00044729634500425126,0.17398080476305386,0.17398080476305386,-7.59498664621669,0.12073123988159534,0.05324956488145849,0.205836445071782,0.205836445071782,-6.864777272788627,0.14283695985991562,0.06299948521186637
175.0,45.0,-0.012291921821149205,0.013581456664981928,-0.020610364831173303,0.011252764858650812,0.0297818596235725,0.0014782304452935035,0.0014782304452935035,-28.302578573363306,0.0009189981083006978,0.0005592323369928058,0.1759798149158933,0.1759798149158933,-7.545371433982119,0.10940453670246401,0.06657527821342928,0.2082014711680991,0.2082014711680991,-6.815162060554055,0.1294363532817884,0.07876511788631069
175.0,50.0,-0.013555106867176024,0.014957130667481678,-0.019645008870577154,0.010224010651100339,0.029965203942298672,0.0014964871562908883,0.0014964871562908883,-28.24927006171555,0.0008174086881232652,0.0006790784681676229,0.17815323289177246,0.17815323289177246,-7.492062922334367,0.09731055810991253,0.08084267478185987,0.21077283891420961,0.21077283891420961,-6.761853548906305,0.11512798424271342,0.09564485467149618
175.0,55.0,-0.014757702644435485,0.016275627853092646,-0.018565482365189224,0.009072864778044358,0.030160899523833388,0.0015160973822637652,0.0015160973822637652,-28.19272902119871,0.0007116399189629175,0.0008044574633008475,0.1804877836028292,0.1804877836028292,-7.435521881817527,0.0847190379717759,0.0957687456310533,0.21353484257236127,0.21353484257236127,-6.705312508389464,0.10023097450181936,0.11330386807054191
175.0,60.0,-0.015888040095284942,0.017525087662658378,-0.017372746277521518,0.00779849852668785,0.030367538723892872,0.0015369428045984327,0.0015369428045984327,-28.13342293924766,0.0006043672491449384,0.0009325755554534946,0.18296938149981343,0.18296938149981343,-7.376215799866475,0.07194848204106409,0.11102089945874936,0.21647081754907502,0.21647081754907502,-6.6460064264384116,0.08512214776689271,0.13134866978218232
175.0,65.0,-0.016933752530135824,0.018692542397823964,-0.016069218614847173,0.006401420634930196,0.030583673570769566,0.0015588984222377309,0.0015588984222377309,-28.071821825012556,0.0004986515406165453,0.0010602468816211853,0.1855831455044918,0.1855831455044918,-7.314614685631369,0.05936327864482682,0.12621986685966494,0.2195631580616522,0.2195631580616522,-6.584405312203306,0.07023261135444298,0.1493305467072092
175.0,70.0,-0.017882005776657887,0.01976409331149621,-0.014658966096135154,0.004883750945598928,0.030807820846795276,0.001581832442341068,0.001581832442341068,-28.00839521609919,0.00039788447671264575,0.0011839479656284224,0.1883133859929843,0.1883133859929843,-7.251188076718002,0.047367199608648304,0.140946186384336,0.2227933017381786,0.2227933017381786,-6.520978703289938,0.05604006714262616,0.16675323459555244
175.0,75.0,-0.01871976750029599,0.02072514165419889,-0.013147853203090067,0.003249468451685808,0.031038464538701894,0.0016056059749115469,0.0016056059749115469,-27.943610243856142,0.00030570127973563675,0.0012999046951759098,0.19114356844185085,0.19114356844185085,-7.186403104474958,0.03639300949233771,0.1547505589495131,0.22614168660726008,0.22614168660726008,-6.456193731046895,0.0430565182726249,0.1830851683346352
175.0,80.0,-0.019434106970781607,0.021560670981929517,-0.011543641515239322,0.0015046233684463607,0.03127405630640246,0.001630072593393141,0.001630072593393141,-27.87793054364112,0.00022586059711766397,0.001404211996275477,0.1940562611182311,0.1940562611182311,-7.1207234042599366,0.026888166323531425,0.16716809479469968,0.22958768921030157,0.22958768921030157,-6.3905140308318735,0.03181135170671323,0.19777633750358833
175.0,85.0,-0.0200125152827474,0.022255575050257815,-0.009856034091407015,-0.00034249666281817347,0.031513014783337935,0.0016550778424235333,0.0016550778424235333,-27.811815754592697,0.0001620940345030902,0.001492983807920443,0.19703307647899204,0.19703307647899204,-7.054608615211512,0.0192969088694155,0.17773616760957656,0.23310955527092014,0.23310955527092014,-6.324399241783448,0.02283014570466059,0.21027940956625954
175.0,90.0,-0.02044323519188811,0.02279502367351962,-0.008096661751600448,-0.002281255267296685,0.031753724608328565,0.0016804587874159553,0.0016804587874159553,-27.745721339635065,0.00011793065018471538,0.0015625281372312397,0.20005461754951853,0.20005461754951853,-6.988514200253882,0.014039363117228025,0.18601525443229044,0.23668433625576837,0.23668433625576837,-6.258304826825819,0.016609950730241605,0.22007438552552672
175.0,95.0,-0.02071558934776581,0.023164857104613627,-0.006279010334550557,-0.004298618683190253,0.03199453609707917,0.0017060437072679729,0.0017060437072679729,-27.680098468014684,9.650454871503308e-05,0.0016095391585529395,0.20310044134142535,0.20310044134142535,-6.922891328633498,0.011488636751789655,0.19161180458963564,0.24028784609408066,0.24028784609408066,-6.192681955205435,0.013592189959863814,0.22669565613421683
175.0,100.0,-0.02082029581073149,0.023351997881026272,-0.0044182902463473315,-0.006379175862469973,0.03223376639592566,0.0017316520306254143,0.0017316520306254143,-27.615393734975818,0.00010035625800628904,0.0016312957726191254,0.2061490512649303,0.2061490512649303,-6.858186595594633,0.011947173572177268,0.19420187769275304,0.2438946522007626,0.2438946522007626,-6.127977222166569,0.014134684226237891,0.2297599679745247
175.0,105.0,-0.020749760325020142,0.02334486777511897,-0.0025312517609052954,-0.008505231419706367,0.03246970283146144,0.0017570946077151949,0.0017570946077151949,-27.55204854041137,0.00013124056972414888,0.0016258540379910456,0.20917792948990416,0.20917792948990416,-6.794841401030185,0.015623877348112963,0.19355405214179117,0.2474781137627035,0.2474781137627035,-6.064632027602121,0.018484587285091388,0.22899352647761204
175.0,110.0,-0.02049833584491432,0.02313379656240427,-0.000635951474393157,-0.01065697322703814,0.03270060899190101,0.0017821743943211138,0.0017821743943211138,-27.490498004194993,0.0001899547125717073,0.0015922196817494067,0.2121636183715612,0.2121636183715612,-6.73329086481381,0.022613656258536587,0.1895499621130246,0.25101047807339627,0.25101047807339627,-6.003081491385748,0.02675418486925455,0.22425629320414175
175.0,115.0,-0.020062541210585896,0.02271140884815687,0.0012485230425722741,-0.012812713947401586,0.03292473386650784,0.0018066876030440751,0.0018066876030440751,-27.431169354319238,0.0002762009070998009,0.0015304866959442746,0.21508185750524705,0.21508185750524705,-6.673962214938052,0.03288106036902392,0.1822007971362232,0.25446304268226405,0.25446304268226405,-5.94375284150999,0.03890153621123957,0.2155615064710246
175.0,120.0,-0.019441232556530533,0.022072975219644235,0.0031023620844738064,-0.014949203177252159,0.03314032414600192,0.0018304253510070864,0.0018304253510070864,-27.37447977957958,0.00038849639094022225,0.0014419289600668646,0.21790777988179602,0.21790777988179602,-6.617272640198396,0.046249570350026456,0.1716582095317696,0.25780638746578677,0.25780638746578677,-5.887063266770333,0.05471780154087637,0.2030885859249105
175.0,125.0,-0.01863572290390319,0.021216714545803744,0.004905366988777354,-0.01704200424077326,0.03334563956661054,0.0018531758043673898,0.0018531758043673898,-27.320833787140405,0.0005241418747541308,0.001329033929613259,0.22061616718659402,0.22061616718659402,-6.563626647759219,0.06239784223263463,0.15821832495395943,0.2610106766714633,0.2610106766714633,-5.833417274331155,0.07382279926114518,0.18718787741031814
175.0,130.0,-0.017649847326068623,0.0201440353309781,0.006637298098374204,-0.019065927152340352,0.03353897097816593,0.001874726790258943,0.001874726790258943,-27.27062014404739,0.0006792561710483497,0.0011954706192105935,0.22318176074511228,0.22318176074511228,-6.513413004666203,0.08086382988670829,0.142317930858404,0.2640460267970342,0.2640460267970342,-5.783203631238139,0.09566988324624642,0.1683761435507878
175.0,135.0,-0.016489972972899714,0.018859705621366827,0.008278227984729757,-0.02099550695481748,0.033718660644048874,0.0018948688179881398,0.0018948688179881398,-27.224208509180233,0.0008488806192365524,0.0010459881987515878,0.22557962118906427,0.22557962118906427,-6.467001369799049,0.10105721657578004,0.12452240461328426,0.26688293211100556,0.26688293211100556,-5.736791996370986,0.1195606505966975,0.14732228151430812
175.0,140.0,-0.015164954992434568,0.01737194301417498,0.009808890826673794,-0.022805514653678288,0.03388312414579048,0.0019133984251982455,0.0019133984251982455,-27.181945878145978,0.0010271521976726458,0.0008862462275256,0.22778552680931496,0.22778552680931496,-6.424738738764796,0.12228002353245783,0.10550550327685715,0.26949273594341483,0.26949273594341483,-5.694529365336733,0.1446693236158656,0.12482341232754927
175.0,145.0,-0.013686040915142993,0.015692418759211173,0.011211019581280695,-0.024471486394355327,0.0340308731719653,0.0019301217428242625,0.0019301217428242625,-27.144152969148738,0.00120753922880467,0.0007225825140195928,0.22977639795526936,0.22977639795526936,-6.386945829767557,0.14375467009579407,0.08602172785947533,0.27184813279214964,0.27184813279214964,-5.656736456339493,0.17007594771896759,0.10177218507318206
175.0,150.0,-0.012066727307269789,0.013836172680728351,0.012467663563377264,-0.025970255448908033,0.0341605384203769,0.0019448581561871444,0.0019448581561871444,-27.1111206746504,0.001383128752758099,0.0005617294034290463,0.23153073287942197,0.23153073287942197,-6.353913535269218,0.1646581848521547,0.06687254802726741,0.2739236839700203,0.2739236839700203,-5.623704161841154,0.19480686658564778,0.0791168173843727
175.0,155.0,-0.01032257342472513,0.011821438578595673,0.013563480175000352,-0.027280471043394334,0.03427089183233281,0.001957443929366746,0.001957443929366746,-27.083106693800488,0.0015469503799289761,0.0004104935494377706,0.23302903921032692,0.23302903921032692,-6.325899554419303,0.1841607595153543,0.048868279694972705,0.2756963280798234,0.2756963280798234,-5.595690180991239,0.21788033520126418,0.05781599287855924
175.0,160.0,-0.008470977206316396,0.009669382777797976,0.01448499570101549,-0.028383088101057424,0.03436086740384085,0.00196773565650444,0.00196773565650444,-27.060332446406296,0.0016923181148697005,0.0002754175416347399,0.2342542448219572,0.2342542448219572,-6.303125307025112,0.20146644224639293,0.032787802575564275,0.27714586711330147,0.27714586711330147,-5.572915933597047,0.238354664066155,0.038791203047146464
175.0,165.0,-0.006530919260882018,0.00740376146497868,0.015220831225687648,-0.029261812605682773,0.03442957987535466,0.001975613406993598,0.001975613406993598,-27.04298035272394,0.0018131695836521428,0.00016244382334145547,0.23519207226114267,0.23519207226114267,-6.285773213342754,0.21585352186335033,0.01933855039779232,0.278255409435718,0.278255409435718,-5.55556383991469,0.25537599769748487,0.022879411738233164
175.0,170.0,-0.004522680576418556,0.005050505262768194,0.015761890756887133,-0.029903488486655826,0.03447634068327386,0.001980983441340017,0.001980983441340017,-27.031191546304147,0.0019043815076695738,7.660193367044313e-05,0.23583136206428776,0.23583136206428776,-6.273984406922965,0.22671208424637784,0.009119277817909896,0.2790117523014108,0.2790117523014108,-5.543775033494903,0.26822274755909487,0.010789004742315934
175.0,175.0,-0.0024675395764866465,0.0026372420358301172,0.0161015095215109,-0.03029841365128405,0.034500670656853895,0.0019837803902189935,0.0019837803902189935,-27.025064070785234,0.0019620412405118707,2.1739149707122394e-05,0.23616433216892782,0.23616433216892782,-6.267856931404049,0.2335763381561751,0.002587994012752666,0.2794056887632385,0.2794056887632385,-5.537647557975985,0.2763438366918128,0.0030618520714256886
175.0,180.0,-0.00038745394438761044,0.000192771096684012,0.016235561095010235,-0.03044057497843894,0.03450230905812698,0.001983968810063012,0.001983968810063012,-27.02465159663695,0.0019836566819919025,3.121280711091994e-07,0.2361867631027395,0.2361867631027395,-6.267444457255764,0.23614960499903603,3.7158103703476124e-05,0.2794322267694383,0.2794322267694383,-5.537235083827699,0.27938826506928205,4.396170015622526e-05
180.0,-180.0,-0.0003772674448557723,0.0001068709114190756,0.02044362392338709,-0.02312389604814639,0.030867621866334644,0.0015879793881159062,0.0015879793881159062,-27.991551389905467,0.0015877231406251054,2.5624749080050276e-07,0.18904516525189363,0.18904516525189363,-7.234344250524282,0.18901465959822686,3.050565366672652e-05,0.2236590687487192,0.2236590687487192,-6.504134877096219,0.22362297755283178,3.609119588739475e-05
180.0,-175.0,0.001405947399168658,-0.001908916099959921,0.02039871078663071,-0.02304521705605094,0.030867621866334644,0.0015879793881159062,0.0015879793881159062,-27.991551389905467,0.0015786118608631695,9.367527252736378e-06,0.18904516525189363,0.18904516525189363,-7.234344250524282,0.18792998343609163,0.0011151818158019501,0.2236590687487192,0.2236590687487192,-6.504134877096219,0.22233969871312248,0.001319370035596673
180.0,-170.0,0.00317846213455116,-0.003910175107183163,0.02019855114370973,-0.02279115004707644,0.030867621866334637,0.0015879793881159057,0.0015879793881159057,-27.991551389905467,0.0015456602336008309,4.231915451507486e-05,0.18904516525189352,0.18904516525189352,-7.234344250524285,0.18400717066676556,0.0050379945851279605,0.22365906874871908,0.22365906874871908,-6.504134877096222,0.2176986244508212,0.005960444297897868
180.0,-165.0,0.004926786853881832,-0.005881675320812471,0.01984466833036648,-0.02236362862457102,0.030867621866334634,0.001587979388115905,0.001587979388115905,-27.991551389905467,0.0014898694773581266,9.810991075777823e-05,0.1890451652518935,0.1890451652518935,-7.234344250524286,0.1773654139712056,0.011679751280687886,0.22365906874871905,0.22365906874871905,-6.504134877096223,0.20984077145889107,0.013818297289827917
180.0,-160.0,0.006637615750379217,-0.007808412433797731,0.01933975560849079,-0.02176590648470448,0.03086762186633465,0.0015879793881159068,0.0015879793881159068,-27.991551389905464,0.00141293476603201,0.00017504462208389626,0.18904516525189372,0.18904516525189372,-7.2343442505242805,0.1682065197657155,0.020838645486178132,0.22365906874871927,0.22365906874871927,-6.504134877096218,0.19900489662422674,0.024654172124492432
180.0,-155.0,0.008297928383114246,-0.00967572281331345,0.01868765566877079,-0.02100253265387566,0.030867621866334665,0.0015879793881159081,0.0015879793881159081,-27.99155138990546,0.0013171937218952805,0.0002707856662206274,0.18904516525189383,0.18904516525189383,-7.234344250524279,0.15680877641610483,0.03223638883578898,0.22365906874871946,0.22365906874871946,-6.504134877096214,0.18552024252046204,0.03813882622825738
180.0,-150.0,0.009895088770427623,-0.01146939509985867,0.01789333138549643,-0.02007931686787488,0.03086762186633465,0.0015879793881159068,0.0015879793881159068,-27.991551389905464,0.0012055553881267249,0.0003824239999891823,0.18904516525189372,0.18904516525189372,-7.2343442505242805,0.14351849858651486,0.04552666666537885,0.22365906874871927,0.22365906874871927,-6.504134877096218,0.1697965335389753,0.05386253520974398
180.0,-145.0,0.01141694155738008,-0.01317577836428386,0.01696282804608953,-0.01900328535628657,0.030867621866334634,0.001587979388115905,0.001587979388115905,-27.991551389905467,0.0010814118390061788,0.0005065675491097263,0.1890451652518935,0.1890451652518935,-7.234344250524286,0.12873950464359274,0.06030566060830077,0.22365906874871905,0.22365906874871905,-6.504134877096223,0.15231152662058856,0.07134754212813046
180.0,-140.0,0.01285190452534309,-0.01478188599960437,0.01590322734281627,-0.0177826273686395,0.030867621866334627,0.0015879793881159044,0.0015879793881159044,-27.991551389905474,0.000948535113454004,0.0006394442746619001,0.1890451652518934,0.1890451652518934,-7.234344250524288,0.1129208468397624,0.07612431841213098,0.22365906874871894,0.22365906874871894,-6.504134877096225,0.13359649485267663,0.09006257389604228
180.0,-135.0,0.01418905673967612,-0.0162754945569211,0.01472259347683298,-0.01642663284927312,0.03086762186633464,0.001587979388115906,0.001587979388115906,-27.991551389905467,0.0008109626035372377,0.0007770167845786681,0.18904516525189355,0.18904516525189355,-7.234344250524285,0.09654316708776639,0.09250199816412717,0.2236590687487191,0.2236590687487191,-6.504134877096222,0.11422008500524473,0.10943898374347437
180.0,-130.0,0.01541822166463351,-0.01764523677324734,0.01342991178474601,-0.01494562173525166,0.030867621866334648,0.0015879793881159066,0.0015879793881159066,-27.991551389905464,0.00067287438035465,0.000915105007761257,0.18904516525189363,0.18904516525189363,-7.234344250524282,0.08010409289936309,0.1089410723525306,0.22365906874871921,0.22365906874871921,-6.504134877096219,0.0947710394865704,0.12888802926214885
180.0,-125.0,0.01653004461294626,-0.01888068808324389,0.01203502035477466,-0.01335086541541179,0.03086762186633464,0.001587979388115906,0.001587979388115906,-27.991551389905467,0.0005384661846916299,0.0010495132034242763,0.18904516525189355,0.18904516525189355,-7.234344250524285,0.06410311722519403,0.12494204802669956,0.2236590687487191,0.2236590687487191,-6.504134877096222,0.07584030770304645,0.1478187610456727
180.0,-120.0,0.01751606394064065,-0.0199724459564558,0.01054853515295949,-0.01165450094828768,0.030867621866334627,0.0015879793881159044,0.0015879793881159044,-27.991551389905474,0.0004118219415595705,0.0011761574465563344,0.1890451652518934,0.1890451652518934,-7.234344250524288,0.04902642161423459,0.14001874363765884,0.22365906874871894,0.22365906874871894,-6.504134877096225,0.05800309036050288,0.16565597838821608
180.0,-115.0,0.01836877544525818,-0.0209122014562465,0.008981769229250626,-0.00986943869176706,0.030867621866334637,0.0015879793881159057,0.0015879793881159057,-27.991551389905467,0.000296789672200962,0.0012911897159149435,0.18904516525189352,0.18904516525189352,-7.234344250524285,0.03533210383344786,0.15371306141844568,0.22365906874871908,0.22365906874871908,-6.504134877096222,0.041801362281825634,0.18185770646689342
180.0,-110.0,0.01908168947736745,-0.02169280247582269,0.007346646618366644,-0.008009264047472065,0.030867621866334655,0.001587979388115907,0.001587979388115907,-27.991551389905464,0.00019686457391112746,0.0013911148142047797,0.18904516525189374,0.18904516525189374,-7.2343442505242805,0.023436258798943746,0.16560890645294998,0.2236590687487193,0.2236590687487193,-6.504134877096217,0.027727404776215138,0.19593166397250417
180.0,-105.0,0.01964938033071482,-0.02230830817008558,0.005655611590690377,-0.006088134067649939,0.03086762186633464,0.001587979388115906,0.001587979388115906,-27.991551389905467,0.00011508282023706343,0.0014728965678788425,0.18904516525189355,0.18904516525189355,-7.234344250524285,0.013700335742507553,0.17534482950938604,0.2236590687487191,0.2236590687487191,-6.504134877096222,0.016208847920713157,0.207450220828006
180.0,-100.0,0.02006752753512522,-0.02275403416904938,0.003921533943857298,-0.004120669711457137,0.03086762186633465,0.0015879793881159068,0.0015879793881159068,-27.991551389905464,5.392930838059244e-05,0.001534050079735314,0.18904516525189372,0.18904516525189372,-7.2343442505242805,0.006420155759594339,0.1826250094922993,0.22365906874871927,0.22365906874871927,-6.504134877096218,0.007595677236703161,0.21606339151201606
180.0,-95.0,0.02033294873788889,-0.02302658822872523,0.002157611055824542,-0.002121844570631752,0.030867621866334637,0.0015879793881159057,0.0015879793881159057,-27.991551389905467,1.5262156854303764e-05,0.0015727172312616023,0.18904516525189352,0.18904516525189352,-7.234344250524285,0.0018169234350361627,0.1872282418168574,0.22365906874871908,0.22365906874871908,-6.504134877096222,0.002149599556944192,0.22150946919177494
180.0,-90.0,0.0204436239233871,-0.02312389604814639,0.000377267444855777,-0.0001068709114190757,0.030867621866334655,0.001587979388115907,0.001587979388115907,-27.991551389905464,2.562474908005086e-07,0.0015877231406251067,0.18904516525189374,0.18904516525189374,-7.2343442505242805,3.0505653666727215e-05,0.189014659598227,0.2236590687487193,0.2236590687487193,-6.504134877096217,3.6091195887395576e-05,0.2236229775528319
180.0,-85.0,0.02039871078663072,-0.02304521705605094,-0.00140594739916865,0.001908916099959921,0.03086762186633465,0.0015879793881159068,0.0015879793881159068,-27.991551389905464,9.36752725273634e-06,0.0015786118608631702,0.18904516525189372,0.18904516525189372,-7.2343442505242805,0.0011151818158019456,0.1879299834360917,0.22365906874871927,0.22365906874871927,-6.504134877096218,0.0013193700355966678,0.2223396987131226
180.0,-80.0,0.02019855114370975,-0.02279115004707643,-0.003178462134551167,0.00391017510718317,0.030867621866334648,0.0015879793881159066,0.0015879793881159066,-27.991551389905464,4.231915451507503e-05,0.0015456602336008317,0.18904516525189363,0.18904516525189363,-7.234344250524282,0.0050379945851279796,0.18400717066676567,0.22365906874871921,0.22365906874871921,-6.504134877096219,0.005960444297897891,0.21769862445082133
180.0,-75.0,0.0198446683303665,-0.02236362862457103,-0.00492678685388183,0.005881675320812464,0.030867621866334648,0.0015879793881159066,0.0015879793881159066,-27.991551389905464,9.810991075777804e-05,0.001489869477358129,0.18904516525189363,0.18904516525189363,-7.234344250524282,0.011679751280687862,0.17736541397120587,0.22365906874871921,0.22365906874871921,-6.504134877096219,0.013818297289827891,0.2098407714588914
180.0,-70.0,0.01933975560849081,-0.02176590648470447,-0.006637615750379224,0.007808412433797711,0.030867621866334648,0.0015879793881159066,0.0015879793881159066,-27.991551389905464,0.00017504462208389594,0.0014129347660320104,0.18904516525189363,0.18904516525189363,-7.234344250524282,0.020838645486178087,0.16820651976571555,0.22365906874871921,0.22365906874871921,-6.504134877096219,0.024654172124492387,0.19900489662422682
180.0,-65.0,0.01868765566877079,-0.02100253265387564,-0.00829792838311425,0.009675722813313423,0.030867621866334637,0.0015879793881159057,0.0015879793881159057,-27.991551389905467,0.0002707856662206267,0.0013171937218952792,0.18904516525189352,0.18904516525189352,-7.234344250524285,0.032236388835788894,0.1568087764161047,0.22365906874871908,0.22365906874871908,-6.504134877096222,0.038138826228257275,0.18552024252046184
180.0,-60.0,0.01789333138549642,-0.02007931686787488,-0.009895088770427633,0.01146939509985865,0.030867621866334644,0.0015879793881159062,0.0015879793881159062,-27.991551389905467,0.00038242399998918185,0.0012055553881267244,0.18904516525189363,0.18904516525189363,-7.234344250524282,0.045526666665378794,0.1435184985865148,0.2236590687487192,0.2236590687487192,-6.504134877096219,0.05386253520974391,0.16979653353897525
180.0,-55.0,0.01696282804608954,-0.01900328535628657,-0.0114169415573801,0.01317577836428386,0.030867621866334648,0.0015879793881159066,0.0015879793881159066,-27.991551389905464,0.0005065675491097273,0.0010814118390061794,0.18904516525189363,0.18904516525189363,-7.234344250524282,0.06030566060830087,0.1287395046435928,0.22365906874871921,0.22365906874871921,-6.504134877096219,0.07134754212813059,0.15231152662058867
180.0,-50.0,0.01590322734281629,-0.01778262736863951,-0.01285190452534311,0.01478188599960436,0.030867621866334644,0.0015879793881159062,0.0015879793881159062,-27.991551389905467,0.0006394442746619004,0.0009485351134540059,0.18904516525189363,0.18904516525189363,-7.234344250524282,0.076124318412131,0.11292084683976261,0.2236590687487192,0.2236590687487192,-6.504134877096219,0.0900625738960423,0.13359649485267686
180.0,-45.0,0.01472259347683299,-0.01642663284927312,-0.01418905673967612,0.01627549455692108,0.030867621866334637,0.0015879793881159057,0.0015879793881159057,-27.991551389905467,0.000777016784578667,0.0008109626035372381,0.18904516525189352,0.18904516525189352,-7.234344250524285,0.09250199816412702,0.09654316708776647,0.22365906874871908,0.22365906874871908,-6.504134877096222,0.10943898374347422,0.1142200850052448
180.0,-40.0,0.01342991178474601,-0.01494562173525167,-0.0154182216646335,0.01764523677324733,0.03086762186633464,0.001587979388115906,0.001587979388115906,-27.991551389905467,0.0009151050077612559,0.0006728743803546502,0.18904516525189355,0.18904516525189355,-7.234344250524285,0.10894107235253046,0.08010409289936311,0.2236590687487191,0.2236590687487191,-6.504134877096222,0.1288880292621487,0.09477103948657045
180.0,-35.0,0.01203502035477466,-0.01335086541541179,-0.01653004461294625,0.01888068808324389,0.030867621866334637,0.0015879793881159057,0.0015879793881159057,-27.991551389905467,0.0010495132034242754,0.0005384661846916299,0.18904516525189352,0.18904516525189352,-7.234344250524285,0.12494204802669948,0.06410311722519403,0.22365906874871908,0.22365906874871908,-6.504134877096222,0.1478187610456726,0.07584030770304645
180.0,-30.0,0.0105485351529595,-0.01165450094828769,-0.01751606394064066,0.01997244595645579,0.030867621866334634,0.001587979388115905,0.001587979388115905,-27.991551389905467,0.001176157446556334,0.00041182194155957134,0.1890451652518935,0.1890451652518935,-7.234344250524286,0.14001874363765882,0.049026421614234685,0.22365906874871905,0.22365906874871905,-6.504134877096223,0.16565597838821605,0.058003090360503
180.0,-25.0,0.008981769229250642,-0.009869438691767051,-0.0183687754452582,0.02091220145624648,0.030867621866334637,0.0015879793881159057,0.0015879793881159057,-27.991551389905467,0.001291189715914943,0.00029678967220096226,0.18904516525189352,0.18904516525189352,-7.234344250524285,0.15371306141844562,0.03533210383344789,0.22365906874871908,0.22365906874871908,-6.504134877096222,0.1818577064668934,0.04180136228182566
180.0,-20.0,0.007346646618366646,-0.008009264047472047,-0.01908168947736747,0.02169280247582267,0.03086762186633465,0.0015879793881159068,0.0015879793881159068,-27.991551389905464,0.0013911148142047795,0.00019686457391112703,0.18904516525189372,0.18904516525189372,-7.2343442505242805,0.16560890645294996,0.023436258798943697,0.22365906874871927,0.22365906874871927,-6.504134877096218,0.19593166397250414,0.027727404776215075
180.0,-15.0,0.005655611590690382,-0.006088134067649921,-0.01964938033071484,0.02230830817008557,0.030867621866334648,0.0015879793881159066,0.0015879793881159066,-27.991551389905464,0.0014728965678788431,0.00011508282023706313,0.18904516525189363,0.18904516525189363,-7.234344250524282,0.17534482950938612,0.013700335742507518,0.22365906874871921,0.22365906874871921,-6.504134877096219,0.2074502208280061,0.016208847920713115
180.0,-10.0,0.003921533943857315,-0.004120669711457126,-0.02006752753512524,0.02275403416904936,0.030867621866334644,0.0015879793881159062,0.0015879793881159062,-27.991551389905467,0.001534050079735314,5.3929308380592524e-05,0.18904516525189363,0.18904516525189363,-7.234344250524282,0.1826250094922993,0.006420155759594348,0.2236590687487192,0.2236590687487192,-6.504134877096219,0.21606339151201606,0.007595677236703172
180.0,-5.0,0.002157611055824543,-0.00212184457063174,-0.02033294873788891,0.02302658822872522,0.030867621866334644,0.0015879793881159062,0.0015879793881159062,-27.991551389905467,0.0015727172312616025,1.5262156854303692e-05,0.18904516525189363,0.18904516525189363,-7.234344250524282,0.1872282418168575,0.001816923435036154,0.2236590687487192,0.2236590687487192,-6.504134877096219,0.22150946919177497,0.002149599556944182
180.0,0.0,0.0003772674448557717,-0.0001068709114190715,-0.02044362392338712,0.02312389604814636,0.030867621866334644,0.0015879793881159062,0.0015879793881159062,-27.991551389905467,0.0015877231406251054,2.5624749080050054e-07,0.18904516525189363,0.18904516525189363,-7.234344250524282,0.18901465959822686,3.050565366672626e-05,0.2236590687487192,0.2236590687487192,-6.504134877096219,0.22362297755283178,3.6091195887394444e-05
180.0,5.0,-0.001405947399168662,0.001908916099959918,-0.02039871078663072,0.02304521705605092,0.030867621866334637,0.0015879793881159057,0.0015879793881159057,-27.991551389905467,0.0015786118608631685,9.367527252736375e-06,0.18904516525189352,0.18904516525189352,-7.234344250524285,0.1879299834360915,0.0011151818158019497,0.22365906874871908,0.22365906874871908,-6.504134877096222,0.2223396987131223,0.0013193700355966724
180.0,10.0,-0.003178462134551161,0.003910175107183167,-0.02019855114370974,0.02279115004707641,0.030867621866334623,0.001587979388115904,0.001587979388115904,-27.991551389905474,0.0015456602336008291,4.231915451507493e-05,0.18904516525189333,0.18904516525189333,-7.234344250524289,0.18400717066676536,0.005037994585127968,0.22365906874871885,0.22365906874871885,-6.5041348770962255,0.21769862445082097,0.005960444297897877
180.0,15.0,-0.004926786853881818,0.005881675320812465,-0.01984466833036649,0.022363628624571,0.030867621866334616,0.0015879793881159033,0.0015879793881159033,-27.991551389905474,0.0014898694773581257,9.810991075777792e-05,0.18904516525189324,0.18904516525189324,-7.234344250524291,0.17736541397120548,0.011679751280687848,0.22365906874871877,0.22365906874871877,-6.504134877096228,0.20984077145889096,0.013818297289827875
180.0,20.0,-0.006637615750379206,0.007808412433797723,-0.01933975560849081,0.02176590648470446,0.03086762186633464,0.001587979388115906,0.001587979388115906,-27.991551389905467,0.0014129347660320098,0.00017504462208389586,0.18904516525189355,0.18904516525189355,-7.234344250524285,0.16820651976571546,0.020838645486178083,0.2236590687487191,0.2236590687487191,-6.504134877096222,0.1990048966242267,0.024654172124492377
180.0,25.0,-0.00829792838311424,0.009675722813313444,-0.0186876556687708,0.02100253265387562,0.030867621866334637,0.0015879793881159057,0.0015879793881159057,-27.991551389905467,0.0013171937218952787,0.000270785666220627,0.18904516525189352,0.18904516525189352,-7.234344250524285,0.1568087764161046,0.03223638883578893,0.22365906874871908,0.22365906874871908,-6.504134877096222,0.18552024252046176,0.03813882622825732
180.0,30.0,-0.00989508877042762,0.01146939509985867,-0.01789333138549642,0.02007931686787486,0.030867621866334634,0.001587979388115905,0.001587979388115905,-27.991551389905467,0.001205555388126723,0.00038242399998918223,0.1890451652518935,0.1890451652518935,-7.234344250524286,0.14351849858651464,0.04552666666537884,0.22365906874871905,0.22365906874871905,-6.504134877096223,0.16979653353897506,0.05386253520974397
180.0,35.0,-0.01141694155738008,0.01317577836428387,-0.01696282804608953,0.01900328535628655,0.03086762186633463,0.0015879793881159049,0.0015879793881159049,-27.991551389905467,0.0010814118390061777,0.0005065675491097268,0.18904516525189344,0.18904516525189344,-7.234344250524288,0.12873950464359257,0.06030566060830082,0.22365906874871896,0.22365906874871896,-6.504134877096224,0.1523115266205884,0.07134754212813053
180.0,40.0,-0.01285190452534308,0.01478188599960437,-0.01590322734281628,0.01778262736863949,0.030867621866334616,0.0015879793881159033,0.0015879793881159033,-27.991551389905474,0.000948535113454004,0.0006394442746618996,0.18904516525189324,0.18904516525189324,-7.234344250524291,0.1129208468397624,0.07612431841213092,0.22365906874871877,0.22365906874871877,-6.504134877096228,0.13359649485267663,0.09006257389604219
180.0,45.0,-0.01418905673967611,0.01627549455692109,-0.01472259347683299,0.0164266328492731,0.030867621866334623,0.001587979388115904,0.001587979388115904,-27.991551389905474,0.000810962603537237,0.0007770167845786673,0.18904516525189333,0.18904516525189333,-7.234344250524289,0.09654316708776632,0.09250199816412705,0.22365906874871885,0.22365906874871885,-6.5041348770962255,0.11422008500524465,0.10943898374347426
180.0,50.0,-0.0154182216646335,0.01764523677324733,-0.01342991178474601,0.01494562173525163,0.030867621866334623,0.001587979388115904,0.001587979388115904,-27.991551389905474,0.0006728743803546483,0.0009151050077612559,0.18904516525189333,0.18904516525189333,-7.234344250524289,0.08010409289936289,0.10894107235253046,0.22365906874871885,0.22365906874871885,-6.5041348770962255,0.09477103948657016,0.1288880292621487
180.0,55.0,-0.01653004461294626,0.01888068808324389,-0.01203502035477467,0.01335086541541176,0.03086762186633463,0.0015879793881159049,0.0015879793881159049,-27.991551389905467,0.000538466184691629,0.0010495132034242763,0.18904516525189344,0.18904516525189344,-7.234344250524288,0.06410311722519393,0.12494204802669956,0.22365906874871896,0.22365906874871896,-6.504134877096224,0.07584030770304634,0.1478187610456727
180.0,60.0,-0.01751606394064065,0.0199724459564558,-0.01054853515295951,0.01165450094828768,0.030867621866334634,0.001587979388115905,0.001587979388115905,-27.991551389905467,0.00041182194155957134,0.0011761574465563344,0.1890451652518935,0.1890451652518935,-7.234344250524286,0.049026421614234685,0.14001874363765884,0.22365906874871905,0.22365906874871905,-6.504134877096223,0.058003090360503,0.16565597838821608
180.0,65.0,-0.01836877544525817,0.02091220145624651,-0.008981769229250649,0.00986943869176705,0.03086762186633464,0.001587979388115906,0.001587979388115906,-27.991551389905467,0.00029678967220096237,0.0012911897159149435,0.18904516525189355,0.18904516525189355,-7.234344250524285,0.035332103833447905,0.15371306141844568,0.2236590687487191,0.2236590687487191,-6.504134877096222,0.04180136228182568,0.18185770646689342
180.0,70.0,-0.01908168947736744,0.02169280247582268,-0.00734664661836667,0.008009264047472054,0.030867621866334648,0.0015879793881159066,0.0015879793881159066,-27.991551389905464,0.00019686457391112784,0.0013911148142047782,0.18904516525189363,0.18904516525189363,-7.234344250524282,0.02343625879894379,0.16560890645294982,0.22365906874871921,0.22365906874871921,-6.504134877096219,0.027727404776215183,0.19593166397250397
180.0,75.0,-0.01964938033071482,0.02230830817008559,-0.005655611590690392,0.006088134067649928,0.030867621866334655,0.001587979388115907,0.001587979388115907,-27.991551389905464,0.00011508282023706349,0.0014728965678788438,0.18904516525189374,0.18904516525189374,-7.2343442505242805,0.013700335742507558,0.17534482950938615,0.2236590687487193,0.2236590687487193,-6.504134877096217,0.016208847920713164,0.20745022082800613
180.0,80.0,-0.02006752753512522,0.02275403416904939,-0.003921533943857319,0.004120669711457126,0.030867621866334655,0.001587979388115907,0.001587979388115907,-27.991551389905464,5.392930838059258e-05,0.0015340500797353148,0.18904516525189374,0.18904516525189374,-7.2343442505242805,0.006420155759594356,0.18262500949229937,0.2236590687487193,0.2236590687487193,-6.504134877096217,0.007595677236703181,0.21606339151201615
180.0,85.0,-0.02033294873788889,0.02302658822872524,-0.00215761105582456,0.002121844570631731,0.030867621866334648,0.0015879793881159066,0.0015879793881159066,-27.991551389905464,1.526215685430375e-05,0.0015727172312616027,0.18904516525189363,0.18904516525189363,-7.234344250524282,0.0018169234350361612,0.1872282418168575,0.22365906874871921,0.22365906874871921,-6.504134877096219,0.0021495995569441903,0.22150946919177503
180.0,90.0,-0.0204436239233871,0.02312389604814639,-0.0003772674448558007,0.0001068709114190634,0.030867621866334655,0.001587979388115907,0.001587979388115907,-27.991551389905464,2.562474908005341e-07,0.0015877231406251067,0.18904516525189374,0.18904516525189374,-7.2343442505242805,3.0505653666730248e-05,0.189014659598227,0.2236590687487193,0.2236590687487193,-6.504134877096217,3.609119588739917e-05,0.2236229775528319
180.0,95.0,-0.02039871078663071,0.02304521705605094,0.001405947399168635,-0.001908916099959933,0.03086762186633464,0.001587979388115906,0.001587979388115906,-27.991551389905467,9.367527252736346e-06,0.0015786118608631695,0.18904516525189355,0.18904516525189355,-7.234344250524285,0.001115181815801946,0.18792998343609163,0.2236590687487191,0.2236590687487191,-6.504134877096222,0.0013193700355966682,0.22233969871312248
180.0,100.0,-0.02019855114370974,0.02279115004707644,0.003178462134551146,-0.003910175107183175,0.030867621866334644,0.0015879793881159062,0.0015879793881159062,-27.991551389905467,4.231915451507486e-05,0.0015456602336008317,0.18904516525189363,0.18904516525189363,-7.234344250524282,0.0050379945851279605,0.18400717066676567,0.2236590687487192,0.2236590687487192,-6.504134877096219,0.005960444297897868,0.21769862445082133
180.0,105.0,-0.0198446683303665,0.02236362862457104,0.004926786853881818,-0.005881675320812478,0.030867621866334658,0.0015879793881159075,0.0015879793881159075,-27.991551389905464,9.810991075777816e-05,0.0014898694773581296,0.18904516525189374,0.18904516525189374,-7.2343442505242805,0.011679751280687876,0.1773654139712059,0.22365906874871933,0.22365906874871933,-6.504134877096217,0.013818297289827908,0.2098407714588915
180.0,110.0,-0.01933975560849081,0.02176590648470448,0.006637615750379195,-0.00780841243379773,0.03086762186633465,0.0015879793881159068,0.0015879793881159068,-27.991551389905464,0.00017504462208389586,0.0014129347660320113,0.18904516525189372,0.18904516525189372,-7.2343442505242805,0.02083864548617808,0.16820651976571563,0.22365906874871927,0.22365906874871927,-6.504134877096218,0.024654172124492373,0.19900489662422688
180.0,115.0,-0.0186876556687708,0.02100253265387566,0.00829792838311422,-0.009675722813313444,0.030867621866334658,0.0015879793881159075,0.0015879793881159075,-27.991551389905464,0.0002707856662206265,0.001317193721895281,0.18904516525189374,0.18904516525189374,-7.2343442505242805,0.03223638883578887,0.1568087764161049,0.22365906874871933,0.22365906874871933,-6.504134877096217,0.038138826228257254,0.1855202425204621
180.0,120.0,-0.01789333138549644,0.02007931686787489,0.009895088770427614,-0.01146939509985867,0.03086762186633466,0.0015879793881159081,0.0015879793881159081,-27.99155138990546,0.0003824239999891819,0.001205555388126726,0.18904516525189383,0.18904516525189383,-7.234344250524279,0.0455266666653788,0.143518498586515,0.2236590687487194,0.2236590687487194,-6.504134877096215,0.053862535209743934,0.16979653353897547
180.0,125.0,-0.01696282804608955,0.01900328535628657,0.01141694155738009,-0.01317577836428387,0.030867621866334655,0.001587979388115907,0.001587979388115907,-27.991551389905464,0.0005065675491097273,0.00108141183900618,0.18904516525189374,0.18904516525189374,-7.2343442505242805,0.06030566060830087,0.12873950464359288,0.2236590687487193,0.2236590687487193,-6.504134877096217,0.07134754212813059,0.15231152662058875
180.0,130.0,-0.0159032273428163,0.01778262736863951,0.01285190452534309,-0.01478188599960439,0.030867621866334655,0.001587979388115907,0.001587979388115907,-27.991551389905464,0.0006394442746619012,0.0009485351134540063,0.18904516525189374,0.18904516525189374,-7.2343442505242805,0.07612431841213109,0.11292084683976265,0.2236590687487193,0.2236590687487193,-6.504134877096217,0.09006257389604243,0.13359649485267694
180.0,135.0,-0.01472259347683299,0.01642663284927312,0.0141890567396761,-0.0162754945569211,0.030867621866334637,0.0015879793881159057,0.0015879793881159057,-27.991551389905467,0.0007770167845786673,0.0008109626035372381,0.18904516525189352,0.18904516525189352,-7.234344250524285,0.09250199816412707,0.09654316708776647,0.22365906874871908,0.22365906874871908,-6.504134877096222,0.10943898374347426,0.1142200850052448
180.0,140.0,-0.01342991178474602,0.01494562173525168,0.01541822166463349,-0.01764523677324735,0.030867621866334658,0.0015879793881159075,0.0015879793881159075,-27.991551389905464,0.0009151050077612565,0.000672874380354651,0.18904516525189374,0.18904516525189374,-7.2343442505242805,0.10894107235253055,0.08010409289936324,0.22365906874871933,0.22365906874871933,-6.504134877096217,0.1288880292621488,0.09477103948657058
180.0,145.0,-0.01203502035477467,0.01335086541541179,0.01653004461294626,-0.01888068808324391,0.03086762186633466,0.0015879793881159081,0.0015879793881159081,-27.99155138990546,0.0010495132034242774,0.0005384661846916304,0.18904516525189383,0.18904516525189383,-7.234344250524279,0.1249420480266997,0.0641031172251941,0.2236590687487194,0.2236590687487194,-6.504134877096215,0.14781876104567288,0.07584030770304653
180.0,150.0,-0.0105485351529595,0.01165450094828769,0.01751606394064065,-0.01997244595645582,0.030867621866334648,0.0015879793881159066,0.0015879793881159066,-27.991551389905464,0.0011761574465563353,0.00041182194155957134,0.18904516525189363,0.18904516525189363,-7.234344250524282,0.14001874363765895,0.049026421614234685,0.22365906874871921,0.22365906874871921,-6.504134877096219,0.16565597838821622,0.058003090360503
180.0,155.0,-0.008981769229250647,0.009869438691767056,0.01836877544525819,-0.02091220145624652,0.03086762186633466,0.0015879793881159081,0.0015879793881159081,-27.99155138990546,0.0012911897159149453,0.0002967896722009626,0.18904516525189383,0.18904516525189383,-7.234344250524279,0.15371306141844587,0.03533210383344793,0.2236590687487194,0.2236590687487194,-6.504134877096215,0.1818577064668937,0.04180136228182572
180.0,160.0,-0.007346646618366651,0.00800926404747206,0.01908168947736745,-0.0216928024758227,0.03086762186633466,0.0015879793881159081,0.0015879793881159081,-27.99155138990546,0.0013911148142047804,0.0001968645739111275,0.18904516525189383,0.18904516525189383,-7.234344250524279,0.16560890645295007,0.023436258798943753,0.2236590687487194,0.2236590687487194,-6.504134877096215,0.19593166397250428,0.02772740477621514
180.0,165.0,-0.005655611590690383,0.006088134067649939,0.01964938033071482,-0.02230830817008561,0.030867621866334665,0.0015879793881159081,0.0015879793881159081,-27.99155138990546,0.001472896567878845,0.00011508282023706355,0.18904516525189383,0.18904516525189383,-7.234344250524279,0.17534482950938635,0.013700335742507567,0.22365906874871946,0.22365906874871946,-6.504134877096214,0.20745022082800632,0.016208847920713174
180.0,170.0,-0.003921533943857307,0.004120669711457131,0.02006752753512522,-0.02275403416904938,0.03086762186633465,0.0015879793881159068,0.0015879793881159068,-27.991551389905464,0.001534050079735314,5.392930838059248e-05,0.18904516525189372,0.18904516525189372,-7.2343442505242805,0.1826250094922993,0.0064201557595943435,0.22365906874871927,0.22365906874871927,-6.504134877096218,0.21606339151201606,0.007595677236703166
180.0,175.0,-0.002157611055824541,0.002121844570631749,0.02033294873788888,-0.02302658822872525,0.03086762186633465,0.0015879793881159068,0.0015879793881159068,-27.991551389905464,0.0015727172312616031,1.5262156854303736e-05,0.18904516525189372,0.18904516525189372,-7.2343442505242805,0.18722824181685752,0.0018169234350361595,0.22365906874871927,0.22365906874871927,-6.504134877096218,0.22150946919177505,0.0021495995569441886
180.0,180.0,-0.0003772674448557772,0.0001068709114190813,0.02044362392338709,-0.02312389604814639,0.030867621866334644,0.0015879793881159062,0.0015879793881159062,-27.991551389905467,0.0015877231406251054,2.562474908005109e-07,0.18904516525189363,0.18904516525189363,-7.234344250524282,0.18901465959822686,3.0505653666727486e-05,0.2236590687487192,0.2236590687487192,-6.504134877096219,0.22362297755283178,3.60911958873959e-05
